0.168736,0.225613,-0.637631
-0.212827,-0.048304,-0.427929
-0.178587,0.207764,0.394353
0.168736,0.225613,-0.637631
0.299465,-0.013137,0.519472
-0.061686,0.947739,0.140913
-0.108959,0.994040,-0.003401
-0.235403,0.263741,-0.415979
0.190318,0.054371,-0.557731
-0.259813,0.098838,0.631204
0.327078,0.060423,-0.528064
0.271853,0.077278,0.531379
0.072092,0.039879,-0.544101
-0.080308,0.811841,0.332258
0.253650,0.095900,0.550354
0.156167,-0.271282,0.501999
-0.311415,-0.120605,0.505334
-0.213048,-0.378000,-0.563983
0.107679,-0.052722,0.514480
-0.263016,-0.285685,-0.573260
0.309980,-0.055948,-0.543196
-0.194271,0.114323,0.515385
0.229903,0.242335,-0.459253
0.127118,-0.260502,-0.609422
-0.049846,0.293452,-0.572686
-0.135511,-0.223280,-0.533388
0.218174,-0.552401,-0.461330
-0.018279,0.866161,-0.370495
0.319501,-0.433137,0.427047
-0.151902,-0.519973,0.452738
-0.207216,0.316558,-0.532593
-0.239578,0.290867,-0.552010
0.229903,0.242335,-0.459253
-0.064956,0.364339,0.465417
-0.229085,0.139793,0.539618
0.151086,-0.565810,-0.521415
-0.005798,0.720653,0.491462
0.231560,-0.182568,0.497161
-0.063652,0.681598,0.512491
-0.325111,0.060114,-0.393579
0.214926,0.146575,-0.553357
-0.213048,-0.378000,-0.563983
-0.139134,0.264160,-0.568842
-0.085146,0.982774,0.090327
-0.355794,-0.082191,-0.512535
-0.108959,0.994040,-0.003401
-0.287006,-0.172672,-0.595262
-0.121020,0.122121,-0.659787
0.256014,0.040940,0.616978
-0.111433,0.933359,0.180101
-0.329374,-0.223258,-0.423732
0.250337,-0.370555,0.472420
0.105315,-0.081638,-0.528241
0.095750,-0.449218,0.396209
-0.259813,0.098838,0.631204
-0.088548,-0.246828,0.516689
0.136749,0.317552,-0.550397
-0.012889,-0.001142,0.630696
-0.064448,0.662490,-0.535641
0.231560,-0.182568,0.497161
0.232112,-0.237749,-0.612227
0.124975,-0.395164,0.470343
0.045937,-0.023055,-0.560448
0.026785,-0.562386,-0.313900
-0.306290,-0.172208,-0.360157
-0.055148,0.924589,-0.284741
-0.109335,-0.231697,-0.613199
-0.284907,0.019137,0.540237
-0.056738,0.039747,-0.539352
0.311129,0.098396,-0.535287
-0.355794,-0.082191,-0.512535
0.009311,-0.257918,0.485541
-0.109335,-0.231697,-0.613199
-0.212098,-0.144021,-0.376592
0.014724,0.963556,-0.045704
-0.028794,0.836847,-0.215975
0.162263,0.216755,0.549735
-0.056738,0.039747,-0.539352
0.039774,0.840514,0.363184
-0.051878,-0.551120,-0.461507
-0.015120,-0.010928,-0.642270
0.229903,0.242335,-0.459253
-0.135003,0.759244,0.453864
-0.028794,0.836847,-0.215975
0.238982,-0.080026,0.618767
0.249365,0.140036,-0.552496
0.229903,0.242335,-0.459253
-0.281240,0.031463,-0.554727
-0.281240,-0.229598,-0.503831
0.084970,0.255656,-0.567716
0.129349,-0.204725,0.603900
0.002773,-0.533713,0.467450
-0.118701,-0.491764,-0.313260
0.121927,-0.144573,-0.544322
0.167190,-0.298475,-0.494774
0.151483,-0.438350,-0.586006
-0.039596,-0.582333,0.444542
-0.276513,-0.117601,-0.518587
0.025503,0.553519,-0.576640
-0.117861,-0.333643,-0.402769
-0.091022,0.361468,0.498530
-0.129878,0.001465,-0.562989
0.059368,-0.356749,0.474231
0.000232,0.866183,-0.166515
0.372584,-0.196529,-0.476594
-0.201693,-0.138984,-0.625415
-0.070257,-0.129044,0.589785
0.180819,-0.390260,0.339636
0.229903,0.242335,-0.459253
-0.305031,-0.072537,-0.605181
-0.005997,0.218257,0.479445
-0.325111,0.060114,-0.393579
0.082341,-0.547563,-0.554020
-0.056738,0.039747,-0.539352
0.057424,-0.093876,-0.575492
-0.312277,0.197780,0.425125
-0.259813,0.098838,0.631204
-0.041142,0.102814,-0.657247
-0.325111,0.060114,-0.393579
-0.075802,-0.406430,0.467693
0.229903,0.242335,-0.459253
0.258046,-0.361476,0.306324
0.107679,-0.052722,0.514480
0.087312,-0.545399,0.292916
-0.240152,0.062345,0.529412
0.059368,-0.356749,0.474231
0.000232,0.866183,-0.166515
-0.278633,-0.140111,0.336544
-0.227141,-0.226064,0.507963
-0.135511,-0.223280,-0.533388
-0.191068,-0.300883,0.481587
-0.127426,-0.210866,-0.508868
-0.101736,-0.335609,0.493538
-0.057379,-0.111195,-0.548254
-0.110682,0.218809,-0.436810
-0.314243,-0.178658,0.354348
0.084683,-0.455470,-0.490621
0.172823,-0.447826,-0.312950
0.239623,-0.210468,-0.522873
0.096590,-0.504863,0.454748
-0.000033,-0.475638,-0.487948
0.084683,-0.455470,-0.490621
0.084970,0.255656,-0.567716
0.067099,-0.603827,0.385959
0.266043,-0.488870,0.509399
0.250337,-0.370555,0.472420
-0.049846,0.293452,-0.572686
0.123959,-0.084643,0.545737
-0.281240,-0.229598,-0.503831
-0.040546,0.880011,-0.307317
0.132265,0.214657,0.549470
0.327078,0.060423,-0.528064
0.011984,-0.118617,0.615233
0.129349,-0.204725,0.603900
-0.321621,0.186933,0.527601
0.130741,0.290558,-0.588834
-0.067894,0.344635,0.419050
0.332954,-0.020493,-0.574652
-0.348129,-0.138277,-0.519957
-0.005997,0.218257,0.479445
-0.129812,-0.546282,-0.478648
-0.012889,-0.001142,0.630696
-0.091022,0.361468,0.498530
0.246427,-0.282239,0.326647
-0.344484,-0.167282,-0.496652
-0.090006,-0.176957,0.574057
0.162263,0.216755,0.549735
-0.276513,-0.117601,-0.518587
-0.118458,-0.493244,-0.469128
-0.101515,0.299195,0.629680
0.008582,-0.294190,0.513949
0.185502,-0.142430,0.531180
-0.194779,0.327294,0.491992
-0.117707,0.980190,0.111732
0.107745,-0.518758,0.555302
0.172823,-0.447826,-0.312950
0.148413,0.215319,-0.396517
0.063035,-0.119346,0.555148
-0.229085,0.139793,0.539618
-0.229085,0.139793,0.539618
-0.064956,0.364339,0.465417
-0.031931,-0.352331,-0.597317
0.161645,-0.571730,0.342817
-0.355286,-0.006311,0.531688
0.124975,-0.395164,0.470343
0.223895,-0.039203,-0.394065
-0.213048,-0.378000,-0.563983
-0.122699,0.158570,-0.554926
0.024576,0.051057,-0.551259
0.094138,0.032325,0.555523
0.087002,-0.134125,-0.536745
-0.305031,-0.072537,-0.605181
0.029833,0.289255,0.638140
-0.008471,0.412717,-0.596234
0.253253,0.093360,0.611433
0.172756,-0.157739,0.500430
-0.213048,-0.378000,-0.563983
-0.003655,0.658138,0.525127
-0.135003,0.907535,-0.214495
-0.090006,-0.176957,0.574057
0.267655,-0.222816,0.596323
0.095750,-0.449218,0.396209
-0.111279,0.965014,-0.033334
0.232333,-0.070196,0.373302
0.052674,0.340614,-0.592899
0.208167,0.132658,0.538668
0.345987,-0.188555,-0.509243
-0.008869,0.981869,-0.110782
-0.090006,-0.176957,0.574057
-0.194271,0.114323,0.515385
0.208167,0.132658,0.538668
-0.008825,0.056292,-0.544035
0.039774,0.840514,0.363184
0.107745,-0.518758,0.555302
0.297941,-0.094362,0.508780
-0.240152,0.062345,0.529412
0.254423,0.172266,0.579115
-0.191201,0.328951,-0.481785
-0.325111,0.060114,-0.393579
0.014392,-0.339209,0.480836
-0.041142,0.102814,-0.657247
-0.281240,0.031463,-0.554727
0.087002,-0.134125,-0.536745
0.308478,-0.009271,-0.599702
0.232112,-0.237749,-0.612227
-0.056738,0.039747,-0.539352
-0.098643,-0.385731,-0.339348
0.032219,-0.457657,0.414257
-0.118701,-0.491764,-0.313260
0.039774,0.840514,0.363184
0.246427,-0.282239,0.326647
0.094115,-0.482839,-0.470497
0.022477,-0.488516,0.456891
0.025746,0.369243,0.567010
-0.130276,-0.353502,0.323532
-0.183800,0.058877,-0.558328
-0.348129,-0.138277,-0.519957
0.025503,0.553519,-0.576640
-0.069550,0.805413,0.392542
-0.353961,-0.066109,-0.541870
-0.207216,0.316558,-0.532593
0.007831,-0.550303,0.538381
-0.063652,0.681598,0.512491
0.094005,0.050615,-0.540722
-0.088548,-0.246828,0.516689
-0.329374,-0.223258,-0.423732
0.002773,-0.533713,0.467450
-0.240152,0.062345,0.529412
-0.229085,0.139793,0.539618
0.008428,-0.602435,0.389869
0.231560,-0.182568,0.497161
-0.111279,0.965014,-0.033334
-0.213512,-0.432275,0.511586
0.002773,-0.533713,0.467450
-0.191201,0.328951,-0.481785
0.156167,-0.271282,0.501999
-0.053999,-0.534088,0.450882
0.231560,-0.182568,0.497161
-0.287006,-0.172672,-0.595262
0.309980,-0.055948,-0.543196
-0.015739,0.755555,0.467803
0.119497,0.092631,-0.546266
-0.100388,0.266414,0.647065
-0.084947,0.254220,-0.567517
0.299465,-0.013137,0.519472
-0.227141,-0.226064,0.507963
0.093784,-0.433269,0.573814
-0.194779,0.327294,0.491992
0.060141,0.192080,-0.559344
0.220118,-0.023519,-0.547481
0.035400,0.332242,0.410833
-0.012889,-0.001142,0.630696
-0.124776,-0.038960,-0.564601
0.275343,-0.226483,0.326272
-0.053999,-0.534088,0.450882
-0.052298,0.962209,0.044313
-0.015739,0.755555,0.467803
0.239623,-0.210468,-0.522873
-0.312564,-0.173335,0.560140
0.014724,0.963556,-0.045704
-0.229085,0.139793,0.539618
-0.026718,0.115516,0.646048
0.022853,-0.464173,-0.472949
-0.005798,0.720653,0.491462
-0.041142,0.102814,-0.657247
-0.348129,-0.138277,-0.519957
0.308478,-0.009271,-0.599702
-0.176930,-0.406673,-0.570786
0.067099,-0.603827,0.385959
0.289922,-0.426311,-0.540169
-0.329374,-0.223258,-0.423732
-0.111279,0.965014,-0.033334
0.156167,-0.271282,0.501999
0.130741,0.290558,-0.588834
-0.091022,0.361468,0.498530
-0.034560,0.799846,0.397733
-0.117972,-0.535370,0.467229
-0.012779,0.405096,-0.580064
-0.007256,0.282031,0.393890
-0.259813,0.098838,0.631204
-0.084947,0.254220,-0.567517
-0.227141,-0.226064,0.507963
-0.088548,-0.246828,0.516689
-0.100388,0.266414,0.647065
0.275343,-0.226483,0.326272
0.095750,-0.449218,0.396209
0.262685,-0.217139,-0.521989
-0.229085,0.139793,0.539618
0.008339,-0.194320,0.520245
-0.008802,-0.464372,0.476573
-0.256344,-0.384052,-0.510745
-0.281726,-0.288115,-0.554462
-0.114835,-0.030301,-0.528307
0.232112,-0.237749,-0.612227
-0.129878,0.001465,-0.562989
-0.124157,-0.288159,0.499790
0.239667,-0.170220,0.608120
-0.352503,-0.128359,-0.497933
-0.031931,-0.352331,-0.597317
-0.018169,-0.190896,0.533543
0.029833,0.289255,0.638140
0.230721,-0.529560,0.338708
0.330944,-0.015147,-0.548586
-0.117972,-0.535370,0.467229
0.305695,-0.090452,-0.538667
0.094138,0.032325,0.555523
-0.148876,0.157554,0.651593
-0.189367,-0.491079,0.422077
-0.006107,-0.551076,0.536238
0.049339,-0.599497,-0.493603
0.014304,0.889554,0.323289
0.002773,-0.533713,0.467450
-0.013331,0.146685,0.540524
0.239623,-0.210468,-0.522873
0.084683,-0.455470,-0.490621
0.232333,-0.070196,0.373302
-0.183800,0.058877,-0.558328
0.082341,-0.547563,-0.554020
0.057313,-0.074393,0.510680
0.186121,0.115604,0.552938
-0.033168,0.052427,-0.540965
-0.121020,0.122121,-0.659787
-0.006836,-0.390127,0.579491
0.025746,0.369243,0.567010
-0.049404,-0.124294,-0.602419
0.266043,-0.488870,0.509399
-0.240152,0.062345,0.529412
-0.028794,0.836847,-0.215975
-0.072687,0.461293,0.582495
0.187910,-0.020029,-0.641077
0.127118,-0.260502,-0.609422
0.018987,-0.598106,0.442466
-0.064448,0.662490,-0.535641
0.345987,-0.188555,-0.509243
0.345987,-0.188555,-0.509243
-0.191201,0.328951,-0.481785
-0.117707,0.980190,0.111732
-0.080308,0.811841,0.332258
-0.212098,-0.144021,-0.376592
0.151749,0.264381,-0.624775
-0.271233,-0.368832,-0.431464
-0.246824,0.029298,-0.537916
-0.041076,-0.074393,-0.553379
-0.213048,-0.378000,-0.563983
0.253650,0.095900,0.550354
0.117575,-0.280361,0.500806
-0.051348,0.165396,0.542976
-0.064448,0.662490,-0.535641
-0.348129,-0.138277,-0.519957
0.359020,-0.276694,0.384413
-0.231095,0.299063,0.530141
0.275387,0.103123,-0.603612
-0.110682,0.218809,-0.436810
-0.056738,0.039747,-0.539352
-0.202908,-0.333223,0.477346
-0.011210,0.914030,0.232808
0.090493,-0.113205,0.535443
0.189810,-0.038430,0.532660
-0.285901,0.175513,-0.573680
-0.063652,0.681598,0.512491
0.289746,-0.048128,-0.527733
-0.064006,0.624936,0.522056
0.148413,0.215319,-0.396517
0.359020,-0.276694,0.384413
-0.061686,0.947739,0.140913
-0.120247,0.910849,-0.035432
-0.114835,-0.030301,-0.528307
-0.285901,0.175513,-0.573680
-0.014215,0.275051,-0.586780
-0.194912,0.122231,0.439616
-0.348858,-0.022437,-0.531112
-0.042910,-0.426863,0.385341
-0.032284,-0.481072,-0.470718
0.305695,-0.090452,-0.538667
-0.117972,-0.535370,0.467229
0.111655,0.165572,0.432989
-0.035046,0.892956,0.274978
-0.250623,0.028437,-0.554307
-0.246824,0.029298,-0.537916
-0.067894,0.344635,0.419050
0.002706,-0.221336,-0.614569
-0.008802,-0.464372,0.476573
-0.006196,0.026316,0.522189
-0.306158,-0.037723,0.516247
-0.060957,0.209333,-0.560051
-0.281240,-0.229598,-0.503831
-0.273619,0.266016,0.506858
-0.000033,-0.475638,-0.487948
0.121485,-0.505901,0.454593
0.052674,0.340614,-0.592899
-0.009509,-0.601176,0.426119
-0.246824,0.029298,-0.537916
-0.355794,-0.082191,-0.512535
0.368762,-0.185462,0.512690
0.039774,0.958210,0.142438
-0.005997,0.218257,0.479445
0.280711,-0.494326,0.379177
-0.069550,0.805413,0.392542
0.266043,-0.488870,0.509399
0.002773,-0.533713,0.467450
0.171475,-0.544316,0.466058
-0.124003,0.186050,-0.575072
-0.213048,-0.378000,-0.563983
-0.212827,-0.048304,-0.427929
-0.005312,0.902565,0.304204
0.018987,-0.598106,0.442466
0.039774,0.858407,0.352117
0.187910,-0.020029,-0.641077
-0.088548,-0.246828,0.516689
0.039774,0.840514,0.363184
0.330944,-0.015147,-0.548586
-0.008471,0.412717,-0.596234
-0.281240,-0.229598,-0.503831
0.008582,-0.294190,0.513949
-0.080308,0.811841,0.332258
-0.030539,-0.561193,0.309086
-0.127029,-0.395473,0.485652
0.063035,-0.119346,0.555148
0.002706,-0.221336,-0.614569
-0.091022,0.361468,0.498530
-0.116227,-0.448600,-0.491527
-0.337261,0.126119,0.537961
-0.281859,0.254308,0.523161
-0.310995,0.010831,-0.375532
0.142294,-0.574425,-0.344893
-0.190715,-0.252064,-0.347256
-0.010680,-0.553903,0.299631
0.012492,0.897219,0.312046
-0.325111,0.060114,-0.393579
-0.212827,-0.048304,-0.427929
-0.090006,-0.176957,0.574057
-0.121020,0.122121,-0.659787
-0.275762,-0.047266,0.531489
0.218174,-0.552401,-0.461330
-0.353784,-0.068583,0.408204
0.084970,0.255656,-0.567716
-0.064956,0.364339,0.465417
-0.140349,0.331557,0.581369
0.026785,-0.562386,-0.313900
0.162263,0.216755,0.549735
-0.256344,-0.384052,-0.510745
-0.064956,0.364339,0.465417
-0.284907,0.019137,0.540237
-0.159479,-0.157297,0.503059
0.256014,0.040940,0.616978
0.082341,-0.547563,-0.554020
-0.085146,0.982774,0.090327
-0.299398,-0.191824,-0.525325
-0.191068,-0.300883,0.481587
0.172756,-0.157739,0.500430
-0.194271,0.114323,0.515385
-0.348129,-0.138277,-0.519957
-0.124157,-0.288159,0.499790
0.057313,-0.074393,0.510680
0.365360,-0.073377,-0.441537
0.052674,0.340614,-0.592899
0.327431,-0.396842,-0.506747
0.233835,0.072948,-0.378094
-0.061686,0.947739,0.140913
0.258046,-0.361476,0.306324
-0.033168,0.052427,-0.540965
0.233835,0.072948,-0.378094
0.105315,-0.081638,-0.528241
-0.248812,-0.080711,0.510570
-0.103105,0.881535,0.111114
0.119497,0.092631,-0.546266
-0.091088,-0.415553,-0.495857
-0.040546,0.880011,-0.307317
-0.085345,0.938528,-0.251142
0.008428,-0.602435,0.389869
0.305695,-0.090452,-0.538667
-0.060935,-0.235121,-0.542312
-0.321621,0.186933,0.527601
0.182167,0.035263,0.483089
0.039774,0.945906,-0.089398
-0.080308,0.811841,0.332258
0.220118,-0.023519,-0.547481
-0.064956,0.364339,0.465417
0.327078,0.060423,-0.528064
-0.061686,0.947739,0.140913
-0.353784,-0.068583,0.408204
-0.134076,0.694255,-0.495614
-0.248812,-0.080711,0.510570
0.299465,-0.013137,0.519472
0.032219,-0.457657,0.414257
0.327431,-0.396842,-0.506747
-0.059853,-0.450963,0.302989
0.232333,-0.070196,0.373302
0.156167,-0.271282,0.501999
0.082341,-0.547563,-0.554020
0.232333,-0.070196,0.373302
-0.008802,-0.464372,0.476573
