-0.160644,-0.394253,0.541527
-0.064484,0.002693,-0.587956
0.038775,0.733295,-0.051568
-0.050092,0.191055,0.572548
0.054350,0.281471,0.590209
0.038646,0.560185,-0.501004
0.152661,-0.206127,-0.521569
0.048778,0.651139,-0.355838
-0.010273,0.618311,-0.289796
0.168666,-0.284841,-0.574425
-0.149114,-0.123477,0.545808
0.089845,-0.321089,-0.686612
0.056953,-0.310570,0.492092
-0.017329,0.021688,-0.467509
-0.053040,-0.343914,-0.522796
-0.007735,-0.066770,-0.673339
-0.126526,-0.142773,0.472429
0.185338,-0.154670,0.425748
0.085952,-0.305385,-0.530239
0.056630,-0.430157,0.611227
0.015972,0.717892,-0.234444
-0.236927,-0.296006,-0.540888
0.014423,0.675599,-0.137424
0.030858,0.301327,0.586552
-0.110865,0.030336,-0.587956
0.025115,-0.207934,-0.673339
-0.108348,-0.116700,-0.587956
-0.075348,0.635865,0.332449
0.162901,-0.066168,-0.455333
-0.005132,0.496293,-0.549449
-0.072078,0.672587,-0.326496
-0.150361,-0.083399,0.553445
-0.030000,-0.321756,0.492092
-0.051943,0.294637,0.565212
-0.205433,-0.203115,0.427533
0.034924,0.764660,0.180722
0.056953,-0.310570,0.492092
0.222297,-0.188358,-0.577932
-0.069389,-0.262059,0.558457
0.010465,-0.422305,0.580636
-0.074487,-0.149227,-0.587956
0.038646,0.560185,-0.501004
-0.173121,-0.366846,-0.576039
-0.136378,-0.323004,-0.668327
0.007797,-0.467050,-0.572618
-0.048823,-0.283292,0.558457
-0.095548,-0.156972,-0.521569
0.070893,-0.025574,0.529437
-0.002572,0.796025,-0.046964
-0.047446,-0.168911,0.492092
-0.133582,-0.075827,-0.575845
0.147799,0.054817,-0.596992
-0.017802,0.009061,-0.564400
-0.072422,0.115633,0.485487
0.101634,-0.082991,0.477936
0.059040,0.427260,-0.543469
0.119747,-0.162780,0.492092
-0.021223,-0.566265,0.613916
0.081305,-0.046484,-0.543620
-0.011607,0.646170,0.170073
-0.025289,0.361260,0.544668
0.239915,-0.225080,0.558457
0.052823,-0.414797,-0.532627
-0.075348,0.456732,0.522510
0.052392,-0.435104,-0.457828
-0.108348,-0.116700,-0.587956
0.006356,0.626142,0.360587
0.185338,-0.154670,0.425748
-0.052760,0.741728,-0.041070
-0.102604,-0.464770,0.503837
-0.075348,0.611621,-0.403875
0.030858,0.301327,0.586552
0.084144,-0.095618,-0.673339
0.134914,-0.433190,-0.491194
-0.074810,-0.415270,0.557446
0.182434,-0.236201,-0.523785
0.069688,0.687258,-0.206220
-0.094644,0.018117,-0.587956
-0.114178,-0.090563,0.517670
-0.036088,0.096121,-0.468800
-0.237142,-0.277828,0.458984
0.045057,0.603984,0.388316
-0.087115,-0.314485,-0.538457
-0.204874,-0.329199,-0.587956
-0.072078,0.672587,-0.326496
0.205431,-0.340751,-0.587956
-0.223805,-0.091553,-0.587956
-0.115017,-0.179581,0.492092
-0.205433,-0.203115,0.427533
0.017198,0.604565,-0.395163
0.171915,-0.378290,0.538859
-0.075348,0.456732,0.522510
0.183854,0.029476,0.488736
0.185898,-0.222907,0.623059
0.222297,-0.188358,-0.577932
0.183854,0.029476,0.488736
0.045401,-0.227381,-0.658818
0.064611,-0.076150,-0.673339
-0.066248,-0.437750,-0.587956
0.147799,0.054817,-0.596992
0.057620,0.761046,0.018992
0.163783,-0.256165,0.556628
-0.037228,-0.000491,-0.558270
-0.055234,0.142265,0.558457
0.031031,0.439759,-0.537682
0.161395,-0.154046,-0.672887
-0.217824,-0.275203,-0.467982
0.161481,-0.305837,0.501815
0.058179,0.501241,0.517670
0.045401,-0.227381,-0.658818
0.041873,-0.112979,-0.587956
0.064977,-0.440203,-0.581073
-0.222944,-0.028694,-0.541318
0.158663,-0.185798,0.432997
-0.118674,-0.086325,-0.521569
0.160255,-0.162651,0.558457
0.152661,-0.206127,-0.521569
0.228256,-0.259951,-0.587956
0.233010,-0.153551,0.446421
-0.116458,0.054107,0.558457
0.183854,0.029476,0.488736
-0.048823,-0.283292,0.558457
-0.190267,-0.075074,0.556263
-0.075348,0.729293,0.053649
-0.082533,-0.362350,-0.578964
0.217155,-0.176247,-0.627324
-0.054352,0.272845,0.591801
0.029503,-0.487465,0.484067
-0.124633,-0.224864,-0.508813
0.060739,0.114536,0.513475
0.102279,-0.146108,0.558457
0.023179,-0.194726,-0.587956
0.109335,0.068585,-0.614137
-0.095785,-0.463307,0.466040
-0.074487,-0.149227,-0.587956
0.154103,-0.262640,-0.670887
0.232386,-0.126661,0.576076
0.058781,0.721721,0.195307
-0.158536,-0.416754,0.522037
0.060739,0.114536,0.513475
-0.191127,-0.026456,0.437665
0.027503,-0.164286,0.558457
0.027503,-0.164286,0.558457
-0.145715,-0.125951,0.492092
0.024405,0.172189,-0.593033
0.000117,0.161217,-0.587956
-0.096817,-0.394274,-0.587376
0.079089,-0.153981,0.558457
-0.058095,0.095712,0.542516
-0.187943,-0.127457,-0.560077
0.228256,-0.259951,-0.587956
0.079950,-0.272106,0.558457
-0.003561,-0.365125,-0.521569
-0.137153,-0.010344,0.540107
0.029890,0.604092,0.383669
0.147799,0.054817,-0.596992
0.206980,-0.149292,-0.459614
-0.184846,-0.319605,-0.459313
0.186307,-0.289186,-0.638188
-0.255320,-0.145183,0.499126
-0.133517,-0.059284,-0.676931
0.120866,-0.179990,-0.587956
-0.027375,0.336091,0.557575
-0.075348,0.761282,-0.127227
0.152661,-0.206127,-0.521569
0.060739,0.114536,0.513475
0.172065,-0.385196,0.450379
-0.002572,0.796025,-0.046964
-0.021201,0.755151,-0.095001
0.065838,0.627626,-0.445652
-0.039121,-0.289466,-0.673339
0.066375,0.573910,0.415615
-0.110865,0.030336,-0.587956
0.011325,0.056194,-0.455656
-0.168281,-0.031748,0.427684
-0.255320,-0.145183,0.499126
-0.063860,0.357023,-0.586601
-0.062268,-0.157574,-0.521569
0.006055,-0.443172,-0.638769
-0.082533,-0.362350,-0.578964
-0.004852,0.629584,0.217508
-0.039874,0.102854,0.580055
0.219651,-0.029511,0.502159
0.060739,0.114536,0.513475
-0.023546,-0.207310,0.492092
0.054909,0.144438,0.558457
0.011325,0.056194,-0.455656
-0.021223,-0.566265,0.613916
-0.191127,-0.026456,0.437665
-0.052265,0.200972,-0.633068
-0.050200,0.763649,-0.001423
-0.022320,-0.398706,0.630868
0.135602,-0.009741,-0.455720
-0.058095,0.095712,0.542516
-0.034109,0.743126,0.141505
0.003796,0.629175,-0.385891
-0.138659,-0.267480,-0.469015
0.069688,0.623861,0.366653
0.243271,-0.123434,0.515777
-0.075348,0.706533,0.168051
-0.191127,-0.026456,0.437665
-0.012661,0.279707,0.567966
-0.082533,-0.362350,-0.578964
0.042776,0.524109,0.501127
0.038646,0.560185,-0.501004
-0.117361,-0.250184,0.485487
0.067967,-0.375042,-0.676566
-0.072917,0.008329,-0.521569
0.130719,-0.437729,-0.587956
0.052823,-0.414797,-0.532627
-0.029935,0.220247,-0.630981
0.060438,-0.402771,-0.521569
-0.025289,0.361260,0.544668
0.121318,0.085795,-0.590172
-0.008853,0.736522,0.251476
0.089845,-0.321089,-0.686612
-0.010682,0.353430,-0.583848
-0.118674,-0.086325,-0.521569
0.069688,0.623861,0.366653
-0.160967,-0.343677,-0.587956
0.056996,0.544653,0.484283
0.112433,-0.076645,-0.587956
-0.029935,0.220247,-0.630981
0.043164,0.695799,-0.103241
-0.002830,0.360938,0.575538
-0.147199,-0.335266,0.558220
-0.130075,-0.009935,-0.659012
0.065838,0.438189,-0.538414
0.019952,-0.467696,0.558457
-0.059450,-0.408408,-0.521569
-0.102604,-0.464770,0.503837
0.065838,0.438189,-0.538414
-0.016275,0.640899,-0.369864
-0.073648,-0.055627,0.644743
-0.021201,0.755151,-0.095001
0.154103,-0.262640,-0.670887
-0.002701,0.492141,0.482734
-0.030000,-0.321756,0.492092
0.233655,-0.158520,0.558457
0.172367,0.042792,0.485896
-0.147199,-0.335266,0.558220
0.093782,-0.420971,-0.460302
-0.021201,0.755151,-0.095001
-0.075348,0.456732,0.522510
0.025631,0.404242,-0.554161
0.010465,-0.422305,0.580636
0.050026,0.049160,0.626285
-0.243854,-0.137094,-0.484998
0.055963,0.022205,-0.583116
-0.222750,-0.217206,0.434374
-0.062376,0.547493,0.437300
0.232386,-0.126661,0.576076
0.103828,-0.351357,-0.587956
0.006356,0.626142,0.360587
-0.034109,0.743126,0.141505
-0.075348,0.706533,0.168051
-0.075348,0.706533,0.168051
-0.011069,-0.363382,0.587305
0.188802,-0.139869,-0.649890
0.135602,-0.009741,-0.455720
-0.229290,-0.085594,-0.479362
0.069688,0.442470,-0.551515
-0.003023,0.250063,-0.602908
-0.024988,-0.342343,0.558457
-0.063409,0.047331,0.513539
-0.094644,0.018117,-0.587956
-0.069475,-0.482216,0.486068
-0.032840,0.772662,-0.190086
-0.075348,0.772383,-0.043436
0.048864,-0.006622,-0.632422
0.045057,-0.118873,-0.673339
0.052392,-0.435104,-0.457828
0.056845,-0.251841,-0.674673
0.103635,0.075276,0.539892
-0.002034,0.613170,-0.314427
0.048499,0.765133,-0.013255
-0.177187,-0.276494,0.505020
0.154103,-0.262640,-0.670887
0.108905,-0.212581,0.645969
-0.074810,-0.415270,0.557446
0.127556,-0.358348,0.492092
0.120350,-0.147807,0.492092
-0.052265,0.200972,-0.633068
0.019952,-0.467696,0.558457
0.070785,0.010717,-0.587956
0.088942,0.059335,0.602471
-0.071390,0.594002,0.443775
0.183381,-0.135180,0.425769
-0.046737,0.054860,-0.523290
0.060739,0.114536,0.513475
-0.011241,0.663121,0.132233
-0.137153,-0.164372,-0.558248
0.112950,-0.050141,0.546496
-0.187943,-0.127457,-0.560077
0.243271,-0.123434,0.515777
-0.062268,-0.157574,-0.521569
-0.059450,-0.408408,-0.521569
0.024405,0.172189,-0.593033
-0.021201,0.755151,-0.095001
0.064977,-0.440203,-0.581073
-0.075348,0.706533,0.168051
0.066375,0.573910,0.415615
-0.058095,0.095712,0.542516
0.157738,0.046879,-0.552160
0.038646,0.560185,-0.501004
-0.028365,0.660841,-0.401057
0.081305,-0.046484,-0.543620
-0.075348,0.772383,-0.043436
0.161481,-0.305837,0.501815
0.103828,-0.351357,-0.587956
-0.013758,0.486957,-0.515761
0.034924,0.764660,0.180722
0.024878,0.749235,-0.141597
-0.074810,-0.415270,0.557446
0.050026,0.049160,0.626285
0.183854,0.029476,0.488736
-0.003023,0.250063,-0.602908
0.079089,-0.153981,0.558457
-0.021223,-0.566265,0.613916
0.037054,0.432273,0.549702
0.052823,-0.414797,-0.532627
-0.252330,-0.113689,0.488348
0.034924,0.764660,0.180722
-0.029935,0.220247,-0.630981
-0.062376,0.547493,0.437300
-0.062268,-0.157574,-0.521569
0.157738,0.046879,-0.552160
0.043723,0.090055,0.591973
-0.010682,0.353430,-0.583848
0.132375,-0.038094,0.636203
0.120178,0.080654,-0.553236
0.005775,-0.360693,-0.506554
-0.002830,0.360938,0.575538
0.089845,-0.321089,-0.686612
-0.201561,-0.371901,-0.587956
-0.089008,-0.404600,0.558457
0.070785,0.010717,-0.587956
-0.114092,-0.294564,-0.481212
0.055189,-0.343548,0.469848
0.023910,0.752892,-0.239801
-0.084942,-0.435513,-0.626356
-0.046737,0.054860,-0.523290
0.161653,-0.122616,-0.670134
0.000117,0.161217,-0.587956
-0.072422,0.115633,0.485487
-0.073648,-0.055627,0.644743
0.228256,-0.259951,-0.587956
-0.205261,-0.261887,0.605225
0.023351,0.739748,-0.043393
0.080444,-0.183432,-0.521569
-0.190267,-0.075074,0.556263
0.055189,-0.343548,0.469848
0.147799,0.054817,-0.596992
0.112950,-0.050141,0.546496
-0.188159,-0.016367,0.544280
-0.010639,0.655119,0.149551
0.154038,-0.324811,0.426135
-0.085437,-0.424090,-0.584321
0.186995,-0.274042,-0.457054
-0.037379,0.558916,-0.457398
0.111078,-0.387476,-0.456344
-0.005110,0.781074,-0.164766
0.073754,-0.027984,-0.559173
-0.007735,-0.066770,-0.673339
0.042432,0.741835,-0.267616
-0.005669,-0.408623,-0.668305
-0.095548,-0.156972,-0.521569
0.186307,-0.289186,-0.638188
0.023523,0.049375,-0.587956
0.163783,-0.256165,0.556628
0.108905,-0.212581,0.645969
-0.008552,-0.154003,-0.521569
-0.130850,-0.298673,0.436418
0.136462,-0.164587,-0.478459
-0.016555,-0.767018,0.621381
-0.087115,-0.314485,-0.538457
0.023910,0.752892,-0.239801
0.000117,0.161217,-0.587956
-0.222944,-0.028694,-0.541318
0.058781,0.721721,0.195307
-0.082533,-0.362350,-0.578964
0.027503,-0.164286,0.558457
-0.145715,-0.312635,0.558457
-0.008853,0.736522,0.251476
0.100601,0.020720,-0.654085
0.121447,-0.235233,0.657134
0.183854,0.029476,0.488736
0.152661,-0.206127,-0.521569
-0.039874,0.102854,0.580055
-0.072422,0.115633,0.485487
-0.102604,-0.464770,0.503837
0.043250,0.519677,-0.534240
0.136462,-0.164587,-0.478459
0.069688,0.666757,-0.248879
-0.205261,-0.261887,0.605225
0.143626,-0.433900,-0.530992
-0.050200,0.763649,-0.001423
-0.243854,-0.137094,-0.484998
-0.021137,0.786172,-0.124645
0.052823,-0.414797,-0.532627
-0.005669,-0.408623,-0.668305
-0.168281,-0.031748,0.427684
0.128546,-0.424671,0.446571
-0.075348,0.502919,-0.508511
0.011325,0.056194,-0.455656
-0.173831,-0.337245,-0.583783
0.055963,0.022205,-0.583116
-0.054954,-0.124015,-0.587956
0.112304,-0.366824,-0.455978
-0.188159,-0.016367,0.544280
-0.013758,0.486957,-0.515761
-0.236927,-0.296006,-0.540888
0.046175,0.684053,-0.310792
-0.128268,-0.340386,0.556456
0.043981,0.693217,0.078087
-0.229290,-0.085594,-0.479362
0.087049,0.099929,0.564007
-0.236927,-0.296006,-0.540888
0.159975,-0.318658,0.620735
-0.039121,-0.289466,-0.673339
-0.029935,0.220247,-0.630981
-0.030000,-0.321756,0.492092
0.038646,0.560185,-0.501004
-0.005669,-0.408623,-0.668305
-0.118674,-0.086325,-0.521569
-0.048501,-0.231404,-0.521569
-0.034324,-0.004664,0.492092
0.015972,0.717892,-0.234444
-0.051943,0.294637,0.565212
-0.173121,-0.366846,-0.576039
-0.048565,-0.116120,0.643861
0.069688,0.666757,-0.248879
-0.063860,0.357023,-0.586601
0.112950,-0.050141,0.546496
0.042432,0.741835,-0.267616
0.011325,0.056194,-0.455656
-0.055320,0.329831,-0.588193
0.042776,0.524109,0.501127
0.208206,-0.072643,0.558457
-0.089008,-0.404600,0.558457
0.239915,-0.225080,0.558457
-0.007735,-0.066770,-0.673339
-0.059450,-0.408408,-0.521569
-0.173831,-0.337245,-0.583783
0.024878,-0.164071,-0.673339
0.021113,0.702403,0.243882
-0.242757,-0.240439,-0.485321
0.176045,-0.083077,0.558457
0.029890,0.604092,0.383669
0.069688,0.398541,0.540882
0.161395,-0.154046,-0.672887
0.160836,-0.300975,0.558177
-0.016275,0.640899,-0.369864
0.222297,-0.188358,-0.577932
0.137968,-0.260704,-0.576082
-0.192095,-0.165598,0.554025
0.185338,-0.154670,0.425748
-0.046048,-0.006622,0.569493
0.233655,-0.158520,0.558457
0.160836,-0.300975,0.558177
-0.207412,-0.122272,0.429168
-0.048823,-0.283292,0.558457
-0.020879,-0.788509,0.614669
0.063471,0.171522,0.574699
-0.209821,-0.002104,-0.523075
0.187447,-0.177408,0.558436
-0.069475,-0.482216,0.486068
-0.190611,-0.097554,-0.586644
0.038775,0.733295,-0.051568
-0.021201,0.755151,-0.095001
-0.045790,-0.203072,0.643861
0.073776,-0.148238,0.492092
-0.011241,0.663121,0.132233
0.073754,-0.027984,-0.559173
0.069688,0.642470,-0.328797
-0.034109,0.743126,0.141505
-0.016275,0.640899,-0.369864
-0.017329,0.021688,-0.467509
-0.052265,0.200972,-0.633068
0.070785,0.010717,-0.587956
-0.032840,0.772662,-0.190086
-0.236927,-0.296006,-0.540888
-0.063193,0.609427,0.309022
0.045315,-0.185131,0.643861
0.161653,-0.122616,-0.670134
0.143432,-0.320852,-0.660819
0.167483,-0.069201,0.426049
0.027503,-0.164286,0.558457
-0.133582,-0.075827,-0.575845
0.069688,0.623861,0.366653
0.133386,-0.215313,0.492092
0.016252,-0.496350,0.610646
0.176045,-0.083077,0.558457
0.056953,-0.310570,0.492092
0.120178,0.080654,-0.553236
0.109335,0.068585,-0.614137
0.211175,-0.025424,0.565169
0.103635,0.075276,0.539892
-0.153352,-0.046291,0.558457
0.232386,-0.126661,0.576076
-0.072422,0.115633,0.485487
0.059513,-0.264404,0.643861
0.024878,0.749235,-0.141597
0.031267,-0.325370,0.558457
-0.082533,-0.362350,-0.578964
0.161137,-0.101061,0.556628
-0.008552,-0.154003,-0.521569
-0.189127,-0.165404,0.492092
-0.119147,-0.095231,-0.554849
-0.100711,-0.424757,-0.581223
-0.223805,-0.091553,-0.587956
-0.075348,0.731509,0.068105
