-0.179006,-0.116661,-0.708662
0.183183,-0.506982,0.717922
0.262396,-0.196263,0.715827
0.101143,0.375930,0.620314
-0.128529,0.725035,0.171637
0.247909,-0.528787,-0.601663
-0.067128,-0.379171,-0.587867
-0.080686,0.583126,0.406641
0.159931,-0.235642,-0.708683
0.011869,-0.146628,-0.575734
0.173641,-0.583776,-0.529359
-0.271971,-0.566397,0.645423
0.092723,0.749367,0.171961
-0.233476,-0.547765,-0.566062
0.004572,0.756362,-0.109591
0.206565,-0.404236,-0.587867
0.199527,-0.636671,0.712978
0.132793,0.646017,-0.046095
-0.181834,-0.609252,0.668438
0.152785,-0.626373,-0.587911
-0.075353,-0.114394,-0.577569
0.152785,-0.626373,-0.587911
0.070269,-0.294323,0.717900
0.006148,0.045844,-0.649614
-0.225553,-0.170139,-0.587824
-0.146923,-0.130932,-0.628650
-0.130601,0.402140,0.607447
0.226125,-0.454065,-0.575777
0.079812,0.307641,0.527630
-0.116590,-0.654310,-0.587911
0.298926,-0.364749,-0.587846
-0.066631,0.239591,-0.569991
0.125172,0.103230,0.613600
0.101143,0.375930,0.620314
0.226730,-0.229856,-0.682841
-0.097137,0.248809,0.672972
-0.066631,0.239591,-0.569991
-0.233476,-0.547765,-0.566062
0.074220,-0.046797,0.717857
-0.103679,0.513348,0.552588
-0.253317,-0.349852,-0.708705
0.089743,-0.014585,-0.658185
-0.159251,-0.626567,0.659996
0.143437,-0.289206,-0.575756
-0.020623,-0.406352,-0.575777
-0.033167,-0.253864,-0.587824
0.199527,-0.636671,0.712978
-0.144937,-0.673590,-0.587911
-0.079995,-0.005517,-0.655573
0.034754,-0.452036,-0.708748
0.101143,0.375930,0.620314
0.012063,-0.198961,-0.575734
-0.009332,0.727151,0.155402
-0.123369,-0.533364,-0.708748
-0.324434,-0.334782,-0.600346
-0.072698,-0.152543,0.586742
-0.129284,0.662986,0.331250
-0.139540,0.302071,-0.602959
-0.206705,-0.590167,-0.594323
-0.036967,-0.681427,0.717986
-0.125960,0.341192,0.501895
0.079985,0.537140,0.307760
-0.037010,-0.387958,-0.587867
0.132793,0.203557,0.648014
-0.019134,-0.703578,-0.587911
0.101143,0.375930,0.620314
0.254278,-0.185705,-0.611854
-0.237233,-0.611692,0.625604
0.307691,-0.480513,0.712481
0.069773,0.599254,0.385613
-0.196947,-0.348081,0.597041
0.281114,-0.428546,0.638968
-0.184770,-0.174608,0.715827
-0.122829,-0.640989,0.570572
0.089743,-0.014585,-0.658185
0.100560,-0.171240,-0.539722
-0.250338,-0.507953,0.670144
-0.008965,-0.008540,-0.652464
0.097386,-0.126290,-0.641777
0.089743,-0.014585,-0.658185
-0.076778,-0.651417,-0.601793
-0.139540,0.628421,0.059306
-0.139540,0.498861,-0.354051
0.042721,0.743689,0.004597
0.268441,-0.479498,-0.605960
0.278999,-0.350348,-0.550647
-0.079347,0.621772,-0.020770
-0.102751,0.460561,-0.553410
-0.237233,-0.611692,0.625604
0.121502,-0.134127,0.545657
-0.146923,-0.130932,-0.628650
-0.139540,0.037576,-0.686835
-0.037010,-0.387958,-0.587867
-0.000221,-0.045437,0.621157
0.145920,-0.377983,-0.587867
-0.139540,0.628421,0.059306
-0.086364,0.069464,-0.608853
-0.069891,0.578592,-0.403362
0.120897,-0.581423,-0.566450
-0.075353,-0.114394,-0.577569
0.201448,-0.426819,0.717922
-0.097137,0.248809,0.672972
0.037043,-0.098051,-0.635797
-0.139540,0.417533,0.579186
0.018735,-0.068473,0.596998
-0.055361,0.589322,-0.429075
-0.037571,0.734384,0.100499
-0.134293,-0.461665,0.597062
-0.139540,0.288794,0.638212
-0.135265,0.079719,0.616709
-0.119677,-0.005517,-0.668527
-0.000221,-0.045437,0.621157
-0.196947,-0.348081,0.597041
0.196699,-0.173701,0.687135
0.227313,-0.409461,0.554552
-0.102751,0.460561,-0.553410
0.144667,-0.648438,0.717965
-0.139540,0.524057,-0.362730
0.132793,0.454235,-0.542400
0.117011,-0.173680,0.588686
0.091233,0.223355,0.591471
0.100560,-0.171240,-0.539722
0.062087,0.657826,0.280557
-0.092215,0.703510,0.296555
-0.100592,0.460410,0.593198
0.073939,0.103381,-0.688994
-0.181834,-0.609252,0.668438
-0.008749,-0.550399,-0.587889
0.259892,-0.468574,-0.634911
0.025406,0.675141,0.365059
-0.209447,-0.198529,0.594299
-0.139540,0.037576,-0.686835
-0.247682,-0.560524,0.717943
-0.139540,0.417533,0.579186
0.175713,-0.133911,0.717857
-0.030533,0.697379,0.248216
0.100560,-0.171240,-0.539722
-0.139540,0.420102,-0.469858
0.056992,0.485886,0.543174
0.026356,0.706706,0.225698
0.152785,-0.626373,-0.587911
-0.042990,-0.656253,-0.659329
0.124956,-0.551349,-0.575799
-0.071489,-0.250323,-0.587824
0.121502,-0.134127,0.545657
0.124956,-0.551349,-0.575799
-0.151630,0.033344,0.715396
-0.019134,-0.703578,-0.587911
0.041706,0.377527,0.623056
-0.322383,-0.319194,0.609692
0.120120,0.704417,-0.285180
-0.179178,-0.108911,0.610966
-0.004928,-0.002495,-0.670383
-0.211196,-0.484334,-0.575799
0.033631,-0.251144,-0.575756
0.226277,-0.150212,-0.682107
-0.128529,0.725035,0.171637
0.073313,-0.265285,-0.708683
-0.196947,-0.348081,0.597041
0.117356,0.599923,0.167708
-0.139540,0.288794,0.638212
-0.139540,0.417533,0.579186
0.087304,-0.566505,-0.708748
0.032077,0.390697,0.614205
-0.006223,0.483727,0.544837
0.268441,-0.479498,-0.605960
-0.024294,-0.152846,-0.551705
0.061374,-0.501951,0.597084
-0.073799,0.230329,-0.671441
0.033631,-0.251144,-0.575756
-0.280240,-0.467278,0.622193
-0.100592,0.460410,0.593198
0.132793,0.480985,0.422294
0.042656,0.244254,-0.665655
0.144667,-0.648438,0.717965
-0.139540,0.417533,0.579186
-0.008749,-0.550399,-0.587889
-0.042062,-0.416823,-0.587867
0.152785,-0.626373,-0.587911
0.044707,0.417339,0.443452
0.319371,-0.418745,0.598833
-0.139540,0.493140,-0.527395
-0.072698,-0.152543,0.586742
-0.139540,0.157118,0.663537
-0.247682,-0.560524,0.717943
-0.324434,-0.334782,-0.600346
0.278999,-0.350348,-0.550647
0.121502,-0.134127,0.545657
-0.151630,0.033344,0.715396
-0.078592,0.754462,-0.124077
-0.280218,-0.394024,-0.582427
0.069211,0.544740,-0.447470
-0.046164,0.492600,0.568499
0.210883,-0.209195,0.686206
-0.181834,-0.609252,0.668438
0.033631,-0.251144,-0.575756
-0.211390,-0.212800,-0.708683
0.116428,0.729569,-0.224469
-0.130601,0.402140,0.607447
-0.181834,-0.609252,0.668438
0.055502,0.027321,-0.696572
-0.023840,0.132160,0.609800
-0.016543,-0.516848,-0.587889
-0.033513,0.155067,0.691388
-0.125960,0.341192,0.501895
-0.139540,0.420102,-0.469858
0.231825,-0.386187,0.552199
0.097105,0.642411,0.408800
-0.164670,-0.632871,0.717965
0.097213,0.190582,0.602114
-0.107414,0.492600,-0.356598
0.084367,-0.654116,0.557532
-0.139540,0.524057,-0.362730
0.084367,-0.654116,0.557532
0.216604,-0.288062,0.596415
-0.139540,0.411596,-0.520356
-0.253836,-0.249676,-0.575065
0.183183,-0.506982,0.717922
-0.050158,-0.111070,-0.661575
0.018735,-0.068473,0.596998
-0.139540,0.302071,-0.602959
-0.089236,0.630451,0.344981
-0.129284,0.662986,0.331250
-0.037010,-0.387958,-0.587867
0.277207,-0.458189,0.657125
-0.019933,0.382450,0.470223
-0.286630,-0.328392,0.709523
0.280056,-0.436556,-0.695794
-0.102923,0.364638,-0.589638
0.261748,-0.302290,-0.576684
0.132793,0.480985,0.422294
-0.066631,0.239591,-0.569991
0.319371,-0.418745,0.598833
-0.242890,-0.222278,0.662825
-0.153616,-0.672337,0.712481
0.183140,-0.163317,-0.624397
-0.052468,0.761500,0.079838
0.005910,-0.173874,-0.708662
-0.008965,-0.008540,-0.652464
0.044707,0.417339,0.443452
0.060532,0.239677,-0.569926
0.026356,0.706706,0.225698
-0.146923,-0.130932,-0.628650
0.121977,-0.052518,-0.611962
0.254516,-0.513156,-0.597475
0.132793,0.288707,-0.570704
-0.097137,0.248809,0.672972
-0.024294,-0.152846,-0.551705
0.129576,-0.523131,0.717943
-0.139540,0.628421,0.059306
-0.164670,-0.632871,0.717965
0.087779,0.370338,-0.470311
0.000297,0.251098,-0.662827
-0.281924,-0.303132,0.660234
-0.015571,0.497933,0.564419
0.223081,-0.432778,0.567830
0.268441,-0.479498,-0.605960
0.069211,0.544740,-0.447470
-0.004992,-0.340374,-0.708705
-0.046164,0.492600,0.568499
0.136204,0.009595,-0.643396
0.114161,0.120329,0.695943
-0.044307,-0.668257,0.653800
0.132793,0.307188,0.536719
0.042721,0.743689,0.004597
0.079985,0.537140,0.307760
0.126446,0.688873,0.205619
0.012063,-0.198961,-0.575734
-0.061169,-0.008540,-0.674485
-0.095972,-0.005517,-0.635559
-0.037874,0.145222,-0.683488
-0.129436,-0.001912,0.705767
-0.078592,0.754462,-0.124077
0.126446,0.688873,0.205619
-0.129436,-0.001912,0.705767
0.069319,0.579067,-0.482143
-0.060586,0.698091,-0.300444
-0.233476,-0.547765,-0.566062
0.028083,0.632545,0.421646
-0.139540,0.409350,0.551940
0.041706,0.377527,0.623056
-0.079347,0.621772,-0.020770
0.018260,-0.095547,-0.703157
0.089549,-0.509810,-0.575799
-0.139540,0.420102,-0.469858
0.066124,-0.678706,0.717986
0.034948,-0.635829,-0.527956
-0.092215,0.703510,0.296555
0.088772,0.434762,-0.420893
-0.055361,0.589322,-0.429075
-0.083147,-0.117611,0.608505
-0.301808,-0.255375,0.611959
0.105353,0.738594,-0.202664
-0.126866,-0.581855,-0.565911
0.010228,-0.250194,-0.708683
0.120703,0.753685,-0.021310
-0.253598,-0.500030,-0.682128
0.040108,0.703273,-0.142450
0.132793,0.095587,-0.630637
-0.019933,0.382450,0.470223
-0.324434,-0.334782,-0.600346
0.028083,0.632545,0.421646
-0.037161,0.336658,0.610426
0.265505,-0.454519,0.623164
-0.122829,-0.640989,0.570572
-0.138568,-0.034318,0.621157
0.132879,-0.418183,0.584972
0.254278,-0.580689,0.618717
0.216604,-0.288062,0.596415
-0.125960,0.341192,0.501895
-0.013995,0.754851,-0.121076
-0.036967,-0.681427,0.717986
-0.045171,0.752951,-0.135520
0.089549,-0.509810,-0.575799
-0.037571,0.734384,0.100499
-0.127449,0.692867,-0.257005
-0.139540,0.383659,0.569017
-0.220091,-0.573845,-0.600389
-0.139540,0.417533,0.579186
-0.010671,0.740493,-0.044908
-0.054778,0.610718,-0.361478
-0.094007,0.595000,0.391161
-0.209382,-0.265458,0.549284
-0.266120,-0.243695,-0.587824
-0.050633,0.745502,0.016040
0.020613,-0.239982,0.597019
-0.056160,0.090643,-0.606068
0.042656,0.244254,-0.665655
0.183140,-0.163317,-0.624397
-0.079995,-0.005517,-0.655573
0.006148,0.045844,-0.649614
-0.102751,0.460561,-0.553410
0.034754,-0.452036,-0.708748
0.028083,0.632545,0.421646
0.088772,0.434762,-0.420893
0.121502,-0.134127,0.545657
0.034754,-0.452036,-0.708748
0.147776,-0.227006,0.597019
0.032077,0.390697,0.614205
0.121977,-0.052518,-0.611962
-0.139540,0.633214,0.084566
0.168394,-0.610461,0.566578
0.020613,-0.239982,0.597019
-0.266120,-0.243695,-0.587824
0.120854,-0.630367,0.610426
0.120854,-0.630367,0.610426
0.070269,-0.294323,0.717900
0.075494,0.700876,0.004597
-0.102751,0.460561,-0.553410
0.034581,0.033452,-0.611962
0.126079,0.633430,0.339454
-0.184770,-0.174608,0.715827
0.132793,0.095587,-0.630637
-0.054109,0.275969,0.551681
0.069319,0.579067,-0.482143
-0.301808,-0.255375,0.611959
0.105353,0.738594,-0.202664
0.080783,0.729267,-0.130144
-0.222530,-0.446617,0.597062
-0.206705,-0.590167,-0.594323
0.226730,-0.229856,-0.682841
-0.158409,-0.139158,0.615565
0.265505,-0.454519,0.623164
-0.282356,-0.331824,0.572860
0.006148,0.045844,-0.649614
-0.206705,-0.590167,-0.594323
0.252486,-0.279944,0.650648
0.281071,-0.428913,-0.634588
0.010228,-0.250194,-0.708683
-0.052468,0.761500,0.079838
0.132793,0.203557,0.648014
-0.109465,0.009595,-0.616495
0.124956,-0.551349,-0.575799
-0.237816,-0.155480,-0.601555
-0.139540,0.633214,0.084566
-0.084356,-0.515618,0.597084
0.226277,-0.150212,-0.682107
0.077977,0.394777,0.618155
-0.139540,0.516371,-0.437106
0.057207,-0.609274,-0.562888
-0.096274,-0.288213,-0.575756
-0.138568,-0.034318,0.621157
0.226989,-0.188879,0.717878
0.270233,-0.490876,-0.708727
0.319371,-0.418745,0.598833
-0.101175,0.593964,0.432225
-0.045668,0.749302,0.172349
0.035618,0.006573,-0.624160
0.114161,0.120329,0.695943
-0.054455,-0.654742,-0.671204
-0.085630,0.392403,0.613492
0.128605,-0.139223,-0.690742
-0.153616,-0.672337,0.712481
0.101725,0.717889,-0.031479
-0.184770,-0.174608,0.715827
0.221117,-0.364446,0.584972
-0.139540,0.657611,0.220322
0.101725,0.717889,-0.031479
-0.218839,-0.210792,0.595055
-0.139540,0.628421,0.059306
0.069319,0.579067,-0.482143
-0.280218,-0.394024,-0.582427
0.018735,-0.068473,0.596998
-0.073950,-0.257405,0.584951
0.180139,-0.330702,-0.708705
-0.015571,0.497933,0.564419
0.132793,0.095587,-0.630637
0.145920,-0.377983,-0.587867
-0.062184,0.429299,-0.577418
-0.138568,-0.034318,0.621157
0.101143,0.375930,0.620314
-0.055361,0.589322,-0.429075
0.074609,0.480791,-0.537887
0.010358,0.616806,-0.353554
-0.030533,0.697379,0.248216
-0.139540,0.409350,0.551940
0.082122,0.593705,-0.383672
0.041706,0.377527,0.623056
0.277207,-0.458189,0.657125
0.097105,0.642411,0.408800
0.035618,0.006573,-0.624160
0.093392,-0.641745,0.625518
0.115737,-0.345426,0.597041
-0.037161,0.336658,0.610426
-0.061169,-0.008540,-0.674485
-0.322383,-0.319194,0.609692
-0.206705,-0.590167,-0.594323
0.132793,0.480985,0.422294
-0.073799,0.230329,-0.671441
-0.058686,0.436273,-0.541601
-0.139540,0.288794,0.638212
0.057207,-0.609274,-0.562888
-0.000221,-0.045437,0.621157
0.128605,-0.139223,-0.690742
0.041706,0.377527,0.623056
-0.058190,0.659100,0.277491
0.079488,0.606270,0.147759
-0.225553,-0.170139,-0.587824
0.147776,-0.227006,0.597019
-0.237816,-0.155480,-0.601555
-0.054109,0.275969,0.551681
-0.000221,-0.045437,0.621157
-0.127449,0.692867,-0.257005
0.095810,0.036108,-0.611962
0.231825,-0.386187,0.552199
-0.085630,0.392403,0.613492
-0.158409,-0.139158,0.615565
0.091233,0.223355,0.591471
-0.258110,-0.181927,0.631412
0.262396,-0.196263,0.715827
0.054379,0.620692,-0.029104
-0.139540,0.642584,0.347895
0.215201,-0.141727,-0.613192
-0.050633,0.745502,0.016040
0.226277,-0.150212,-0.682107
0.077998,0.150252,0.692014
-0.139540,0.623002,-0.301264
-0.109465,0.009595,-0.616495
-0.006223,0.483727,0.544837
-0.007216,0.286764,-0.621893
0.123423,-0.255030,0.584951
-0.102751,0.460561,-0.553410
-0.181834,-0.609252,0.668438
0.041490,-0.014564,0.631239
0.113621,0.516759,-0.540759
0.261748,-0.302290,-0.576684
-0.111451,0.645520,-0.301048
0.070442,-0.130846,-0.528129
-0.094007,0.595000,0.391161
-0.211196,-0.484334,-0.575799
0.040108,0.703273,-0.142450
-0.128529,0.725035,0.171637
-0.009202,0.065945,0.618523
-0.085630,0.392403,0.613492
0.049889,0.003550,-0.656220
0.057207,-0.609274,-0.562888
0.125172,0.103230,0.613600
-0.180323,-0.468163,-0.575777
-0.024294,-0.152846,-0.551705
0.057207,-0.609274,-0.562888
0.011869,-0.146628,-0.575734
-0.009202,0.065945,0.618523
0.100560,-0.171240,-0.539722
-0.139540,0.657611,0.220322
0.124956,-0.551349,-0.575799
-0.039018,0.585156,-0.474198
0.245815,-0.297108,0.537712
0.018260,-0.095547,-0.703157
0.231825,-0.386187,0.552199
-0.127449,0.692867,-0.257005
-0.211196,-0.484334,-0.575799
0.126079,0.633430,0.339454
0.220167,-0.215801,0.580460
0.100560,-0.171240,-0.539722
0.114161,0.120329,0.695943
-0.280240,-0.467278,0.622193
0.122603,-0.315913,-0.575756
0.077977,0.394777,0.618155
-0.280218,-0.394024,-0.582427
0.252486,-0.279944,0.650648
0.062238,-0.113552,-0.631867
-0.000221,-0.045437,0.621157
-0.164670,-0.632871,0.717965
-0.139540,0.636949,0.188628
0.132793,0.518249,0.513208
-0.324434,-0.334782,-0.600346
-0.047416,0.656553,-0.274428
-0.261716,-0.285946,-0.590329
-0.060586,0.698091,-0.300444
-0.308393,-0.495107,-0.637653
0.051076,-0.005517,0.653606
0.129576,-0.523131,0.717943
