-0.050854,-0.167949,-0.670716
0.043441,-0.253411,-0.685283
0.195402,-0.301216,-0.589271
-0.075995,-0.098104,0.677232
0.048572,0.515383,0.596857
-0.069637,-0.515661,-0.569417
-0.030688,-0.283481,-0.706141
-0.053798,0.605216,0.561878
0.054015,0.953441,0.150344
-0.060424,-0.083447,0.669803
-0.143141,-0.382930,-0.657332
-0.087617,0.402193,0.628065
-0.055784,-0.385361,0.700833
-0.020426,0.990561,-0.032468
-0.128753,-0.465870,-0.533858
0.149403,-0.431226,0.540418
-0.074344,-0.522286,0.646135
-0.206897,-0.509571,-0.566093
-0.014425,-0.562106,0.639041
-0.085096,-0.279868,0.678860
0.071727,0.622148,0.537674
0.047769,-0.578903,-0.614724
-0.035060,-0.567192,-0.503051
0.255633,-0.260147,-0.580972
-0.081795,0.401479,-0.602142
-0.115413,-0.115191,0.641026
-0.087617,0.402193,0.628065
0.156832,-0.376750,-0.652268
-0.066648,0.963256,-0.110345
0.081677,-0.508032,-0.534104
-0.070730,0.226698,-0.641806
-0.064952,0.521450,-0.562613
-0.041663,0.990561,-0.024237
-0.144435,-0.473388,0.515210
0.090265,-0.455541,0.694989
0.269531,-0.324037,-0.535040
-0.040681,0.145631,0.657266
-0.198130,-0.527841,0.556435
0.000476,-0.042981,0.618227
0.026710,0.060728,-0.662262
0.168075,-0.372400,0.595451
0.272743,-0.314891,-0.554225
-0.182648,-0.358123,0.646871
-0.045098,0.965085,-0.086765
0.030146,0.965085,0.095735
0.209277,-0.292985,-0.635470
-0.021653,-0.007913,0.669134
-0.087617,0.013212,-0.691574
-0.075638,0.952727,-0.149183
-0.034770,-0.620909,-0.554872
-0.225122,-0.156952,0.526498
0.124307,-0.156104,0.536291
-0.144502,-0.398790,0.595451
-0.268868,-0.330305,-0.565134
-0.007443,0.086984,-0.687046
0.069541,-0.102521,0.645510
0.080740,-0.402226,-0.673282
-0.042756,-0.013691,0.669379
-0.087617,0.609276,-0.528103
0.209389,-0.159517,0.513180
-0.055784,-0.385361,0.700833
-0.081795,0.401479,-0.602142
-0.023839,-0.181892,0.595451
-0.020426,0.990561,-0.032468
0.135305,-0.488423,0.513537
0.003220,-0.561615,-0.505304
0.175414,-0.144281,-0.502917
-0.189787,-0.094423,0.538165
0.003220,-0.561615,-0.505304
-0.087617,0.079979,-0.686421
0.069541,-0.102521,0.645510
0.033492,0.990561,0.075747
0.187527,-0.336797,-0.517328
-0.007443,0.086984,-0.687046
-0.024843,-0.082421,-0.592037
0.033492,0.990561,0.075747
-0.087617,0.460171,-0.604618
-0.087617,0.967517,0.114250
-0.054602,-0.610179,0.581219
0.065972,-0.320200,-0.702750
0.026710,0.060728,-0.662262
0.175459,-0.377196,0.531026
-0.136070,-0.444276,-0.648409
-0.212407,-0.504953,-0.538989
-0.087617,0.460171,-0.604618
0.047769,-0.578903,-0.614724
-0.138747,-0.501138,0.508250
-0.050430,0.306091,-0.653673
0.009154,-0.106625,-0.592037
-0.085832,0.887789,-0.294919
-0.218475,-0.262311,0.505439
0.112997,-0.144259,-0.570599
-0.016500,-0.374029,-0.685752
-0.164155,-0.330484,0.655682
0.158505,-0.085076,0.518422
0.050669,0.965085,0.020156
-0.014983,-0.415923,-0.692377
0.112283,-0.363165,0.704246
-0.041663,0.990561,-0.024237
0.255633,-0.260147,-0.580972
0.071393,0.328243,0.624652
0.105791,-0.116552,-0.711160
-0.013600,-0.605762,-0.587910
-0.171338,-0.358636,0.595451
0.070300,-0.135447,0.657355
-0.208949,-0.203530,0.620637
0.188174,-0.504328,-0.590698
0.028027,0.522387,-0.590921
0.047613,0.965085,0.068943
-0.050430,0.306091,-0.653673
0.128657,-0.552669,-0.505884
-0.021653,-0.007913,0.669134
-0.140263,-0.581380,-0.551972
-0.144435,-0.473388,0.515210
-0.016500,-0.374029,-0.685752
0.211820,-0.134822,-0.525961
0.162275,-0.230902,0.544366
-0.065622,-0.459601,0.687114
0.037686,0.389611,-0.633150
0.171019,-0.525454,-0.510770
0.047769,-0.578903,-0.614724
0.076546,-0.090943,-0.506219
-0.016500,-0.374029,-0.685752
0.230559,-0.346925,0.507246
0.183735,-0.388730,0.516906
0.047546,0.887254,0.299226
0.171778,-0.199046,0.643413
-0.203104,-0.168396,0.609684
-0.048222,0.512996,0.597704
-0.008045,0.949225,-0.160292
0.003220,-0.561615,-0.505304
-0.061963,-0.135982,-0.655882
0.080740,-0.402226,-0.673282
0.071727,0.904096,0.307279
0.021780,0.051403,0.666479
0.211865,-0.460070,0.510749
0.104542,-0.507965,0.644729
-0.061205,-0.610469,0.530558
-0.124425,-0.188004,-0.653629
0.060484,-0.188339,0.706187
0.164193,-0.141470,0.505863
-0.208949,-0.203530,0.620637
0.175659,-0.359373,-0.645553
0.171019,-0.525454,-0.510770
0.057116,0.540144,0.559290
-0.065622,-0.459601,0.687114
-0.098057,-0.199783,0.669959
-0.135623,-0.313619,-0.592037
0.156832,-0.376750,-0.652268
0.255633,-0.260147,-0.580972
-0.053263,-0.045680,0.696773
-0.182648,-0.358123,0.646871
-0.043827,0.623932,-0.520942
0.031127,-0.033969,0.696773
0.011987,0.420508,-0.596365
-0.100979,-0.290999,-0.693002
0.246509,-0.425604,-0.573075
-0.073407,-0.095516,-0.591501
0.177645,-0.255195,-0.592037
0.027157,-0.488668,0.667148
0.071727,0.500303,-0.581106
-0.020604,-0.545620,-0.640668
-0.235919,-0.446239,-0.522124
-0.046861,0.610503,0.530536
0.030637,-0.011906,0.669312
0.041233,0.900817,0.276205
-0.039923,0.715461,0.480009
-0.189787,-0.094423,0.538165
0.071727,0.113776,0.676607
0.025394,-0.034415,0.601965
0.158505,-0.085076,0.518422
-0.069927,-0.106938,0.595451
-0.081795,0.401479,-0.602142
-0.083267,-0.067230,-0.619765
-0.066648,0.963256,-0.110345
0.212534,-0.275406,-0.503586
-0.176402,-0.323970,0.560093
-0.037625,-0.497859,0.662085
-0.070730,0.226698,-0.641806
-0.109590,-0.595969,0.540552
-0.042756,-0.013691,0.669379
0.011898,-0.080503,-0.640155
-0.141334,-0.101160,-0.614724
0.070300,-0.135447,0.657355
-0.004610,0.107931,0.661616
-0.005926,-0.511891,0.658203
-0.023393,-0.277458,0.595451
-0.056163,0.565531,-0.545614
0.255633,-0.260147,-0.580972
-0.005101,0.187034,0.679061
-0.208949,-0.203530,0.620637
0.050111,0.468893,0.584699
0.036437,-0.097189,0.580505
-0.005257,-0.265925,0.689166
-0.153871,-0.415945,-0.592037
-0.244173,-0.378312,0.594626
-0.016500,-0.374029,-0.685752
0.171778,-0.199046,0.643413
-0.137274,-0.129268,0.639710
-0.067139,0.965085,-0.021627
-0.050430,0.306091,-0.653673
-0.085096,-0.279868,0.678860
0.195402,-0.301216,-0.589271
-0.172208,-0.230367,-0.520384
0.108290,-0.162930,-0.714774
0.004380,0.934301,-0.201874
-0.169219,-0.166232,-0.504635
-0.045098,0.965085,-0.086765
0.052654,-0.096921,0.659675
0.203098,-0.194830,-0.502672
-0.235919,-0.446239,-0.522124
-0.136070,-0.444276,-0.648409
0.123504,-0.529893,-0.502270
-0.098057,-0.199783,0.669959
0.117146,-0.498439,0.644328
0.248450,-0.315560,-0.508695
-0.048891,0.847278,0.357606
-0.189184,-0.486281,0.508986
0.032957,0.265892,0.665743
0.036437,-0.097189,0.580505
0.265560,-0.250332,0.561967
0.040296,-0.361536,0.697242
-0.197528,-0.461654,0.615104
-0.070418,-0.492751,-0.654343
0.060484,-0.188339,0.706187
-0.180841,-0.545219,0.552397
0.203098,-0.194830,-0.502672
0.041411,0.660026,0.507692
-0.040525,-0.290798,0.703979
-0.207432,-0.207858,-0.621104
0.011987,0.420508,-0.596365
0.023833,-0.229519,0.706053
-0.189184,-0.486281,0.508986
-0.182648,-0.358123,0.646871
0.040296,-0.361536,0.697242
0.230314,-0.153985,0.538410
0.269196,-0.346010,-0.553935
-0.115413,-0.115191,0.641026
0.230559,-0.346925,0.507246
0.195402,-0.301216,-0.589271
-0.161255,-0.420897,0.529086
-0.062811,-0.576829,-0.503810
-0.008045,0.949225,-0.160292
0.130419,-0.532816,-0.619074
-0.039901,-0.047978,0.616978
-0.180841,-0.545219,0.552397
-0.054602,-0.610179,0.581219
0.013170,-0.158179,-0.701390
-0.087617,0.460171,-0.604618
-0.053263,-0.045680,0.696773
-0.000795,0.950295,0.160360
-0.066648,0.963256,-0.110345
-0.098057,-0.199783,0.669959
-0.243638,-0.450455,0.552487
0.181103,-0.413870,-0.638906
0.190115,-0.340545,0.595451
-0.065622,-0.459601,0.687114
-0.078538,-0.016703,-0.666099
-0.171338,-0.358636,0.595451
0.020486,-0.437227,-0.675401
-0.056163,0.565531,-0.545614
0.033492,0.990561,0.075747
-0.056163,0.565531,-0.545614
-0.049114,0.514134,-0.593888
-0.035060,-0.567192,-0.503051
-0.075638,0.952727,-0.149183
-0.189787,-0.094423,0.538165
-0.087617,0.284274,-0.634065
0.071727,-0.051012,-0.669423
-0.203104,-0.168396,0.609684
0.010649,0.245146,0.669357
-0.020426,0.990561,-0.032468
0.071727,0.500303,-0.581106
0.112997,-0.144259,-0.570599
-0.138747,-0.501138,0.508250
-0.064952,0.521450,-0.562613
0.041188,0.022515,-0.691396
-0.048556,-0.149501,0.717341
0.117481,-0.149590,0.648945
-0.047508,0.990561,-0.038536
0.030146,0.965085,0.095735
-0.052125,0.435365,0.623381
-0.087617,0.402193,0.628065
0.042437,0.193013,-0.674866
0.066775,-0.606297,0.583093
-0.005257,-0.265925,0.689166
-0.087617,0.079979,-0.686421
-0.067763,0.184491,0.652225
-0.016701,0.990561,-0.066220
-0.067763,0.184491,0.652225
-0.118290,-0.387592,-0.592037
0.112997,-0.144259,-0.570599
0.050669,0.965085,0.020156
0.009154,-0.106625,-0.592037
0.050111,0.468893,0.584699
-0.050430,0.306091,-0.653673
-0.087617,0.284274,-0.634065
-0.048556,-0.149501,0.717341
-0.001888,0.135771,0.685709
0.236716,-0.374631,-0.600804
-0.182648,-0.358123,0.646871
0.088771,-0.460137,-0.674910
0.112283,-0.273688,0.700298
0.003220,-0.561615,-0.505304
-0.176402,-0.323970,0.560093
0.211731,-0.439011,-0.607206
-0.045098,0.965085,-0.086765
-0.048556,-0.149501,0.717341
0.188174,-0.504328,-0.590698
-0.263469,-0.233445,0.554740
-0.100979,-0.201300,-0.697307
-0.098057,-0.199783,0.669959
-0.034770,-0.620909,-0.554872
-0.042823,0.638076,0.517820
-0.095782,-0.361068,-0.592037
-0.043202,-0.087061,-0.693336
0.089975,-0.234315,0.676205
-0.181131,-0.472339,0.505774
0.090265,-0.455541,0.694989
-0.005257,-0.265925,0.689166
0.012567,0.908892,-0.257108
-0.039901,-0.047978,0.616978
0.042437,0.193013,-0.674866
0.059547,-0.240740,-0.677409
-0.055360,0.587615,0.539972
-0.085832,0.887789,-0.294919
-0.098057,-0.199783,0.669959
-0.127726,-0.570873,0.589160
-0.161255,-0.420897,0.529086
-0.169219,-0.166232,-0.504635
0.120938,-0.479857,0.530692
0.046386,0.313765,0.655415
-0.092904,-0.496878,0.554628
-0.095782,-0.361068,-0.592037
0.211865,-0.460070,0.510749
-0.064618,-0.038230,0.669825
-0.065622,-0.459601,0.687114
-0.143141,-0.382930,-0.657332
0.045070,0.881208,0.356245
0.071727,0.904096,0.307279
-0.043827,0.623932,-0.520942
-0.066648,0.963256,-0.110345
-0.172208,-0.230367,-0.520384
0.212534,-0.275406,-0.503586
-0.001888,0.135771,0.685709
-0.070730,0.226698,-0.641806
-0.022322,0.838065,-0.366170
-0.243638,-0.450455,0.552487
0.021780,0.051403,0.666479
0.223220,-0.431070,0.599779
0.036950,0.454639,0.589138
-0.030688,-0.283481,-0.706141
-0.035350,0.653312,-0.537070
0.078041,-0.164826,0.665810
-0.021519,-0.076175,0.696751
0.010649,0.245146,0.669357
0.142778,-0.541337,-0.599666
0.212557,-0.354309,-0.503564
0.130419,-0.532816,-0.619074
-0.138747,-0.501138,0.508250
-0.053798,0.605216,0.561878
-0.047396,-0.136808,-0.592037
-0.016500,-0.374029,-0.685752
0.071727,0.924842,-0.270849
0.011586,0.664733,-0.502114
-0.081705,-0.035240,0.669825
-0.055360,0.587615,0.539972
-0.153871,-0.415945,-0.592037
0.030770,0.924262,-0.284702
0.052654,-0.096921,0.659675
-0.087617,-0.054425,0.684727
0.069541,-0.102521,0.645510
0.057272,-0.573773,0.506176
0.041456,0.716175,0.479629
0.101375,-0.134934,0.535109
-0.169397,-0.420317,-0.592037
-0.064752,0.295250,0.631880
0.030637,-0.011906,0.669312
-0.013600,-0.605762,-0.587910
-0.060424,-0.083447,0.669803
0.211731,-0.439011,-0.607206
-0.014224,-0.581246,0.621841
0.036437,-0.097189,0.580505
-0.018173,-0.086392,-0.515543
0.120938,-0.479857,0.530692
0.112283,-0.273688,0.700298
0.187527,-0.336797,-0.517328
0.041969,0.126090,-0.683566
-0.207432,-0.207858,-0.621104
-0.223338,-0.302510,-0.501958
-0.047708,0.656680,0.509232
0.033492,0.990561,0.075747
-0.136070,-0.444276,-0.648409
-0.000193,-0.549948,0.592752
-0.208949,-0.203530,0.620637
-0.234358,-0.216357,-0.591412
0.163189,-0.233624,-0.560538
0.021914,0.965085,0.077174
-0.024107,0.810403,-0.436262
-0.070418,-0.492751,-0.654343
0.130932,-0.230054,0.595451
0.175659,-0.359373,-0.645553
0.030146,0.965085,0.095735
-0.056230,0.990561,0.091496
0.057272,-0.573773,0.506176
0.120336,-0.122040,0.510503
-0.056230,0.990561,0.091496
0.112283,-0.363165,0.704246
-0.087617,-0.054425,0.684727
-0.046548,-0.528889,-0.527456
-0.075995,-0.098104,0.677232
-0.214727,-0.469127,-0.512755
0.116522,-0.175534,0.656753
-0.016991,-0.101160,-0.709599
0.269531,-0.324037,-0.535040
0.010649,0.245146,0.669357
0.125712,-0.490029,-0.641114
-0.085855,-0.383376,-0.673884
-0.116193,-0.272729,0.674555
0.232500,-0.221220,0.598641
-0.007443,0.086984,-0.687046
0.125712,-0.490029,-0.641114
-0.060424,-0.083447,0.669803
-0.048891,0.847278,0.357606
-0.073407,-0.095516,-0.591501
-0.247787,-0.194339,-0.535888
-0.054602,-0.610179,0.581219
-0.087617,0.724563,0.500175
0.177645,-0.255195,-0.592037
0.033090,-0.157889,-0.707591
0.037173,-0.278484,0.689166
0.181103,-0.413870,-0.638906
0.047769,-0.578903,-0.614724
0.164193,-0.141470,0.505863
-0.247787,-0.194339,-0.535888
-0.203104,-0.168396,0.609684
0.223220,-0.431070,0.599779
-0.039053,-0.588808,0.606917
-0.050095,0.512126,-0.565981
-0.042756,-0.013691,0.669379
-0.064618,-0.038230,0.669825
-0.064618,-0.038230,0.669825
-0.138747,-0.501138,0.508250
-0.060424,-0.083447,0.669803
0.046386,0.313765,0.655415
0.040430,0.277158,-0.660009
0.190048,-0.536965,-0.551994
-0.246783,-0.188227,0.546798
-0.042890,0.588597,0.568682
-0.127726,-0.570873,0.589160
0.120336,-0.122040,0.510503
-0.172208,-0.230367,-0.520384
-0.171338,-0.358636,0.595451
-0.024107,0.810403,-0.436262
0.095039,-0.494491,-0.553534
-0.039901,-0.047978,0.616978
-0.087617,-0.054425,0.684727
0.012567,0.908892,-0.257108
0.112283,-0.273688,0.700298
0.230559,-0.346925,0.507246
0.012567,0.908892,-0.257108
-0.067763,0.184491,0.652225
-0.047396,-0.136808,-0.592037
0.105791,-0.116552,-0.711160
-0.181131,-0.472339,0.505774
0.021780,0.051403,0.666479
0.225384,-0.272618,-0.618561
0.145678,-0.093419,-0.505550
-0.028234,-0.210178,0.682184
-0.268868,-0.330305,-0.565134
0.246509,-0.425604,-0.573075
0.110387,-0.177631,-0.592037
0.071727,0.100993,-0.660812
-0.169955,-0.253924,0.561789
-0.062298,0.813928,-0.432558
-0.141334,-0.101160,-0.614724
-0.023839,-0.181892,0.595451
0.047769,-0.578903,-0.614724
0.129527,-0.478831,0.584654
0.064232,0.291413,0.632705
0.195290,-0.344449,0.514206
-0.040525,-0.290798,0.703979
-0.004610,0.107931,0.661616
-0.246783,-0.188227,0.546798
-0.035060,-0.567192,-0.503051
0.175459,-0.377196,0.531026
0.078397,-0.110507,0.522304
0.038020,-0.151219,0.670138
-0.024843,-0.082421,-0.592037
-0.037625,-0.497859,0.662085
0.040430,0.277158,-0.660009
-0.039901,-0.047978,0.616978
-0.153871,-0.415945,-0.592037
0.027157,-0.488668,0.667148
0.052654,-0.096921,0.659675
0.065972,-0.320200,-0.702750
0.163189,-0.233624,-0.560538
0.181348,-0.314155,-0.569261
0.071727,0.924842,-0.270849
-0.056163,0.565531,-0.545614
-0.069927,-0.106938,0.595451
0.041188,0.022515,-0.691396
0.183735,-0.388730,0.516906
-0.087617,0.724563,0.500175
0.242047,-0.351119,0.600716
-0.144435,-0.473388,0.515210
0.054015,0.953441,0.150344
-0.014224,-0.581246,0.621841
-0.066648,0.963256,-0.110345
0.060328,0.168184,-0.678100
-0.095782,-0.361068,-0.592037
-0.042756,-0.013691,0.669379
