-0.111617,1.498402,9.276891
-0.023068,1.500107,9.293449
0.044606,1.092928,11.990300
0.055709,0.946842,12.079500
0.020577,0.936631,26.433929
0.056427,0.480079,22.701349
0.147457,0.918622,18.794363
-0.101116,0.964010,19.451172
-0.051734,1.498518,9.280771
-0.023068,1.500107,9.293449
-0.123723,1.085123,12.649410
-0.042543,1.086352,9.295630
0.051954,1.195067,12.212435
-0.236737,0.440025,26.091375
-0.100327,1.146565,12.444771
0.053078,1.486905,9.225859
0.027790,1.257350,12.135585
0.359576,0.380014,43.796970
-0.123723,1.085123,12.649410
-0.126666,1.215880,12.365962
-0.137195,0.847853,50.776520
-0.044308,0.981609,13.283686
0.027747,0.921418,18.814257
0.056427,0.480079,22.701349
0.062815,1.321858,12.154159
-0.119061,1.078950,19.132711
0.115633,1.037163,22.607456
-0.030581,0.918202,18.739334
-0.458899,0.854742,50.889336
-0.057102,1.263873,26.485352
0.005293,1.102593,12.067100
-0.147746,1.181598,12.751276
0.093232,0.963479,12.258869
-0.037730,0.877414,19.783142
-0.040654,0.600343,26.284737
-0.166377,1.079139,26.171804
-0.007798,0.985184,12.452497
-0.117283,1.303891,12.497869
-0.182487,1.175916,19.146843
-0.039436,1.055582,12.378354
0.017016,1.086479,9.304501
-0.117283,1.303891,12.497869
0.124452,1.066208,19.009628
0.044606,1.092928,11.990300
0.027790,1.257350,12.135585
-0.102318,1.333930,12.740684
0.151727,0.387377,44.061264
-0.147837,0.913840,18.645563
-0.075011,1.277016,18.847763
0.128845,0.469705,22.419865
-0.111617,1.498402,9.276891
0.058850,1.437519,11.768661
-0.296434,0.849169,50.734932
0.110202,0.764282,22.672394
-0.035056,1.422313,9.327703
0.026888,1.259584,26.444109
-0.015067,1.023905,12.084979
-0.063105,0.968728,13.134784
-0.199339,0.982762,19.727560
-0.081739,1.073387,12.543328
0.124452,1.066208,19.009628
-0.296434,0.849169,50.734932
-0.123723,1.085123,12.649410
-0.049330,1.468465,10.207530
0.059585,1.054121,12.384173
0.128845,0.469705,22.419865
-0.196058,1.283871,18.904640
0.035728,1.482656,9.690319
-0.067522,1.210968,12.333730
0.062815,1.321858,12.154159
-0.111623,1.447100,11.818721
-0.101116,0.964010,19.451172
-0.266352,1.264945,26.457561
-0.227243,0.931066,26.211248
-0.111623,1.447100,11.818721
-0.123177,1.392172,12.670670
0.002148,0.948548,12.936831
-0.242395,0.773244,26.183329
0.027747,0.921418,18.814257
-0.085060,0.978243,12.371945
0.005293,1.102593,12.067100
-0.007798,0.985184,12.452497
-0.173433,0.489043,50.487095
-0.045010,1.461252,11.007902
0.067611,1.245664,12.047400
-0.102318,1.333930,12.740684
-0.043408,1.086495,26.338890
-0.015473,0.490962,50.731621
-0.126666,1.215880,12.365962
-0.147837,0.913840,18.645563
-0.086296,0.478065,22.580469
0.110202,0.764282,22.672394
-0.117283,1.303891,12.497869
-0.075011,1.277016,18.847763
0.132949,0.904137,22.838730
0.059922,0.473821,18.747904
0.051943,1.441263,11.430899
-0.011759,1.084890,9.290413
-0.023068,1.500107,9.293449
-0.049330,1.468465,10.207530
-0.059372,1.332689,9.351562
-0.137195,0.847853,50.776520
0.182918,0.848375,51.026951
0.365921,2.266346,44.001595
-0.040654,0.600343,26.284737
-0.063105,0.968728,13.134784
-0.196058,1.283871,18.904640
-0.248331,1.077280,26.102961
0.061326,1.462694,11.025211
-0.111623,1.447100,11.818721
0.067611,1.245664,12.047400
-0.458899,0.854742,50.889336
-0.060608,1.173088,19.127491
-0.111623,1.447100,11.818721
-0.057582,1.138647,9.357080
-0.114089,0.441343,26.218771
-0.154589,0.440865,26.144598
0.055709,0.946842,12.079500
0.061882,0.893965,22.627913
-0.117283,1.303891,12.497869
-0.126666,1.215880,12.365962
0.087548,0.922563,18.844385
-0.021482,1.442346,11.425937
0.061326,1.462694,11.025211
0.187407,1.035081,22.591270
-0.008796,1.467212,9.594470
0.000757,1.171164,19.114235
0.044606,1.092928,11.990300
-0.182487,1.175916,19.146843
-0.085060,0.978243,12.371945
-0.126666,1.215880,12.365962
-0.059372,1.332689,9.351562
0.124452,1.066208,19.009628
0.061125,1.168242,19.088291
-0.057102,1.263873,26.485352
0.002166,1.345944,12.328353
-0.102318,1.333930,12.740684
-0.199339,0.982762,19.727560
-0.086322,1.417125,12.197612
-0.030290,1.432430,12.323068
-0.103605,0.961231,13.043588
-0.266352,1.264945,26.457561
0.120805,0.465722,18.564472
0.435439,0.889814,53.074085
-0.105033,1.491786,9.730281
-0.057102,1.263873,26.485352
-0.119061,1.078950,19.132711
-0.129001,1.459576,10.142058
0.022907,1.492386,9.256560
-0.154589,0.440865,26.144598
-0.094689,1.443429,11.423797
-0.051734,1.498518,9.280771
0.021743,1.437066,11.765857
-0.147746,1.181598,12.751276
0.005293,1.102593,12.067100
0.051954,1.195067,12.212435
0.059585,1.054121,12.384173
0.056427,0.480079,22.701349
-0.196058,1.283871,18.904640
-0.145232,0.962860,13.055317
-0.182487,1.175916,19.146843
-0.147837,0.913840,18.645563
-0.047910,1.417567,12.208117
-0.044308,0.981609,13.283686
-0.017393,1.471011,10.225629
0.021743,1.437066,11.765857
-0.014452,1.279164,12.309774
0.005053,1.484118,9.696945
-0.147746,1.181598,12.751276
0.022907,1.492386,9.256560
-0.067522,1.210968,12.333730
-0.031291,0.442172,26.271235
-0.015067,1.023905,12.084979
-0.129001,1.459576,10.142058
-0.105033,1.491786,9.730281
-0.147746,1.181598,12.751276
-0.014452,1.279164,12.309774
0.002166,1.345944,12.328353
-0.100327,1.146565,12.444771
0.365921,2.266346,44.001595
0.132949,0.904137,22.838730
0.050681,1.442819,10.056534
-0.126666,1.215880,12.365962
-0.187661,0.336976,18.278383
0.062815,1.321858,12.154159
-0.266352,1.264945,26.457561
0.061326,1.462694,11.025211
-0.121035,1.172972,19.116560
-0.227243,0.931066,26.211248
-0.057582,1.138647,9.357080
-0.014452,1.279164,12.309774
0.290780,0.383151,43.906544
0.082693,1.099428,12.050477
-0.101116,0.964010,19.451172
-0.030581,0.918202,18.739334
0.058850,1.437519,11.768661
0.051954,1.195067,12.212435
0.026888,1.259584,26.444109
0.067611,1.245664,12.047400
-0.196058,1.283871,18.904640
-0.126666,1.215880,12.365962
0.022518,0.847595,50.879066
-0.114089,0.441343,26.218771
0.050681,1.442819,10.056534
-0.079985,1.458748,10.987202
-0.058570,1.082114,19.189737
0.182918,0.848375,51.026951
0.359576,0.380014,43.796970
0.025540,1.457182,10.985425
0.022907,1.492386,9.256560
0.147457,0.918622,18.794363
-0.057736,0.471468,18.657709
-0.081739,1.073387,12.543328
-0.017393,1.471011,10.225629
-0.014452,1.279164,12.309774
0.054808,1.016880,9.274623
0.290780,0.383151,43.906544
0.001466,1.084269,19.231905
0.019639,1.429186,9.969572
-0.072126,1.481235,9.671707
0.033426,0.973459,12.345763
-0.126578,1.422762,12.235476
0.187407,1.035081,22.591270
-0.147837,0.913840,18.645563
-0.059388,1.445932,11.448727
0.061326,1.462694,11.025211
0.059922,0.473821,18.747904
0.059585,1.054121,12.384173
0.019639,1.429186,9.969572
-0.100327,1.146565,12.444771
-0.126666,1.215880,12.365962
0.051281,0.442011,26.330099
-0.058570,1.082114,19.189737
0.021743,1.437066,11.765857
0.147457,0.918622,18.794363
-0.039436,1.055582,12.378354
0.027747,0.921418,18.814257
-0.042543,1.086352,9.295630
-0.080858,1.374406,12.542575
-0.126578,1.422762,12.235476
0.044606,1.092928,11.990300
-0.100327,1.146565,12.444771
-0.063105,0.968728,13.134784
0.019639,1.429186,9.969572
-0.086296,0.478065,22.580469
0.061882,0.893965,22.627913
-0.058570,1.082114,19.189737
-0.086296,0.478065,22.580469
0.054808,1.016880,9.274623
-0.199339,0.982762,19.727560
-0.067522,1.210968,12.333730
0.067611,1.245664,12.047400
-0.147837,0.913840,18.645563
-0.147746,1.181598,12.751276
0.147457,0.918622,18.794363
0.035728,1.482656,9.690319
-0.085139,1.083047,26.276869
-0.044308,0.981609,13.283686
-0.123723,1.085123,12.649410
-0.121035,1.172972,19.116560
0.026888,1.259584,26.444109
-0.030290,1.432430,12.323068
0.054808,1.016880,9.274623
-0.067522,1.210968,12.333730
-0.057736,0.471468,18.657709
0.035728,1.482656,9.690319
0.085449,0.925047,12.688544
0.061125,1.168242,19.088291
-0.182487,1.175916,19.146843
-0.196058,1.283871,18.904640
0.001466,1.084269,19.231905
0.021743,1.437066,11.765857
-0.011759,1.084890,9.290413
0.023775,1.018279,12.038004
0.182918,0.848375,51.026951
-0.035056,1.422313,9.327703
0.085449,0.925047,12.688544
-0.072126,1.481235,9.671707
-0.111623,1.447100,11.818721
-0.137195,0.847853,50.776520
-0.037730,0.877414,19.783142
-0.117283,1.303891,12.497869
-0.147746,1.181598,12.751276
0.001466,1.084269,19.231905
-0.101116,0.964010,19.451172
-0.057736,0.471468,18.657709
-0.242395,0.773244,26.183329
0.087548,0.922563,18.844385
-0.085060,0.978243,12.371945
0.005293,1.102593,12.067100
-0.242395,0.773244,26.183329
0.027747,0.921418,18.814257
0.061125,1.168242,19.088291
-0.086322,1.417125,12.197612
0.020577,0.936631,26.433929
0.182918,0.848375,51.026951
-0.242395,0.773244,26.183329
-0.024849,1.189144,12.155961
-0.009996,1.459727,11.002357
-0.072126,1.481235,9.671707
-0.043408,1.086495,26.338890
0.044606,1.092928,11.990300
0.001466,1.084269,19.231905
-0.100327,1.146565,12.444771
-0.049330,1.468465,10.207530
0.134950,0.442829,26.384623
-0.034742,1.114289,12.161684
0.022907,1.492386,9.256560
-0.458899,0.854742,50.889336
0.054808,1.016880,9.274623
-0.060608,1.173088,19.127491
0.025540,1.457182,10.985425
-0.100327,1.146565,12.444771
0.022518,0.847595,50.879066
-0.057582,1.138647,9.357080
-0.458899,0.854742,50.889336
-0.148358,0.945279,26.568270
-0.111617,1.498402,9.276891
-0.030290,1.432430,12.323068
0.023775,1.018279,12.038004
-0.053849,1.113563,12.153233
0.134950,0.442829,26.384623
-0.064058,0.940940,26.485157
0.022907,1.492386,9.256560
-0.114089,0.441343,26.218771
0.087548,0.922563,18.844385
-0.199339,0.982762,19.727560
-0.085060,0.978243,12.371945
-0.044308,0.981609,13.283686
-0.075621,1.196846,9.286849
-0.187661,0.336976,18.278383
-0.331893,0.491358,50.455376
-0.044308,0.981609,13.283686
-0.266352,1.264945,26.457561
0.153709,1.048505,18.758430
-0.111623,1.447100,11.818721
-0.086296,0.478065,22.580469
-0.086817,1.320012,9.274250
-0.101278,0.337762,18.340500
-0.296434,0.849169,50.734932
-0.042543,1.086352,9.295630
-0.021482,1.442346,11.425937
-0.182487,1.175916,19.146843
-0.030581,0.918202,18.739334
0.085449,0.925047,12.688544
-0.081739,1.073387,12.543328
-0.075621,1.196846,9.286849
0.035825,1.037070,13.887421
-0.296434,0.849169,50.734932
0.087548,0.922563,18.844385
0.020577,0.936631,26.433929
-0.075011,1.277016,18.847763
-0.008796,1.467212,9.594470
-0.015473,0.490962,50.731621
0.014651,1.442819,11.434491
-0.124976,0.914941,13.418285
0.005293,1.102593,12.067100
0.005053,1.484118,9.696945
-0.124976,0.914941,13.418285
0.000757,1.171164,19.114235
-0.035056,1.422313,9.327703
-0.085060,0.978243,12.371945
-0.046608,0.980714,12.410108
0.059585,1.054121,12.384173
0.013002,1.194635,12.204099
-0.080858,1.374406,12.542575
-0.017393,1.471011,10.225629
-0.057582,1.138647,9.357080
-0.060608,1.173088,19.127491
0.082693,1.099428,12.050477
0.022907,1.492386,9.256560
0.062815,1.321858,12.154159
-0.051734,1.498518,9.280771
-0.123723,1.085123,12.649410
0.005053,1.484118,9.696945
-0.123723,1.085123,12.649410
-0.129001,1.459576,10.142058
-0.049330,1.468465,10.207530
0.002166,1.345944,12.328353
0.051943,1.441263,11.430899
-0.101278,0.337762,18.340500
0.061882,0.893965,22.627913
0.110202,0.764282,22.672394
0.035825,1.037070,13.887421
-0.037730,0.877414,19.783142
-0.079985,1.458748,10.987202
0.001466,1.084269,19.231905
0.001466,1.084269,19.231905
0.055709,0.946842,12.079500
0.055709,0.946842,12.079500
0.063226,1.080316,19.196632
0.087548,0.922563,18.844385
0.007465,1.496636,9.276195
0.200103,0.472789,22.551943
-0.045010,1.461252,11.007902
0.053078,1.486905,9.225859
-0.139550,1.034652,12.931480
-0.049330,1.468465,10.207530
0.187407,1.035081,22.591270
0.132949,0.904137,22.838730
-0.094689,1.443429,11.423797
0.115633,1.037163,22.607456
-0.075011,1.277016,18.847763
0.146076,0.589674,18.858273
0.061125,1.168242,19.088291
0.435439,0.889814,53.074085
-0.037730,0.877414,19.783142
-0.124976,0.914941,13.418285
0.000757,1.171164,19.114235
0.110202,0.764282,22.672394
0.000757,1.171164,19.114235
0.085449,0.925047,12.688544
-0.024849,1.189144,12.155961
0.124452,1.066208,19.009628
-0.193063,1.385741,18.813637
0.435439,0.889814,53.074085
-0.060608,1.173088,19.127491
-0.154589,0.440865,26.144598
-0.008796,1.467212,9.594470
-0.166377,1.079139,26.171804
0.062815,1.321858,12.154159
-0.094689,1.443429,11.423797
-0.117283,1.303891,12.497869
0.061326,1.462694,11.025211
0.200103,0.472789,22.551943
-0.046608,0.980714,12.410108
0.115633,1.037163,22.607456
-0.266352,1.264945,26.457561
0.115633,1.037163,22.607456
0.044606,1.092928,11.990300
-0.086322,1.417125,12.197612
-0.199339,0.982762,19.727560
-0.107379,1.214586,12.358797
-0.037730,0.877414,19.783142
-0.064058,0.940940,26.485157
0.051943,1.441263,11.430899
-0.042543,1.086352,9.295630
0.005053,1.484118,9.696945
-0.023068,1.500107,9.293449
0.013002,1.194635,12.204099
0.051281,0.442011,26.330099
-0.043408,1.086495,26.338890
-0.060608,1.173088,19.127491
0.005053,1.484118,9.696945
-0.154589,0.440865,26.144598
-0.015473,0.490962,50.731621
-0.086322,1.417125,12.197612
-0.009996,1.459727,11.002357
-0.193063,1.385741,18.813637
0.187407,1.035081,22.591270
-0.183881,1.270851,26.578135
0.017016,1.086479,9.304501
-0.064058,0.940940,26.485157
0.219033,0.442627,26.426348
-0.015473,0.490962,50.731621
0.200103,0.472789,22.551943
0.053078,1.486905,9.225859
0.005053,1.484118,9.696945
0.359576,0.380014,43.796970
0.063226,1.080316,19.196632
0.013002,1.194635,12.204099
-0.119061,1.078950,19.132711
0.365921,2.266346,44.001595
0.002148,0.948548,12.936831
-0.105033,1.491786,9.730281
-0.105033,1.491786,9.730281
0.045176,1.293879,11.931408
0.124452,1.066208,19.009628
0.110202,0.764282,22.672394
-0.124976,0.914941,13.418285
0.050681,1.442819,10.056534
-0.031291,0.442172,26.271235
0.026888,1.259584,26.444109
0.053078,1.486905,9.225859
0.022518,0.847595,50.879066
-0.057102,1.263873,26.485352
-0.137195,0.847853,50.776520
-0.064058,0.940940,26.485157
0.219033,0.442627,26.426348
-0.101278,0.337762,18.340500
0.151727,0.387377,44.061264
-0.011759,1.084890,9.290413
-0.035056,1.422313,9.327703
-0.057736,0.471468,18.657709
0.067611,1.245664,12.047400
0.151727,0.387377,44.061264
0.022518,0.847595,50.879066
-0.014452,1.279164,12.309774
-0.331893,0.491358,50.455376
0.061326,1.462694,11.025211
-0.227243,0.931066,26.211248
-0.085139,1.083047,26.276869
-0.119061,1.078950,19.132711
-0.193063,1.385741,18.813637
0.061125,1.168242,19.088291
0.002166,1.345944,12.328353
-0.148358,0.945279,26.568270
-0.023068,1.500107,9.293449
-0.137195,0.847853,50.776520
-0.063105,0.968728,13.134784
0.200103,0.472789,22.551943
0.110202,0.764282,22.672394
0.067611,1.245664,12.047400
-0.015067,1.023905,12.084979
-0.039436,1.055582,12.378354
0.062815,1.321858,12.154159
-0.148358,0.945279,26.568270
-0.064058,0.940940,26.485157
-0.101278,0.337762,18.340500
-0.009996,1.459727,11.002357
-0.121035,1.172972,19.116560
0.067611,1.245664,12.047400
0.087548,0.922563,18.844385
-0.129001,1.459576,10.142058
-0.057582,1.138647,9.357080
-0.057582,1.138647,9.357080
-0.266352,1.264945,26.457561
0.035728,1.482656,9.690319
-0.039436,1.055582,12.378354
0.000757,1.171164,19.114235
0.025540,1.457182,10.985425
-0.126578,1.422762,12.235476
-0.102318,1.333930,12.740684
0.128845,0.469705,22.419865
-0.101278,0.337762,18.340500
-0.047910,1.417567,12.208117
0.115633,1.037163,22.607456
0.059922,0.473821,18.747904
0.051943,1.441263,11.430899
-0.100327,1.146565,12.444771
0.435439,0.889814,53.074085
-0.021482,1.442346,11.425937
0.035728,1.482656,9.690319
-0.057102,1.263873,26.485352
0.022518,0.847595,50.879066
-0.007798,0.985184,12.452497
0.054808,1.016880,9.274623
-0.193063,1.385741,18.813637
-0.059388,1.445932,11.448727
-0.067522,1.210968,12.333730
-0.086322,1.417125,12.197612
0.134950,0.442829,26.384623
-0.037730,0.877414,19.783142
-0.154589,0.440865,26.144598
-0.111623,1.447100,11.818721
-0.187661,0.336976,18.278383
-0.111623,1.447100,11.818721
-0.058570,1.082114,19.189737
0.062815,1.321858,12.154159
0.085449,0.925047,12.688544
-0.107379,1.214586,12.358797
-0.067522,1.210968,12.333730
0.147457,0.918622,18.794363
-0.458899,0.854742,50.889336
-0.111623,1.447100,11.818721
-0.147746,1.181598,12.751276
0.007465,1.496636,9.276195
-0.007798,0.985184,12.452497
0.153709,1.048505,18.758430
0.023775,1.018279,12.038004
-0.014452,1.279164,12.309774
0.001466,1.084269,19.231905
-0.135163,1.279938,18.876528
-0.058570,1.082114,19.189737
-0.102318,1.333930,12.740684
-0.014452,1.279164,12.309774
-0.124976,0.914941,13.418285
0.002148,0.948548,12.936831
-0.059388,1.445932,11.448727
0.035728,1.482656,9.690319
0.182918,0.848375,51.026951
-0.086817,1.320012,9.274250
0.187407,1.035081,22.591270
0.318230,0.697121,44.228561
-0.123177,1.392172,12.670670
-0.196058,1.283871,18.904640
-0.075621,1.196846,9.286849
0.022907,1.492386,9.256560
-0.248331,1.077280,26.102961
-0.037730,0.877414,19.783142
0.023775,1.018279,12.038004
0.182918,0.848375,51.026951
-0.011759,1.084890,9.290413
0.017016,1.086479,9.304501
0.025540,1.457182,10.985425
0.035728,1.482656,9.690319
-0.103605,0.961231,13.043588
-0.126666,1.215880,12.365962
0.035728,1.482656,9.690319
0.044606,1.092928,11.990300
0.087548,0.922563,18.844385
0.151727,0.387377,44.061264
0.435439,0.889814,53.074085
-0.023068,1.500107,9.293449
-0.094689,1.443429,11.423797
0.033426,0.973459,12.345763
0.147457,0.918622,18.794363
0.082693,1.099428,12.050477
-0.075011,1.277016,18.847763
-0.242395,0.773244,26.183329
-0.007798,0.985184,12.452497
-0.046608,0.980714,12.410108
0.033426,0.973459,12.345763
-0.114089,0.441343,26.218771
0.067611,1.245664,12.047400
0.045176,1.293879,11.931408
0.033426,0.973459,12.345763
-0.086322,1.417125,12.197612
-0.196058,1.283871,18.904640
-0.173433,0.489043,50.487095
-0.100327,1.146565,12.444771
0.021743,1.437066,11.765857
0.059585,1.054121,12.384173
0.058850,1.437519,11.768661
-0.040654,0.600343,26.284737
-0.075621,1.196846,9.286849
-0.037730,0.877414,19.783142
-0.129001,1.459576,10.142058
-0.021482,1.442346,11.425937
-0.123177,1.392172,12.670670
-0.063105,0.968728,13.134784
0.365921,2.266346,44.001595
-0.031291,0.442172,26.271235
0.408323,1.176792,53.585426
-0.458899,0.854742,50.889336
0.025540,1.457182,10.985425
-0.059372,1.332689,9.351562
-0.248331,1.077280,26.102961
0.014651,1.442819,11.434491
-0.123177,1.392172,12.670670
-0.331893,0.491358,50.455376
0.056427,0.480079,22.701349
0.051954,1.195067,12.212435
-0.045010,1.461252,11.007902
-0.075621,1.196846,9.286849
-0.030581,0.918202,18.739334
-0.193063,1.385741,18.813637
-0.119061,1.078950,19.132711
0.013002,1.194635,12.204099
0.146076,0.589674,18.858273
-0.059372,1.332689,9.351562
-0.124976,0.914941,13.418285
-0.042543,1.086352,9.295630
0.013002,1.194635,12.204099
0.026888,1.259584,26.444109
-0.227243,0.931066,26.211248
-0.105033,1.491786,9.730281
-0.139550,1.034652,12.931480
0.058850,1.437519,11.768661
-0.080858,1.374406,12.542575
-0.242395,0.773244,26.183329
0.187407,1.035081,22.591270
-0.196058,1.283871,18.904640
-0.017393,1.471011,10.225629
-0.080858,1.374406,12.542575
0.187407,1.035081,22.591270
-0.085060,0.978243,12.371945
0.017016,1.086479,9.304501
0.000757,1.171164,19.114235
0.054808,1.016880,9.274623
-0.126666,1.215880,12.365962
0.087548,0.922563,18.844385
-0.094689,1.443429,11.423797
-0.148358,0.945279,26.568270
-0.058570,1.082114,19.189737
0.053078,1.486905,9.225859
0.035825,1.037070,13.887421
0.087548,0.922563,18.844385
-0.137195,0.847853,50.776520
-0.126666,1.215880,12.365962
-0.139550,1.034652,12.931480
-0.086817,1.320012,9.274250
-0.101278,0.337762,18.340500
0.002166,1.345944,12.328353
-0.094689,1.443429,11.423797
0.033426,0.973459,12.345763
0.061882,0.893965,22.627913
0.120805,0.465722,18.564472
0.027790,1.257350,12.135585
-0.085139,1.083047,26.276869
0.318230,0.697121,44.228561
0.021743,1.437066,11.765857
0.087548,0.922563,18.844385
0.005053,1.484118,9.696945
-0.182487,1.175916,19.146843
-0.053849,1.113563,12.153233
-0.086322,1.417125,12.197612
-0.183881,1.270851,26.578135
0.002148,0.948548,12.936831
0.067611,1.245664,12.047400
-0.044308,0.981609,13.283686
0.120805,0.465722,18.564472
-0.064058,0.940940,26.485157
-0.017393,1.471011,10.225629
0.051281,0.442011,26.330099
0.115633,1.037163,22.607456
-0.123723,1.085123,12.649410
-0.072126,1.481235,9.671707
-0.037730,0.877414,19.783142
-0.236737,0.440025,26.091375
0.051954,1.195067,12.212435
0.000757,1.171164,19.114235
-0.057582,1.138647,9.357080
0.000757,1.171164,19.114235
-0.035056,1.422313,9.327703
0.200103,0.472789,22.551943
-0.100327,1.146565,12.444771
0.187407,1.035081,22.591270
-0.030581,0.918202,18.739334
-0.085139,1.083047,26.276869
0.017016,1.086479,9.304501
-0.046608,0.980714,12.410108
-0.196058,1.283871,18.904640
-0.102318,1.333930,12.740684
-0.023068,1.500107,9.293449
-0.102318,1.333930,12.740684
0.025540,1.457182,10.985425
0.085449,0.925047,12.688544
0.061125,1.168242,19.088291
-0.148358,0.945279,26.568270
0.200103,0.472789,22.551943
-0.023068,1.500107,9.293449
-0.015067,1.023905,12.084979
-0.248331,1.077280,26.102961
0.033426,0.973459,12.345763
-0.057582,1.138647,9.357080
-0.040654,0.600343,26.284737
-0.043408,1.086495,26.338890
-0.173433,0.489043,50.487095
-0.030290,1.432430,12.323068
-0.126666,1.215880,12.365962
0.017016,1.086479,9.304501
-0.007798,0.985184,12.452497
0.056427,0.480079,22.701349
0.027747,0.921418,18.814257
-0.015473,0.490962,50.731621
0.020577,0.936631,26.433929
-0.148358,0.945279,26.568270
-0.067522,1.210968,12.333730
-0.051734,1.498518,9.280771
0.153709,1.048505,18.758430
0.093232,0.963479,12.258869
-0.047910,1.417567,12.208117
0.067611,1.245664,12.047400
0.035728,1.482656,9.690319
-0.331893,0.491358,50.455376
0.007465,1.496636,9.276195
-0.081739,1.073387,12.543328
-0.034742,1.114289,12.161684
-0.137195,0.847853,50.776520
0.025540,1.457182,10.985425
0.005293,1.102593,12.067100
0.132949,0.904137,22.838730
-0.102318,1.333930,12.740684
0.435439,0.889814,53.074085
0.014651,1.442819,11.434491
-0.015067,1.023905,12.084979
-0.331893,0.491358,50.455376
-0.057102,1.263873,26.485352
-0.024849,1.189144,12.155961
-0.123177,1.392172,12.670670
0.014651,1.442819,11.434491
0.062815,1.321858,12.154159
-0.103605,0.961231,13.043588
0.054808,1.016880,9.274623
-0.086296,0.478065,22.580469
-0.182487,1.175916,19.146843
0.134950,0.442829,26.384623
0.153709,1.048505,18.758430
0.061882,0.893965,22.627913
0.063226,1.080316,19.196632
-0.007798,0.985184,12.452497
0.058850,1.437519,11.768661
-0.039436,1.055582,12.378354
0.063226,1.080316,19.196632
-0.017393,1.471011,10.225629
0.061882,0.893965,22.627913
0.005053,1.484118,9.696945
-0.086296,0.478065,22.580469
-0.107379,1.214586,12.358797
0.134950,0.442829,26.384623
0.019639,1.429186,9.969572
-0.044308,0.981609,13.283686
-0.114089,0.441343,26.218771
-0.064058,0.940940,26.485157
-0.130609,1.372671,18.679020
0.025540,1.457182,10.985425
-0.248331,1.077280,26.102961
0.001466,1.084269,19.231905
-0.154589,0.440865,26.144598
0.187407,1.035081,22.591270
-0.129001,1.459576,10.142058
-0.044308,0.981609,13.283686
0.002148,0.948548,12.936831
-0.051734,1.498518,9.280771
0.134950,0.442829,26.384623
-0.040654,0.600343,26.284737
0.087548,0.922563,18.844385
-0.030290,1.432430,12.323068
-0.043408,1.086495,26.338890
-0.129001,1.459576,10.142058
0.085449,0.925047,12.688544
-0.049330,1.468465,10.207530
0.093232,0.963479,12.258869
-0.081739,1.073387,12.543328
-0.086296,0.478065,22.580469
-0.147746,1.181598,12.751276
-0.236737,0.440025,26.091375
0.061326,1.462694,11.025211
-0.111623,1.447100,11.818721
-0.007798,0.985184,12.452497
0.063226,1.080316,19.196632
-0.064058,0.940940,26.485157
-0.107379,1.214586,12.358797
-0.126666,1.215880,12.365962
-0.049330,1.468465,10.207530
-0.047910,1.417567,12.208117
-0.248331,1.077280,26.102961
0.151727,0.387377,44.061264
0.027790,1.257350,12.135585
-0.129001,1.459576,10.142058
-0.236737,0.440025,26.091375
-0.107379,1.214586,12.358797
-0.085139,1.083047,26.276869
0.120805,0.465722,18.564472
0.023775,1.018279,12.038004
-0.111623,1.447100,11.818721
0.062815,1.321858,12.154159
0.067611,1.245664,12.047400
0.025540,1.457182,10.985425
0.025540,1.457182,10.985425
-0.135163,1.279938,18.876528
0.044606,1.092928,11.990300
-0.030581,0.918202,18.739334
0.061125,1.168242,19.088291
0.027747,0.921418,18.814257
0.050681,1.442819,10.056534
0.365921,2.266346,44.001595
0.056427,0.480079,22.701349
-0.051734,1.498518,9.280771
-0.057582,1.138647,9.357080
-0.057582,1.138647,9.357080
0.050681,1.442819,10.056534
0.051954,1.195067,12.212435
0.061125,1.168242,19.088291
-0.049330,1.468465,10.207530
-0.147837,0.913840,18.645563
0.115633,1.037163,22.607456
0.054808,1.016880,9.274623
-0.011759,1.084890,9.290413
0.182918,0.848375,51.026951
-0.058570,1.082114,19.189737
-0.173433,0.489043,50.487095
-0.105033,1.491786,9.730281
-0.458899,0.854742,50.889336
0.026888,1.259584,26.444109
-0.117283,1.303891,12.497869
-0.008796,1.467212,9.594470
0.093232,0.963479,12.258869
-0.047910,1.417567,12.208117
-0.042543,1.086352,9.295630
0.061125,1.168242,19.088291
0.023775,1.018279,12.038004
-0.014452,1.279164,12.309774
-0.051734,1.498518,9.280771
0.151727,0.387377,44.061264
-0.009996,1.459727,11.002357
0.124452,1.066208,19.009628
0.027790,1.257350,12.135585
-0.139550,1.034652,12.931480
-0.085139,1.083047,26.276869
-0.021482,1.442346,11.425937
-0.080858,1.374406,12.542575
-0.102318,1.333930,12.740684
-0.173433,0.489043,50.487095
-0.059388,1.445932,11.448727
-0.126578,1.422762,12.235476
-0.039436,1.055582,12.378354
-0.135163,1.279938,18.876528
-0.137195,0.847853,50.776520
-0.331893,0.491358,50.455376
-0.046608,0.980714,12.410108
0.435439,0.889814,53.074085
-0.111623,1.447100,11.818721
-0.242395,0.773244,26.183329
0.061882,0.893965,22.627913
0.002148,0.948548,12.936831
-0.166377,1.079139,26.171804
0.021743,1.437066,11.765857
-0.031291,0.442172,26.271235
0.055709,0.946842,12.079500
-0.047910,1.417567,12.208117
-0.021482,1.442346,11.425937
-0.085060,0.978243,12.371945
-0.145232,0.962860,13.055317
-0.173433,0.489043,50.487095
-0.059388,1.445932,11.448727
-0.064058,0.940940,26.485157
0.045176,1.293879,11.931408
-0.107379,1.214586,12.358797
0.033426,0.973459,12.345763
-0.101278,0.337762,18.340500
-0.024849,1.189144,12.155961
-0.331893,0.491358,50.455376
0.061125,1.168242,19.088291
0.147457,0.918622,18.794363
-0.248331,1.077280,26.102961
0.059922,0.473821,18.747904
-0.047910,1.417567,12.208117
-0.015473,0.490962,50.731621
0.021743,1.437066,11.765857
-0.145232,0.962860,13.055317
0.093232,0.963479,12.258869
0.051943,1.441263,11.430899
0.290780,0.383151,43.906544
0.002166,1.345944,12.328353
-0.014452,1.279164,12.309774
0.002166,1.345944,12.328353
-0.102318,1.333930,12.740684
-0.007798,0.985184,12.452497
-0.030581,0.918202,18.739334
-0.148358,0.945279,26.568270
-0.135163,1.279938,18.876528
0.153709,1.048505,18.758430
0.085449,0.925047,12.688544
0.035728,1.482656,9.690319
0.002148,0.948548,12.936831
-0.147746,1.181598,12.751276
0.023775,1.018279,12.038004
-0.145232,0.962860,13.055317
0.435439,0.889814,53.074085
-0.248331,1.077280,26.102961
0.000757,1.171164,19.114235
-0.242395,0.773244,26.183329
-0.458899,0.854742,50.889336
-0.030290,1.432430,12.323068
0.033426,0.973459,12.345763
0.056427,0.480079,22.701349
-0.009996,1.459727,11.002357
-0.039436,1.055582,12.378354
-0.166377,1.079139,26.171804
-0.086296,0.478065,22.580469
-0.145232,0.962860,13.055317
0.001466,1.084269,19.231905
-0.035056,1.422313,9.327703
-0.023068,1.500107,9.293449
-0.039436,1.055582,12.378354
0.021743,1.437066,11.765857
-0.067522,1.210968,12.333730
0.061882,0.893965,22.627913
0.093232,0.963479,12.258869
-0.145232,0.962860,13.055317
0.005293,1.102593,12.067100
-0.035056,1.422313,9.327703
-0.119061,1.078950,19.132711
0.085449,0.925047,12.688544
-0.067522,1.210968,12.333730
0.023775,1.018279,12.038004
-0.031291,0.442172,26.271235
0.200103,0.472789,22.551943
0.153709,1.048505,18.758430
0.050681,1.442819,10.056534
0.134950,0.442829,26.384623
-0.296434,0.849169,50.734932
-0.100327,1.146565,12.444771
0.053078,1.486905,9.225859
-0.173433,0.489043,50.487095
-0.040654,0.600343,26.284737
-0.123723,1.085123,12.649410
-0.017393,1.471011,10.225629
-0.117283,1.303891,12.497869
-0.126666,1.215880,12.365962
0.124452,1.066208,19.009628
-0.011759,1.084890,9.290413
0.110202,0.764282,22.672394
-0.117283,1.303891,12.497869
0.128845,0.469705,22.419865
-0.123177,1.392172,12.670670
-0.103605,0.961231,13.043588
-0.331893,0.491358,50.455376
-0.060608,1.173088,19.127491
-0.193063,1.385741,18.813637
-0.126578,1.422762,12.235476
-0.039436,1.055582,12.378354
0.290780,0.383151,43.906544
-0.183881,1.270851,26.578135
-0.137195,0.847853,50.776520
0.085449,0.925047,12.688544
-0.042543,1.086352,9.295630
0.059585,1.054121,12.384173
0.013002,1.194635,12.204099
0.053078,1.486905,9.225859
0.059585,1.054121,12.384173
0.051954,1.195067,12.212435
-0.008796,1.467212,9.594470
0.051281,0.442011,26.330099
-0.009996,1.459727,11.002357
-0.057736,0.471468,18.657709
-0.049330,1.468465,10.207530
0.318230,0.697121,44.228561
-0.103605,0.961231,13.043588
-0.031291,0.442172,26.271235
-0.166377,1.079139,26.171804
-0.015067,1.023905,12.084979
-0.080858,1.374406,12.542575
-0.183881,1.270851,26.578135
-0.086296,0.478065,22.580469
-0.042543,1.086352,9.295630
0.053078,1.486905,9.225859
0.054808,1.016880,9.274623
-0.082518,1.499980,9.285989
0.017016,1.086479,9.304501
0.219033,0.442627,26.426348
-0.015067,1.023905,12.084979
-0.183881,1.270851,26.578135
-0.182487,1.175916,19.146843
0.050681,1.442819,10.056534
0.219033,0.442627,26.426348
-0.123723,1.085123,12.649410
0.115633,1.037163,22.607456
0.022518,0.847595,50.879066
-0.458899,0.854742,50.889336
0.147457,0.918622,18.794363
-0.081739,1.073387,12.543328
