-0.866978,0.846487,22.791344
4.002665,0.599915,51.818035
-0.408369,0.965107,22.648027
0.146557,1.099908,22.564451
-1.111808,1.566027,23.335926
1.169812,1.473556,22.431175
1.098267,0.675419,22.474604
1.841135,0.608367,51.065262
1.579066,0.917060,18.066053
-2.279715,1.635093,28.426474
0.071175,0.826852,22.609926
-0.336533,0.963309,22.638725
-1.025591,0.980184,22.790335
0.538512,1.091474,22.491360
1.680591,1.142342,18.167505
-1.970593,1.596579,25.183767
1.494199,1.042867,18.035244
-0.879385,0.975454,22.741226
0.006872,1.542281,21.365904
0.768882,0.941829,22.439844
1.672162,1.073890,22.349369
1.215428,1.514650,21.152517
0.144256,0.159161,37.683964
0.778194,0.678892,22.491529
2.904101,0.601813,51.291996
-1.619220,0.397226,36.886127
1.389014,0.807225,22.445230
1.057652,1.204757,22.437471
1.638548,1.347952,17.921265
0.816430,0.540503,22.788565
-1.523932,0.197039,39.442783
1.103906,0.952106,22.685547
1.830043,0.810528,36.905159
-1.180046,0.567366,22.952654
0.028144,0.580032,23.690443
-1.111808,1.566027,23.335926
4.385620,0.590680,51.485603
-1.241537,0.433315,23.039827
0.401740,1.537344,23.180466
-0.587573,1.242459,22.770462
-1.867377,1.590665,23.502928
-0.196692,0.580216,23.628496
0.243111,0.687882,22.573254
-2.086529,0.402209,36.885609
-3.067598,0.730959,39.275543
0.432250,1.094735,22.528334
1.572527,1.499244,20.980101
-0.132620,1.541493,24.756304
-0.480209,0.966918,22.660936
-0.967410,0.193913,39.676979
-0.323848,0.835359,22.694660
-3.053534,1.162199,39.091293
1.830043,0.810528,36.905159
1.389019,0.269762,48.634415
-1.246659,1.261021,22.923782
-1.523932,0.197039,39.442783
1.820602,0.360451,36.861774
-0.289731,0.415450,22.833744
0.784071,0.814859,22.497723
-0.515166,1.239595,22.743969
-1.040871,1.571527,23.410078
1.820602,0.360451,36.861774
-0.587573,1.242459,22.770462
1.271759,1.203488,22.441717
4.556057,0.590143,51.566879
-1.166899,0.431426,23.013056
-0.902581,1.513972,24.255600
-0.721071,0.842828,22.761644
0.254473,1.538917,23.181044
0.904138,1.099184,22.667507
1.527680,0.921860,18.138617
-0.818914,0.153215,23.451990
-0.297212,1.550048,23.252193
2.694853,1.128593,39.874554
1.447893,1.504050,22.852835
1.510895,1.505143,21.049870
4.147862,0.921701,50.174122
-0.157329,0.959255,22.597713
-0.107623,0.445205,23.902584
1.298513,0.295181,50.789478
0.466648,0.428613,39.960629
-1.536094,1.155926,23.162464
0.525328,1.215795,22.541382
3.419800,0.924927,50.017853
0.028144,0.580032,23.690443
-0.039145,0.143501,23.337393
-1.791943,1.588840,23.497236
-0.794311,0.844678,22.781485
-2.948041,0.930486,39.214863
-0.474504,0.700957,22.694599
-1.543491,1.270491,23.011728
0.006872,1.542281,21.365904
-0.297212,1.550048,23.252193
2.039700,1.100615,22.824440
1.385980,1.515913,21.176096
-0.054115,1.537546,24.724552
2.352083,1.185487,49.773590
4.556057,0.590143,51.566879
0.663900,0.534392,22.575323
-0.401830,0.699135,22.681137
1.555084,1.378008,18.257727
-1.295540,1.002245,23.131783
1.314283,1.475124,22.462477
0.621433,1.341619,19.025389
1.604757,1.128519,17.984930
-1.220066,0.998295,23.090042
-1.894594,0.199694,39.356453
1.572527,1.499244,20.980101
-1.220066,0.998295,23.090042
1.494199,1.042867,18.035244
1.938517,1.083655,22.524237
-0.039145,0.143501,23.337393
-0.870335,1.529378,24.471935
-0.240106,0.956323,13.398090
-1.389404,0.434991,23.068420
1.370538,0.933125,22.357119
-1.166899,0.431426,23.013056
0.024389,1.536674,24.714426
-3.053534,1.162199,39.091293
3.553980,1.181568,50.034103
1.613432,1.497002,19.590364
2.904101,0.601813,51.291996
1.785587,0.806097,22.474745
1.607382,1.040574,18.010479
-1.417934,0.859870,22.937649
-0.370998,1.551888,23.267597
2.831164,1.183758,49.883949
1.215428,1.514650,21.152517
0.850269,0.679211,22.516888
-1.481477,1.423446,22.897863
3.581151,0.924346,50.058342
-0.591013,0.188764,39.638245
4.385620,0.590680,51.485603
-1.479305,1.280353,23.169617
1.789782,0.293930,51.075420
-1.373035,0.317065,23.142355
3.083534,1.129846,39.989742
-1.683168,1.583072,25.056435
1.582243,1.348566,17.925051
1.548865,0.931220,22.356314
1.953362,0.292287,51.104824
-1.735968,0.398445,36.878441
-0.480209,0.966918,22.660936
0.525328,1.215795,22.541382
0.503628,0.404568,22.712519
-1.623047,0.576379,23.035641
0.882814,1.524510,21.242620
-0.228889,0.961058,22.609236
-0.228889,0.961058,22.609236
-0.697705,0.971418,22.712978
-1.683168,1.583072,25.056435
-1.836959,0.733828,23.081055
-0.713554,0.188389,39.441120
1.836327,0.620470,36.911098
3.016894,0.283655,51.310760
-2.799163,1.634837,34.557861
-1.214296,0.195067,39.538441
-0.818914,0.153215,23.451990
1.497168,0.807110,22.456228
-0.468646,0.837987,22.718817
1.765169,0.932014,22.385519
0.210157,1.541139,21.373737
4.286509,0.210465,45.919746
-1.756731,0.872014,23.090693
-1.441101,1.002696,23.102415
-1.086127,0.850983,22.837278
0.232026,0.708949,39.907398
-1.783017,1.150006,23.002316
-1.578094,0.440284,23.149349
-1.501576,0.990532,22.868826
-1.575376,0.993423,22.898645
0.768882,0.941829,22.439844
-0.779877,1.564608,23.371153
3.614893,0.702434,40.938999
1.082236,1.095136,22.624828
1.966581,1.195298,49.975655
0.982000,0.553168,23.202051
0.997767,1.221266,22.688595
1.537055,1.031883,17.883087
1.830043,0.810528,36.905159
1.715784,1.490032,24.252295
-0.842220,1.249375,22.827980
3.742521,0.923727,50.088013
1.098798,1.475369,22.447140
0.140918,1.532262,24.665821
0.296811,1.527474,24.629490
0.178529,0.824634,22.589035
-1.728205,1.274525,23.029987
0.042406,0.438961,23.716475
1.247027,0.950550,22.676916
0.347252,1.219793,22.569637
0.668445,0.179368,39.938534
-1.474362,0.572680,23.002899
-1.448191,1.139109,22.908339
0.144256,0.159161,37.683964
1.139270,0.298013,50.828030
0.778194,0.678892,22.491529
-1.159075,0.852800,22.848520
-0.644865,1.117935,22.733635
0.904138,1.099184,22.667507
-1.399731,0.195811,39.470730
-0.149960,0.695322,22.644684
1.680591,1.142342,18.167505
-1.214296,0.195067,39.538441
1.841135,0.608367,51.065262
-0.107623,0.445205,23.902584
-1.970593,1.596579,25.183767
0.039466,1.102155,22.594770
1.869189,0.811653,22.604109
-1.166601,1.533082,22.894403
-3.198728,0.454870,39.139549
3.720651,0.694407,40.679047
-0.370998,1.551888,23.267597
0.592334,0.535183,22.583244
1.458056,1.075159,22.345123
-1.791943,1.588840,23.497236
0.503545,1.092915,22.510988
3.213830,1.129585,40.026852
-0.122125,0.324716,24.007818
1.179193,1.359331,22.396921
1.281635,1.079160,22.379484
1.016259,1.519925,21.195988
0.218392,1.098109,22.555147
0.178529,0.824634,22.589035
1.637815,0.804510,22.427629
1.244927,0.676000,22.516447
2.985619,0.600981,51.302673
-0.149091,1.545352,23.218622
0.074001,1.540514,21.351322
-0.563253,1.539813,24.677376
4.556057,0.590143,51.566879
-0.228889,0.961058,22.609236
1.628662,0.295629,51.069599
0.750983,1.088114,22.464266
0.277585,1.537277,21.332539
-1.165527,0.714836,22.841501
0.250100,0.823831,22.577507
1.785587,0.806097,22.474745
-0.107623,0.445205,23.902584
1.555084,1.378008,18.257727
1.170378,0.675663,22.478327
1.548865,0.931220,22.356314
-1.649433,0.995259,22.911829
2.904101,0.601813,51.291996
-1.097413,0.980932,22.785219
-0.154272,0.971029,13.577630
1.822282,0.931762,49.669579
4.002665,0.599915,51.818035
1.915633,0.816575,22.724539
-0.355255,1.111629,22.670906
-0.001712,0.143116,23.341339
1.247027,0.950550,22.676916
0.219138,1.529360,24.646271
1.447894,1.508981,21.097733
-1.969761,0.400940,36.878872
0.196200,0.394045,37.806377
3.016894,0.283655,51.310760
-1.621497,1.277611,23.094780
-0.854769,1.566455,23.384888
2.517313,0.123447,36.700680
0.565957,0.683357,22.549681
-1.669549,1.144630,22.954544
1.669325,0.688820,22.905684
-1.836959,0.733828,23.081055
-0.893508,0.153991,23.446316
-0.395967,0.836153,22.701748
0.503628,0.404568,22.712519
2.374319,1.129831,39.822147
-1.970593,1.596579,25.183767
-1.836959,0.733828,23.081055
-0.054115,1.537546,24.724552
3.449779,0.929916,41.432453
-1.783017,1.150006,23.002316
1.947352,0.809281,36.906467
-1.202700,0.716277,22.854191
0.415017,0.180940,39.900383
-2.262092,0.405124,36.897785
-1.894594,0.199694,39.356453
-0.806433,1.247948,22.815010
-0.370998,1.551888,23.267597
-1.783017,1.150006,23.002316
-0.025740,0.188409,40.122337
-1.302317,1.136538,22.903875
-2.019681,0.202071,39.368717
1.787397,1.485054,24.190306
1.447893,1.504050,22.852835
-1.754503,1.587417,23.490370
2.412539,0.604703,51.189930
1.638548,1.347952,17.921265
0.250100,0.823831,22.577507
0.663900,0.534392,22.575323
1.139270,0.298013,50.828030
0.418526,1.219035,22.570314
1.494199,1.042867,18.035244
3.875618,1.181349,50.095383
2.831164,1.183758,49.883949
1.847192,0.703205,23.276197
2.881378,1.412670,31.503113
3.715341,1.181987,50.074589
1.240534,1.472801,22.431021
-0.643792,1.550103,24.801737
2.068759,0.617938,36.895962
4.147862,0.921701,50.174122
1.655699,0.928898,18.255295
-1.252695,0.568113,22.944487
-1.411059,0.318554,23.166418
0.581577,1.379481,22.621061
-0.289731,0.415450,22.833744
-3.138462,1.424274,39.135445
-0.149091,1.545352,23.218622
0.108030,1.539479,23.181074
-0.939930,0.847291,22.798985
-2.146744,0.403944,36.912403
-0.515166,1.239595,22.743969
-0.154272,0.971029,13.577630
-0.552334,0.967724,22.671631
-0.039145,0.143501,23.337393
-0.132620,1.541493,24.756304
-0.967668,1.570777,23.419079
0.328528,1.537094,23.171467
1.822282,0.931762,49.669579
-1.389404,0.434991,23.068420
0.061248,1.226061,22.632374
-1.208933,1.259577,22.911924
2.352083,1.185487,49.773590
-1.474362,0.572680,23.002899
0.882814,1.524510,21.242620
1.488898,0.936040,18.360107
-2.441368,0.203661,39.106186
-1.498444,0.722717,22.936604
1.711014,0.804786,22.443836
-1.018768,0.711129,22.800436
1.497168,0.807110,22.456228
0.652044,1.377659,22.600662
-1.223770,0.314325,23.099625
0.062398,1.534197,24.693974
2.144196,1.118594,23.140455
0.418526,1.219035,22.570314
0.136848,0.690131,22.606628
0.592334,0.535183,22.583244
1.734682,1.199467,22.417543
1.611298,1.504058,21.045603
0.839882,0.941067,22.438303
-0.713554,0.188389,39.441120
-0.916298,1.252273,22.859188
-0.685278,0.841389,22.745070
0.778194,0.678892,22.491529
1.548865,0.931220,22.356314
2.198975,0.290909,51.174576
3.344059,1.288559,37.526741
-3.000226,0.209681,39.123257
3.987019,0.923392,50.166912
1.527559,1.161809,18.408480
1.385980,1.515913,21.176096
0.314678,0.686067,22.558125
1.475950,0.930925,22.335115
0.219138,1.529360,24.646271
-1.366479,1.127650,22.738773
0.821712,1.086321,22.453299
3.806001,0.894365,40.348167
1.497168,0.807110,22.456228
-0.842220,1.249375,22.827980
-1.578094,0.440284,23.149349
3.315278,0.598674,51.363415
-0.733199,1.246111,22.798777
1.765169,0.932014,22.385519
-0.806433,1.247948,22.815010
-1.679001,0.866939,23.019838
-0.800173,0.706635,22.753666
2.628607,1.128199,39.845322
-0.122125,0.324716,24.007818
0.360221,0.711080,40.051544
-0.175528,1.108660,22.655962
-1.111808,1.566027,23.335926
-1.804511,1.278485,23.072283
-1.448191,1.139109,22.908339
2.831164,1.183758,49.883949
2.085935,0.606962,51.124752
0.408431,0.530499,22.396851
1.655699,0.928898,18.255295
-1.276144,1.535262,22.897539
3.098999,0.926147,49.959625
2.501599,1.128505,39.831238
4.556057,0.590143,51.566879
1.953362,0.292287,51.104824
1.353726,0.611228,50.967640
0.128676,0.954012,22.542185
-1.441101,1.002696,23.102415
1.314283,1.475124,22.462477
1.027273,0.676170,22.472540
0.990958,0.676524,22.463049
-1.050286,1.137055,22.963371
3.147613,0.599196,51.286308
1.953362,0.292287,51.104824
0.663900,0.534392,22.575323
-1.086127,0.850983,22.837278
-0.697705,0.971418,22.712978
-0.196692,0.580216,23.628496
2.248946,0.606372,51.167736
-0.367832,1.545090,24.781691
0.118344,0.438259,23.747669
-2.994140,1.519828,36.269199
1.179193,1.359331,22.396921
1.447894,1.508981,21.097733
-1.315047,0.434135,23.050241
3.083534,1.129846,39.989742
-0.054115,1.537546,24.724552
0.581577,1.379481,22.621061
-3.122752,0.210875,39.090599
1.680591,1.142342,18.167505
1.678972,1.504351,21.049875
-1.687744,0.996768,22.940882
0.950502,1.523753,21.232475
1.240534,1.472801,22.431021
3.083534,1.129846,39.989742
3.553980,1.181568,50.034103
-2.262092,0.405124,36.897785
0.698434,0.942589,22.442221
-1.086127,0.850983,22.837278
-0.334588,1.236578,22.717655
-2.146744,0.403944,36.912403
0.146557,1.099908,22.564451
0.553336,1.002149,19.263870
0.196200,0.394045,37.806377
1.591591,1.501416,22.823406
-1.498444,0.722717,22.936604
1.558616,1.277183,18.321041
1.835744,1.030421,36.887760
-0.289894,1.544246,24.777941
0.914546,1.206289,22.438890
0.204095,1.223474,22.614319
-0.716980,1.119742,22.744326
1.030984,0.952848,22.675159
-0.032101,1.103971,22.609900
1.027273,0.676170,22.472540
-0.967410,0.193913,39.676979
2.220107,0.930896,49.778690
-1.202700,0.716277,22.854191
-0.361874,0.417318,22.862463
0.140918,1.532262,24.665821
-0.330287,0.698395,22.687639
0.057935,0.955830,22.560366
1.604757,1.128519,17.984930
-0.571627,1.116085,22.713795
0.503545,1.092915,22.510988
-1.411059,0.318554,23.166418
0.178529,0.824634,22.589035
-1.523932,0.197039,39.442783
2.989508,1.183125,49.900028
-0.407656,0.146270,23.290449
1.835744,1.030421,36.887760
-0.293658,0.697957,22.674110
0.555866,0.945167,22.458891
1.318111,0.676313,22.543474
-1.894594,0.199694,39.356453
-0.870335,1.529378,24.471935
0.892856,0.542998,22.878267
-1.252695,0.568113,22.944487
-1.679001,0.866939,23.019838
-0.054115,1.537546,24.724552
-0.842220,1.249375,22.827980
1.192395,0.612784,50.919941
-3.187589,0.731020,39.212383
-2.279715,1.635093,28.426474
0.514164,1.533704,21.318245
-1.302317,1.136538,22.903875
-1.292206,1.410937,22.756496
1.497168,0.807110,22.456228
2.220107,0.930896,49.778690
-0.734899,0.973921,22.743692
-1.399731,0.195811,39.470730
0.250100,0.823831,22.577507
-0.240106,0.956323,13.398090
-0.013923,0.956653,22.576883
1.545699,1.128098,17.970133
1.139270,0.298013,50.828030
0.328528,1.537094,23.171467
-1.804511,1.278485,23.072283
1.281635,1.079160,22.379484
-1.223770,0.314325,23.099625
-0.484776,1.540016,24.688877
-1.190778,1.132179,22.854986
-2.737664,0.215466,39.870865
-1.050286,1.137055,22.963371
0.821712,1.086321,22.453299
0.541183,0.180657,39.918625
1.057652,1.204757,22.437471
1.951194,0.618118,36.874413
1.016259,1.519925,21.195988
1.353726,0.611228,50.967640
-1.342724,0.856916,22.893684
-0.149960,0.695322,22.644684
0.171831,0.688653,22.576185
-0.132620,1.541493,24.756304
0.604907,0.984698,19.003860
0.663900,0.534392,22.575323
-1.190778,1.132179,22.854986
1.170378,0.675663,22.478327
3.140248,1.308166,37.940693
0.401740,1.537344,23.180466
-0.149091,1.545352,23.218622
0.321103,0.822044,22.568758
-1.295540,1.002245,23.131783
-2.877559,0.727777,39.230938
1.431988,0.565450,48.382454
0.024389,1.536674,24.714426
0.432082,0.404296,22.702415
1.488898,0.936040,18.360107
-0.288055,0.833920,22.678085
-3.187589,0.731020,39.212383
1.298513,0.295181,50.789478
-1.252695,0.568113,22.944487
-0.289731,0.415450,22.833744
-0.304767,0.549256,22.728970
-0.482517,1.556209,23.305670
3.315278,0.598674,51.363415
-1.679001,0.866939,23.019838
0.570487,0.817213,22.519547
-0.818914,0.153215,23.451990
0.432250,1.094735,22.528334
3.875618,1.181349,50.095383
1.582243,1.348566,17.925051
-0.826279,1.123013,22.774918
1.691969,0.931739,22.369308
-0.500079,1.115332,22.716690
1.655699,0.928898,18.255295
1.518099,1.197656,22.382517
1.174896,0.809544,22.455406
-1.411059,0.318554,23.166418
1.772579,0.133176,36.927662
2.865962,0.119650,36.677979
-1.464600,0.436896,23.097963
0.432082,0.404296,22.702415
2.116374,0.290672,51.140602
1.139270,0.298013,50.828030
3.702195,0.903376,40.609230
2.272252,1.185235,49.743782
1.271759,1.203488,22.441717
-0.587573,1.242459,22.770462
-0.854769,1.566455,23.384888
1.060909,0.299166,50.919701
0.950052,0.614245,50.884026
3.581151,0.924346,50.058342
0.277585,1.537277,21.332539
-2.052701,1.598515,25.201096
0.288599,0.182192,39.872711
0.128676,0.954012,22.542185
0.042406,0.438961,23.716475
3.581151,0.924346,50.058342
0.034243,1.542344,23.203686
-1.683168,1.583072,25.056435
1.734682,1.199467,22.417543
1.240534,1.472801,22.431021
1.212809,1.081011,22.413198
-1.180046,0.567366,22.952654
-2.754677,1.509864,36.150925
3.344059,1.288559,37.526741
0.360221,0.711080,40.051544
-1.783017,1.150006,23.002316
-1.134567,1.255634,22.868517
1.494199,1.042867,18.035244
1.321043,1.519755,21.219240
-0.072236,0.829466,22.634361
-0.806433,1.247948,22.815010
0.171831,0.688653,22.576185
-2.052701,1.598515,25.201096
-0.002104,1.543786,23.219427
-1.097413,0.980932,22.785219
1.611298,1.504058,21.045603
-1.165527,0.714836,22.841501
-1.165527,0.714836,22.841501
0.451078,1.521594,24.561815
-3.138462,1.424274,39.135445
3.098999,0.926147,49.959625
-0.842220,1.249375,22.827980
-0.866978,0.846487,22.791344
0.511311,1.534077,23.152090
0.570487,0.817213,22.519547
1.030910,1.352546,22.291304
-2.086529,0.402209,36.885609
0.432082,0.404296,22.702415
0.457785,0.684535,22.556707
1.082236,1.095136,22.624828
-1.013194,0.850217,22.840452
1.098798,1.475369,22.447140
-1.754503,1.587417,23.490370
0.587720,1.231716,19.240662
2.924480,0.119024,36.677525
-0.121000,0.594909,24.062073
-0.973363,1.129892,22.864233
-0.973363,1.129892,22.864233
-3.187589,0.731020,39.212383
3.987019,0.923392,50.166912
0.680250,1.089919,22.478842
0.680250,1.089919,22.478842
0.466648,0.428613,39.960629
-1.888765,1.592613,25.157015
-0.210838,1.543370,24.768646
0.816513,1.527303,21.267462
1.370538,0.933125,22.357119
-0.515166,1.239595,22.743969
-0.427940,1.113476,22.691580
-1.420390,1.439568,23.121456
1.057652,1.204757,22.437471
1.215428,1.514650,21.152517
1.633470,1.485688,24.188105
-1.208933,1.259577,22.911924
0.099657,0.185393,39.926193
1.548865,0.931220,22.356314
3.559123,0.920863,41.176113
0.296811,1.527474,24.629490
4.286509,0.210465,45.919746
0.321103,0.822044,22.568758
-0.764410,0.706284,22.762323
1.307540,1.203099,22.439558
4.714521,0.588234,51.503639
-0.367832,1.545090,24.781691
0.503628,0.404568,22.712519
-1.342724,0.856916,22.893684
0.373953,1.524515,24.590242
0.921841,0.678408,22.505362
1.298513,0.295181,50.789478
3.149777,1.182500,49.924427
0.288599,0.182192,39.872711
1.240534,1.472801,22.431021
-0.285818,0.983860,13.701064
-0.046449,0.580808,23.684771
0.816430,0.540503,22.788565
0.535241,0.818662,22.540562
-0.107623,0.445205,23.902584
1.558616,1.277183,18.321041
3.742521,0.923727,50.088013
-1.349467,0.718984,22.895264
2.374319,1.129831,39.822147
-2.052701,1.598515,25.201096
-0.733199,1.246111,22.798777
2.352083,1.185487,49.773590
1.915633,0.816575,22.724539
1.628662,0.295629,51.069599
-0.196692,0.580216,23.628496
0.712519,0.814600,22.491224
-0.196692,0.580216,23.628496
0.178529,0.824634,22.589035
1.321043,1.519755,21.219240
4.286509,0.210465,45.919746
-0.612898,0.840625,22.747412
2.374319,1.129831,39.822147
2.362539,0.289290,51.211185
-0.107623,0.445205,23.902584
1.582243,1.348566,17.925051
-0.893508,0.153991,23.446316
0.235742,0.951815,22.526285
-1.621497,1.277611,23.094780
1.170378,0.675663,22.478327
0.449056,0.947407,22.487827
1.951194,0.618118,36.874413
0.910093,0.939202,22.404865
0.982000,0.553168,23.202051
-0.054115,1.537546,24.724552
-0.190079,1.232958,22.694889
-3.198728,0.454870,39.139549
3.083534,1.129846,39.989742
1.633470,1.485688,24.188105
-0.186629,0.143932,23.296097
-1.166899,0.431426,23.013056
3.720651,0.694407,40.679047
1.510895,1.505143,21.049870
0.640885,1.214394,19.022814
1.835744,1.030421,36.887760
1.169756,0.947065,22.587769
0.386250,0.685263,22.546600
0.418526,1.219035,22.570314
-0.330287,0.698395,22.687639
4.509315,0.271775,51.611172
2.748933,0.120889,36.675285
0.535241,0.818662,22.540562
1.488898,0.936040,18.360107
-1.399731,0.195811,39.470730
0.525328,1.215795,22.541382
-1.448191,1.139109,22.908339
0.042406,0.438961,23.716475
3.742521,0.923727,50.088013
-0.032727,0.438690,23.695549
1.894958,0.944499,22.636698
-2.615470,0.214393,39.937359
4.556057,0.590143,51.566879
-0.872577,0.708474,22.772955
-0.519494,0.148637,23.340734
0.107229,0.826468,22.609989
2.881378,1.412670,31.503113
-0.077834,0.693491,22.626781
0.668445,0.179368,39.938534
-1.543491,1.270491,23.011728
-1.097413,0.980932,22.785219
3.646036,0.596387,51.433037
-1.246659,1.261021,22.923782
-0.842220,1.249375,22.827980
1.637815,0.804510,22.427629
2.068759,0.617938,36.895962
-0.916298,1.252273,22.859188
-1.159075,0.852800,22.848520
1.822282,0.931762,49.669579
0.587876,1.129428,19.159754
-0.190079,1.232958,22.694889
0.345526,0.290600,22.814716
3.559123,0.920863,41.176113
-0.149960,0.695322,22.644684
1.655699,0.928898,18.255295
1.841650,0.934397,22.442772
-1.604103,0.865080,23.002499
-0.077834,0.693491,22.626781
3.544532,1.131498,40.154148
-0.807571,0.975743,22.757156
0.996831,0.810454,22.458433
2.823766,1.129358,39.914982
0.525328,1.215795,22.541382
0.680250,1.089919,22.478842
1.951154,1.028091,36.859119
-1.479305,1.280353,23.169617
-0.288055,0.833920,22.678085
0.272362,0.290250,22.776875
1.314283,1.475124,22.462477
0.640756,1.116214,18.972122
-1.572521,0.724590,22.960604
1.678972,1.504351,21.049875
1.031237,0.810054,22.448784
-0.157329,0.959255,22.597713
1.304432,0.938124,22.441862
0.136848,0.690131,22.606628
-3.138462,1.424274,39.135445
4.509315,0.271775,51.611172
1.885596,0.131678,36.842987
-1.097413,0.980932,22.785219
-0.288055,0.833920,22.678085
1.551848,1.498713,19.606064
-2.086529,0.402209,36.885609
1.744726,1.502573,21.027803
0.025174,1.227507,22.650337
1.678972,1.504351,21.049875
-0.162607,1.546187,21.394451
0.250100,0.823831,22.577507
-0.186629,0.143932,23.296097
1.016259,1.519925,21.195988
4.283734,0.484566,45.357151
-0.196692,0.580216,23.628496
-0.222345,0.695074,22.638739
-0.122125,0.324716,24.007818
-1.760917,0.730862,23.036539
3.987019,0.923392,50.166912
-1.295540,1.002245,23.131783
0.839882,0.941067,22.438303
-2.929857,1.161936,39.107586
4.286509,0.210465,45.919746
1.147764,1.515357,21.148241
0.882814,1.524510,21.242620
-0.222345,0.695074,22.638739
-1.754503,1.587417,23.490370
-2.645584,0.449256,39.222313
-1.770648,0.198424,39.371365
1.402069,1.089546,22.573242
-1.894594,0.199694,39.356453
0.967550,1.088938,22.502903
0.908614,1.518270,22.987785
1.060909,0.299166,50.919701
-0.484776,1.540016,24.688877
1.841650,0.934397,22.442772
0.146557,1.099908,22.564451
0.347252,1.219793,22.569637
-1.196260,0.854266,22.868423
1.103906,0.952106,22.685547
-2.508229,0.725023,39.284538
2.823766,1.129358,39.914982
1.681832,1.053386,18.185568
-0.001712,0.143116,23.341339
-0.818914,0.153215,23.451990
0.950502,1.523753,21.232475
-2.615470,0.214393,39.937359
-1.688508,1.271977,22.994007
2.924480,0.119024,36.677525
0.111586,1.100336,22.580475
0.914546,1.206289,22.438890
0.566769,1.517206,24.517370
1.108314,0.610143,50.764492
0.006872,1.542281,21.365904
-1.275943,0.717114,22.870432
1.885596,0.131678,36.842987
1.111457,1.365300,22.468344
-0.866978,0.846487,22.791344
-0.361874,0.417318,22.862463
0.850269,0.679211,22.516888
1.370538,0.933125,22.357119
1.529062,1.074384,22.339975
3.544532,1.131498,40.154148
0.064728,0.690925,22.613716
1.772579,0.133176,36.927662
-2.875957,1.516445,36.233910
2.501599,1.128505,39.831238
-0.046919,1.228251,22.643003
-3.072551,0.932810,39.213539
-1.391140,1.261516,22.910503
-0.216209,0.833121,22.668777
3.544532,1.131498,40.154148
-0.705535,1.561740,23.349377
0.555866,0.945167,22.458891
0.401740,1.537344,23.180466
0.277585,1.537277,21.332539
1.565982,0.804259,22.422516
0.132541,1.224240,22.615026
1.375506,1.504827,22.854097
3.581151,0.924346,50.058342
-0.013923,0.956653,22.576883
1.389014,0.807225,22.445230
-1.479305,1.280353,23.169617
1.830043,0.810528,36.905159
1.847192,0.703205,23.276197
0.708802,0.681796,22.538830
-0.842220,1.249375,22.827980
1.060909,0.299166,50.919701
0.235742,0.951815,22.526285
2.144196,1.118594,23.140455
-0.591013,0.188764,39.638245
-0.002104,1.543786,23.219427
1.529062,1.074384,22.339975
-1.275943,0.717114,22.870432
1.031237,0.810054,22.448784
3.419800,0.924927,50.017853
0.107229,0.826468,22.609989
0.640756,1.116214,18.972122
0.432082,0.404296,22.702415
-0.072236,0.829466,22.634361
-1.269497,0.855091,22.881056
1.591591,1.501416,22.823406
-1.737964,0.579856,23.108381
0.386250,0.685263,22.546600
-0.395967,0.836153,22.701748
-0.794311,0.844678,22.781485
-0.240106,0.956323,13.398090
0.449056,0.947407,22.487827
1.244927,0.676000,22.516447
2.116374,0.290672,51.140602
0.401740,1.537344,23.180466
-0.039145,0.143501,23.337393
0.980741,1.515414,22.962679
-0.027250,1.543686,21.377769
-0.552334,0.967724,22.671631
1.201292,1.205311,22.462116
2.144196,1.118594,23.140455
1.744726,1.502573,21.027803
-0.367832,1.545090,24.781691
4.556057,0.590143,51.566879
-0.336533,0.963309,22.638725
1.298513,0.295181,50.789478
1.307540,1.203099,22.439558
3.806001,0.894365,40.348167
0.640885,1.214394,19.022814
3.419800,0.924927,50.017853
-1.013194,0.850217,22.840452
1.840722,1.494493,22.746742
1.081462,1.517126,21.165874
1.139270,0.298013,50.828030
-0.361874,0.417318,22.862463
2.374319,1.129831,39.822147
-1.684886,0.727922,22.999231
-0.370998,1.551888,23.267597
1.779773,1.073753,22.352322
-0.149960,0.695322,22.644684
1.661484,1.198167,22.394127
0.457785,0.684535,22.556707
1.551848,1.498713,19.606064
1.841135,0.608367,51.065262
1.447893,1.504050,22.852835
0.610318,1.091776,22.510893
-2.570288,1.669830,31.501980
1.139270,0.298013,50.828030
-0.612898,0.840625,22.747412
-3.000226,0.209681,39.123257
1.215428,1.514650,21.152517
1.032155,1.482383,22.534645
1.389014,0.807225,22.445230
-2.939963,0.728449,39.232777
-2.879375,0.208533,39.164238
1.318009,0.808000,22.450380
0.401740,1.537344,23.180466
0.210157,1.541139,21.373737
1.836327,0.620470,36.911098
1.894958,0.944499,22.636698
1.402069,1.089546,22.573242
-0.967668,1.570777,23.419079
-2.570288,1.669830,31.501980
-0.685278,0.841389,22.745070
3.140248,1.308166,37.940693
-1.349467,0.718984,22.895264
-0.546647,0.702826,22.723318
-2.948041,0.930486,39.214863
0.680250,1.089919,22.478842
-0.625874,0.971670,22.718088
3.147613,0.599196,51.286308
-2.320845,0.202621,39.177395
0.921841,0.678408,22.505362
-1.502724,0.395953,36.877174
1.915633,0.816575,22.724539
0.525328,1.215795,22.541382
3.344137,1.130323,40.063953
1.510895,1.505143,21.049870
0.572923,1.366171,19.324209
-1.370717,1.004112,23.150511
1.247027,0.950550,22.676916
0.039466,1.102155,22.594770
1.527559,1.161809,18.408480
-1.208933,1.259577,22.911924
4.283734,0.484566,45.357151
1.588492,0.685287,22.791290
-1.202700,0.716277,22.854191
-0.764410,0.706284,22.762323
1.680591,1.142342,18.167505
0.503628,0.404568,22.712519
0.140918,1.532262,24.665821
3.742521,0.923727,50.088013
1.980880,0.931171,49.698689
0.074001,1.540514,21.351322
0.553336,1.002149,19.263870
-1.389404,0.434991,23.068420
0.839882,0.941067,22.438303
0.466648,0.428613,39.960629
-1.867377,1.590665,23.502928
2.694853,1.128593,39.874554
-0.112067,0.143218,23.319798
-1.728205,1.274525,23.029987
1.201292,1.205311,22.462116
0.296811,1.527474,24.629490
-1.604103,0.865080,23.002499
-1.754503,1.587417,23.490370
-1.765024,1.587100,25.101215
-1.603075,1.583753,23.476213
-1.728205,1.274525,23.029987
3.508005,0.709493,41.204498
-0.122125,0.324716,24.007818
-1.491149,0.861670,22.943068
1.031237,0.810054,22.448784
1.475950,0.930925,22.335115
-0.054115,1.537546,24.724552
1.847192,0.703205,23.276197
-2.818681,0.207971,39.188747
0.503628,0.404568,22.712519
3.987019,0.923392,50.166912
0.680250,1.089919,22.478842
0.778194,0.678892,22.491529
1.638548,1.347952,17.921265
-3.000226,0.209681,39.123257
1.565982,0.804259,22.422516
0.099657,0.185393,39.926193
-0.723128,1.552011,24.819626
4.055901,0.593112,51.460915
-1.097413,0.980932,22.785219
3.411476,1.130737,40.102062
1.537055,1.031883,17.883087
0.700738,0.416035,23.166281
-1.853313,0.399767,36.898766
1.375506,1.504827,22.854097
-1.838115,1.001551,22.992758
0.535241,0.818662,22.540562
-0.268416,0.548826,22.716829
2.633265,0.122152,36.683681
-1.441101,1.002696,23.102415
3.812654,0.595759,51.476032
0.581577,1.379481,22.621061
-1.756731,0.872014,23.090693
0.180974,1.539712,23.184246
-0.355255,1.111629,22.670906
-0.734899,0.973921,22.743692
0.034243,1.542344,23.203686
0.034243,1.542344,23.203686
-1.498444,0.722717,22.936604
-1.678224,1.585557,23.476913
2.002335,0.130472,36.854282
1.638548,1.347952,17.921265
-0.872577,0.708474,22.772955
1.098798,1.475369,22.447140
0.950052,0.614245,50.884026
3.480513,0.598060,51.406132
0.432250,1.094735,22.528334
0.373953,1.524515,24.590242
-1.481477,1.423446,22.897863
1.179193,1.359331,22.396921
-1.853313,0.399767,36.898766
1.768050,1.495290,22.752998
3.715341,1.181987,50.074589
-0.085204,0.958449,22.587019
1.098267,0.675419,22.474604
0.307588,0.951017,22.516977
-0.644865,1.117935,22.733635
0.946138,0.939855,22.415741
3.213830,1.129585,40.026852
0.570487,0.817213,22.519547
0.401740,1.537344,23.180466
0.636430,0.681522,22.525675
1.558616,1.277183,18.321041
-0.705535,1.561740,23.349377
2.924480,0.119024,36.677525
-1.728205,1.274525,23.029987
0.415017,0.180940,39.900383
-0.367832,1.545090,24.781691
1.840722,1.494493,22.746742
-2.994140,1.519828,36.269199
1.389019,0.269762,48.634415
1.281635,1.079160,22.379484
1.558616,1.277183,18.321041
1.661484,1.198167,22.394127
-2.765004,0.450302,39.156376
-0.401830,0.699135,22.681137
1.060909,0.299166,50.919701
-1.737964,0.579856,23.108381
-0.118209,1.230059,22.656744
3.544532,1.131498,40.154148
-0.210838,1.543370,24.768646
-0.370374,1.236980,22.723419
-1.970593,1.596579,25.183767
1.840722,1.494493,22.746742
3.480513,0.598060,51.406132
-0.260426,0.144772,23.311504
-0.612898,0.840625,22.747412
-0.046449,0.580808,23.684771
0.565957,0.683357,22.549681
-0.323848,0.835359,22.694660
