0: 0,1,12
1: 0,2,43
2: 0,1,26
3: 0,1,19
4: 0,0,22
5: 0,1,8
6: 0,1,14
7: 0,0,21
8: 0,0,13
9: 0,1,10
10: 0,1,25
11: 0,0,18
12: 0,1,11
13: 0,0,19
14: 0,1,12
15: 0,1,13
16: 0,1,9
17: 0,1,11
18: 0,1,9
19: 0,0,12
20: 0,1,18
21: 0,0,19
22: 0,0,26
23: 0,1,11
24: 0,1,19
25: 0,0,13
26: 0,1,12
27: 0,1,9
28: 0,0,26
29: 0,1,11
30: 0,0,12
31: 0,0,19
32: 0,1,13
33: 0,1,12
34: 0,1,19
35: 0,1,26
36: 0,0,13
37: 0,1,9
38: 0,1,11
39: 0,0,18
40: 0,0,12
41: 0,1,11
42: 0,1,10
43: 0,0,26
44: 0,1,12
45: 0,1,12
46: 0,1,22
47: 0,1,26
48: 0,1,26
49: 0,1,9
50: 0,0,12
51: 0,1,9
52: 0,1,19
53: 0,1,12
54: 0,1,25
55: 0,1,26
56: 0,1,12
57: 0,0,12
58: 0,0,13
59: 0,0,19
60: 0,0,13
61: 0,0,19
62: 0,1,9
63: 0,0,12
64: 0,1,11
65: 0,0,26
66: 0,1,11
67: 0,1,12
68: 0,0,19
69: 0,0,22
70: 0,1,19
71: 0,1,11
72: 0,1,26
73: 0,1,12
74: 0,1,12
75: 0,0,19
76: 0,1,18
77: 0,1,25
78: 0,1,12
79: 0,0,13
80: 0,1,19
81: 0,1,13
82: 0,1,12
83: 0,1,9
84: 0,1,12
85: 0,0,12
86: 0,1,26
87: 0,0,13
88: 0,1,12
89: 0,0,26
90: 0,1,11
91: 0,1,12
92: 0,1,12
93: 0,0,13
94: 0,0,18
95: 0,1,9
96: 0,1,18
97: 0,1,10
98: 0,1,11
99: 0,1,12
100: 0,1,13
101: 0,0,13
102: 0,1,19
103: 0,0,21
104: 0,1,12
105: 0,1,19
106: 0,1,18
107: 0,1,9
108: 0,1,18
109: 0,1,12
110: 0,1,19
111: 0,1,12
112: 0,0,13
113: 0,0,26
114: 0,1,19
115: 0,1,12
116: 0,1,12
117: 0,1,9
118: 0,1,12
119: 0,1,12
120: 0,1,19
121: 0,0,13
122: 0,1,12
123: 0,1,12
124: 0,0,13
125: 0,1,9
126: 0,1,19
127: 0,1,12
