0: -1,0,47
1: -1,0,47
2: -1,0,47
3: 1,1,37
4: 0,0,30
5: 0,1,37
6: 2,0,62
7: 0,1,37
8: 0,0,47
9: -1,1,38
10: 0,0,30
11: -1,0,47
12: 2,1,49
13: 0,1,38
14: 0,0,28
15: 1,0,30
16: -1,0,47
17: 2,0,62
18: 1,0,30
19: 2,1,49
20: 0,0,30
21: 0,0,47
22: 2,0,62
23: -1,0,38
24: -1,1,38
25: -1,0,47
26: 0,1,38
27: -1,0,47
28: 1,0,30
29: -1,0,47
30: -1,0,47
31: 0,1,37
32: 0,0,47
33: 2,0,62
34: 0,0,30
35: -1,0,47
36: -1,0,38
37: -1,0,47
38: -1,0,47
39: 1,1,44
40: -1,0,47
41: -1,0,47
42: 0,0,47
43: 0,1,37
44: 0,1,37
45: 0,0,38
46: 0,0,38
47: 0,0,38
48: -1,0,47
49: 1,0,30
50: 0,0,30
51: 0,1,38
52: 0,1,37
53: 0,0,47
54: -1,0,47
55: -1,0,47
56: 2,0,62
57: 0,0,47
58: 0,0,30
59: 0,0,38
60: 0,1,37
61: 0,0,30
62: -1,0,47
63: -2,1,47
64: 0,0,30
65: 0,0,28
66: -1,1,38
67: 0,1,38
68: 2,1,44
69: 1,0,30
70: 2,0,62
71: 0,0,30
72: 0,0,47
73: 0,0,30
74: 0,0,30
75: -1,0,47
76: 0,0,47
77: 0,0,47
78: -1,0,47
79: -1,0,47
80: -1,1,38
81: 0,0,39
82: 0,1,38
83: 0,1,37
84: -1,0,47
85: 0,0,38
86: -1,1,41
87: 0,1,38
88: 0,0,47
89: 0,0,30
90: 2,0,62
91: 1,1,37
92: 2,0,62
93: 0,0,28
94: 0,0,30
95: 2,0,62
96: -1,0,38
97: 1,0,30
98: -1,0,47
99: -1,0,47
100: 0,0,30
101: 0,0,28
102: -1,0,38
103: 1,1,37
104: -1,0,38
105: 2,0,62
106: 0,0,38
107: -1,0,46
108: 0,0,30
109: 0,1,38
110: -2,1,47
111: 1,1,37
112: 0,1,38
113: 1,0,30
114: 0,0,47
115: 0,0,38
116: 0,1,37
117: 2,0,62
118: 2,1,44
119: 0,0,30
120: 0,0,47
121: 0,0,30
122: -1,0,47
123: 0,0,47
124: -1,1,41
125: 2,0,62
126: 2,0,62
127: 0,1,38
128: 0,0,28
129: -2,1,47
130: 0,0,30
131: -1,0,47
132: 2,0,62
133: -1,0,47
134: 2,1,49
135: -1,0,38
136: -1,0,47
137: -1,0,47
138: 0,0,30
139: 2,0,62
140: -1,0,38
141: 0,0,30
142: 2,0,62
143: 0,0,47
144: 0,1,38
145: -1,0,47
146: -1,0,47
147: 0,0,39
148: 2,0,62
149: 2,0,62
150: 0,0,47
151: 0,0,38
152: 0,0,30
153: 0,0,47
154: 0,0,38
155: 0,0,47
156: 2,0,62
157: 0,1,37
158: 0,0,30
159: 0,0,30
160: -1,0,47
161: 2,0,62
162: 0,1,38
163: 0,1,37
164: 1,1,37
165: 1,0,30
166: 1,0,30
167: 0,0,38
168: 2,0,62
169: 0,0,30
170: 0,0,38
171: 0,0,47
172: -2,1,47
173: 0,1,38
174: -1,0,47
175: 0,1,38
176: -1,0,38
177: 0,1,39
178: -1,0,47
179: 0,0,47
180: -1,0,47
181: 2,0,62
182: 0,1,37
183: 0,0,30
184: 0,1,37
185: 0,0,30
186: -1,1,41
187: 0,0,30
188: 0,0,38
189: 1,1,44
190: -1,0,47
191: 0,0,30
192: 0,0,38
193: 0,0,38
194: 0,0,38
195: -1,0,47
196: -1,0,47
197: 0,0,30
198: 2,0,62
199: 0,1,37
200: -1,0,47
201: -1,0,47
202: 0,1,38
203: -1,0,38
204: 0,1,37
205: -1,0,38
206: 0,0,38
207: -1,0,38
208: -1,0,47
209: -1,0,38
210: -1,1,38
211: 0,0,30
212: 2,0,62
213: 1,1,37
214: -1,0,47
215: 0,0,47
216: 0,1,37
217: 2,0,62
218: 0,0,30
219: 1,0,30
220: -1,0,39
221: 1,0,30
222: 0,1,37
223: 2,0,62
224: -1,0,47
225: 2,0,62
226: -1,1,41
227: 0,0,38
228: -1,0,46
229: -1,0,47
230: 1,0,30
231: 0,0,38
232: -1,0,47
233: 0,1,37
234: 0,0,47
235: 2,0,62
236: 1,1,37
237: -1,0,47
238: -1,0,39
239: 1,1,37
240: 1,0,30
241: 1,1,37
242: 1,1,44
243: 0,0,30
244: 2,0,62
245: -1,0,47
246: 0,1,37
247: -1,1,38
248: -1,0,47
249: 0,0,28
250: -1,0,47
251: 0,1,38
252: 0,1,38
253: 0,0,30
254: 2,0,62
255: 0,0,30
256: 0,0,38
257: 2,0,62
258: -1,0,47
259: 2,1,49
260: 0,0,30
261: 2,0,62
262: -1,0,47
263: 2,0,62
264: -1,0,39
265: -2,1,47
266: 0,0,38
267: 0,1,37
268: 0,0,30
269: 0,1,38
270: 0,0,30
271: 0,1,37
272: -1,0,47
273: 0,0,47
274: 0,0,47
275: 0,0,30
276: 0,1,37
277: -1,0,47
278: -1,0,47
279: 0,0,38
280: 0,0,38
281: 1,0,30
282: 2,0,62
283: 0,0,47
284: 2,0,62
285: -1,0,47
286: 1,0,30
287: 0,1,37
288: 0,1,37
289: 0,0,30
290: 0,0,30
291: -1,0,46
292: 0,0,38
293: 2,0,62
294: 2,0,62
295: 1,0,30
296: 0,1,38
297: 0,0,47
298: 2,1,49
299: 2,0,62
300: 0,0,38
301: -1,0,47
302: 0,0,30
303: 0,0,38
304: 0,1,37
305: 0,1,38
306: 0,0,38
307: 0,0,28
308: -1,0,38
309: 0,1,37
310: 2,0,62
311: 0,0,38
312: -1,0,47
313: 0,0,38
314: 1,0,30
315: -1,0,38
316: -1,0,47
317: 2,0,62
318: 0,1,38
319: 2,0,62
320: 0,0,38
321: 0,1,38
322: 0,1,37
323: 0,0,38
324: 0,0,39
325: -1,0,47
326: -1,0,47
327: 2,0,62
328: -1,0,38
329: 0,0,30
330: 2,1,49
331: 2,0,62
332: 0,1,37
333: 0,1,37
334: -1,0,47
335: 0,0,38
336: -1,0,47
337: 1,1,44
338: -1,0,46
339: 0,1,37
340: -1,0,47
341: 0,0,30
342: 2,0,62
343: -1,0,38
344: 0,0,30
345: 0,0,38
346: -1,1,38
347: 0,0,30
348: 0,1,37
349: 0,0,47
350: 0,1,37
351: -1,0,39
352: 0,0,30
353: 0,0,30
354: 2,1,49
355: 0,1,38
356: 1,0,30
357: -1,0,47
358: -1,0,46
359: -1,0,47
360: -1,0,47
361: -1,0,38
362: 2,0,62
363: 0,0,38
364: -1,0,47
365: 0,0,47
366: 0,0,28
367: 2,0,62
368: -1,1,38
369: -1,0,47
370: -1,0,47
371: 1,0,30
372: -2,1,47
373: 2,0,62
374: 0,0,30
375: 0,0,38
376: 1,0,30
377: 0,0,39
378: 1,0,30
379: 0,0,47
380: 0,0,38
381: -1,0,47
382: 0,0,30
383: -1,0,47
384: 2,0,62
385: 0,0,38
386: -1,0,46
387: 0,1,38
388: 0,0,30
389: 1,1,37
390: 2,0,62
391: 0,1,37
392: 0,0,30
393: -1,0,47
394: 2,1,49
395: 0,0,38
396: -1,0,47
397: -1,0,47
398: 0,0,30
399: 0,1,37
400: 0,0,38
401: 0,1,37
402: 0,0,47
403: 0,0,28
404: 0,1,38
405: 0,0,30
406: -1,0,46
407: 0,0,47
408: 0,0,30
409: 0,0,30
410: 0,1,37
411: -1,0,47
412: -1,0,47
413: 2,0,62
414: 0,1,38
415: -1,0,47
416: -1,0,47
417: 0,0,30
418: -1,0,38
419: -1,0,38
420: -1,0,47
421: 0,1,38
422: 0,0,38
423: -1,1,38
424: 1,1,44
425: 0,0,47
426: 0,0,47
427: -1,1,38
428: 0,1,38
429: 0,0,38
430: 2,0,62
431: 0,0,38
432: 0,1,38
433: 2,0,62
434: 0,0,38
435: 1,1,37
436: 0,1,38
437: 0,0,30
438: 0,0,30
439: 1,1,37
440: -1,0,38
441: 0,1,39
442: -1,1,41
443: -1,0,38
444: 1,1,37
445: -2,1,47
446: 0,1,37
447: -1,0,47
448: -1,0,47
449: 1,0,30
450: -1,0,47
451: -1,0,47
452: 0,0,30
453: 2,0,62
454: -1,0,47
455: 0,0,38
456: 0,1,38
457: -2,1,47
458: 1,0,30
459: 1,0,30
460: -1,0,46
461: -1,0,46
462: 0,1,37
463: 2,0,62
464: 1,0,30
465: 2,0,62
466: -1,0,47
467: 0,0,38
468: 0,0,38
469: 0,0,38
470: 0,0,28
471: -1,0,47
472: -1,0,46
473: -1,0,47
474: -1,1,38
475: 2,0,62
476: -1,0,47
477: 0,0,47
478: 1,0,30
479: -1,0,47
480: 0,0,28
481: 1,0,30
482: 1,1,44
483: -1,0,47
484: 0,0,47
485: -1,0,39
486: -1,0,47
487: 0,0,38
488: -1,0,47
489: 0,1,38
490: 0,0,30
491: -1,0,47
492: -1,0,47
493: 2,0,62
494: -1,0,47
495: -1,0,47
496: -1,0,46
497: 1,0,30
498: 0,0,38
499: -1,1,38
500: 0,0,30
501: -1,1,38
502: 0,0,30
503: 0,1,37
504: 0,0,30
505: -1,0,47
506: 2,0,62
507: -1,0,47
508: -1,1,38
509: -1,0,47
510: 0,0,30
511: 1,0,30
512: 1,0,30
513: -1,0,47
514: -1,0,39
515: 0,0,30
516: 0,0,38
517: 0,0,38
518: -1,0,47
519: 0,1,37
520: -1,0,47
521: 2,1,49
522: -1,0,47
523: 0,0,30
524: -1,0,46
525: 1,1,37
526: -1,0,47
527: -1,1,38
528: 2,0,62
529: 2,0,62
530: -1,0,47
531: -1,0,47
532: 0,1,37
533: 0,1,38
534: -1,1,38
535: -1,0,47
536: -1,0,47
537: -1,0,47
538: -1,0,38
539: -1,1,38
540: 1,1,37
541: 0,0,38
542: 0,0,30
543: 2,0,62
544: 1,1,44
545: -1,0,47
546: 0,0,47
547: 2,0,62
548: -1,0,46
549: -1,0,47
550: 2,0,62
551: 0,0,30
552: 1,0,30
553: 0,0,47
554: 0,0,38
555: -1,1,38
556: 0,0,30
557: 2,0,62
558: 0,0,30
559: 0,0,28
560: 0,1,37
561: 1,0,30
562: -1,0,47
563: 2,0,62
564: 0,1,37
565: 0,1,37
566: -1,0,47
567: 2,0,62
568: 1,0,30
569: -1,0,47
570: 1,1,37
571: 0,0,28
572: 0,0,30
573: 0,0,30
574: 0,0,30
575: -1,1,38
576: 0,0,47
577: -1,0,47
578: -1,0,47
579: 0,0,38
580: 0,0,30
581: 0,0,38
582: 0,0,30
583: 0,0,38
584: 0,0,30
585: 0,1,37
586: 0,0,38
587: 0,0,38
588: 0,0,47
589: -1,0,46
590: 0,1,37
591: 0,0,30
592: 0,0,30
593: 0,1,39
594: 0,1,38
595: 0,0,38
596: 0,0,38
597: 1,1,44
598: 1,0,30
599: -1,0,47
600: 0,0,30
601: 2,0,62
602: 2,0,62
603: 0,0,28
604: 0,0,30
605: -1,0,47
606: 0,0,28
607: 0,0,47
608: 0,1,38
609: -1,0,47
610: -1,0,47
611: 0,1,37
612: 0,0,30
613: 0,1,38
614: 1,0,30
615: -1,0,47
616: -1,0,46
617: -1,0,47
618: 0,1,38
619: 2,0,62
620: 1,0,30
621: -1,0,47
622: 0,1,37
623: 0,0,47
624: 0,0,39
625: 2,0,62
626: 0,1,37
627: 1,1,37
628: 1,0,30
629: -1,0,47
630: 0,0,30
631: 1,0,30
632: 0,1,38
633: 0,0,30
634: 1,0,30
635: 0,0,30
636: -1,0,47
637: 0,0,47
638: -1,0,47
639: 0,0,30
640: 0,0,30
641: 1,1,44
642: -1,0,38
643: -1,0,38
644: 0,0,38
645: 1,0,30
646: -1,0,47
647: 0,0,47
648: 0,1,37
649: 0,0,28
650: 1,1,37
651: 0,1,37
652: 0,0,38
653: 0,1,37
654: -1,1,38
655: 0,0,28
656: 0,1,37
657: 0,1,38
658: 0,0,30
659: -1,0,47
660: -1,0,38
661: 0,0,38
662: 0,0,38
663: -1,0,38
664: -1,0,38
665: 2,0,62
666: -1,0,47
667: 2,0,62
668: 2,0,62
669: 0,1,37
670: 0,0,30
671: -1,0,47
672: -1,0,38
673: 0,0,39
674: -1,0,47
675: 0,0,30
676: 1,0,30
677: -1,0,47
678: 0,0,38
679: 0,0,30
680: 0,0,30
681: 2,0,62
682: -2,1,47
683: 1,0,30
684: 2,0,62
685: 1,1,37
686: -1,0,38
687: 0,1,38
688: 0,0,38
689: 0,0,39
690: 2,0,62
691: -1,0,47
692: 2,0,62
693: 0,0,47
694: 0,0,30
695: 0,0,30
696: 0,1,38
697: 1,1,37
698: -2,1,47
699: 0,0,47
700: 0,0,47
701: -1,0,47
702: -1,0,39
703: 2,0,62
704: 0,1,37
705: -2,1,47
706: -1,0,39
707: 1,0,30
708: 0,0,30
709: 0,1,38
710: 0,0,30
711: 0,1,37
712: 2,0,62
713: 1,0,30
714: 2,0,62
715: 0,0,30
716: 0,0,38
717: -1,0,39
718: 0,0,30
719: 0,0,30
720: 0,0,30
721: 0,0,30
722: 0,1,38
723: -1,0,47
724: -1,0,47
725: 0,1,38
726: -1,0,46
727: 2,0,62
728: -1,0,47
729: 2,0,62
730: 0,0,30
731: -1,0,38
732: 0,0,47
733: -1,1,38
734: 2,0,62
735: 0,0,47
736: 0,0,47
737: 0,1,38
738: 0,1,37
739: 2,0,62
740: 0,0,30
741: 0,0,30
742: 0,0,30
743: 2,0,62
744: 0,0,30
745: -1,1,38
746: 0,1,38
747: 0,0,30
748: -1,0,47
749: -1,0,46
750: 0,0,30
751: 0,0,38
752: 0,0,30
753: -1,0,47
754: -1,0,47
755: 0,1,38
756: 0,0,28
757: 0,0,30
758: 0,0,39
759: 0,0,30
760: 0,0,30
761: 0,0,30
762: -1,0,38
763: 0,0,30
764: 0,0,39
765: 1,0,30
766: 0,0,30
767: 2,0,62
768: -1,1,38
769: 0,0,38
770: -1,0,47
771: 0,1,38
772: -1,1,41
773: -1,1,41
774: 1,0,30
775: 0,0,47
776: 0,1,37
777: 2,0,62
778: 0,1,38
779: -1,0,47
780: 0,0,30
781: 1,0,30
782: -1,0,47
783: -1,0,47
784: 0,0,28
785: 1,0,30
786: 0,0,28
787: -1,0,47
788: -1,0,47
789: 1,0,30
790: 0,0,30
791: 0,1,37
792: 2,1,49
793: 0,0,38
794: -1,1,38
795: 0,0,38
796: -1,0,47
797: -1,0,47
798: 2,0,62
799: 1,1,37
800: 1,0,30
801: -1,0,47
802: 0,0,30
803: 0,1,38
804: 0,0,30
805: 0,1,38
806: -1,0,47
807: 0,0,47
808: 0,0,38
809: 0,1,37
810: 0,1,38
811: -1,0,38
812: 2,1,44
813: 2,0,62
814: 1,0,30
815: 0,0,47
816: -1,0,47
817: 0,0,39
818: 0,0,38
819: 0,1,37
820: -1,0,47
821: 1,1,37
822: 2,1,44
823: 1,0,30
824: 0,0,38
825: 1,0,30
826: 0,1,38
827: 0,0,38
828: -1,1,38
829: 2,0,62
830: -1,0,47
831: 0,1,37
832: 0,0,47
833: 1,0,30
834: 0,1,38
835: 1,1,37
836: 1,0,30
837: 0,0,38
838: 0,0,30
839: 0,0,30
840: 2,0,62
841: 1,0,30
842: 0,0,47
843: 0,0,47
844: 0,0,30
845: 2,1,49
846: 2,0,62
847: 2,0,62
848: 0,0,28
849: -1,0,47
850: -1,0,47
851: 0,0,30
852: 2,0,62
853: -1,0,38
854: 0,0,30
855: -1,0,47
856: 0,1,38
857: 0,0,30
858: 0,1,38
859: -1,0,38
860: 0,0,38
861: 0,1,37
862: 0,0,30
863: 0,0,30
864: 0,0,38
865: -1,0,47
866: 1,1,37
867: 0,0,28
868: 0,0,30
869: -1,0,47
870: 0,1,37
871: 1,0,30
872: 1,1,37
873: 2,0,62
874: 2,0,62
875: -1,0,38
876: 2,0,62
877: 0,0,38
878: -1,1,38
879: -1,0,46
880: -1,0,47
881: 2,0,62
882: -1,1,38
883: -1,0,38
884: 1,0,30
885: 0,1,37
886: -1,0,47
887: -1,0,47
888: 1,0,30
889: 0,0,38
890: 0,1,37
891: 1,0,30
892: -1,0,47
893: 2,0,62
894: 0,0,38
895: 0,1,38
896: 1,0,30
897: 1,0,30
898: 0,1,37
899: 0,1,37
900: 0,1,37
901: 0,1,37
902: -1,0,47
903: -2,1,47
904: -1,0,47
905: 0,0,38
906: 0,1,38
907: 0,0,28
908: -1,0,47
909: -1,0,46
910: 1,1,37
911: 0,0,28
912: 0,0,47
913: -1,0,47
914: 0,1,37
915: 1,1,37
916: 0,0,38
917: -1,0,47
918: -1,0,47
919: 2,1,44
920: 0,0,30
921: -1,0,38
922: 0,0,38
923: -1,0,46
924: 2,0,62
925: 2,0,62
926: 0,0,38
927: 0,1,37
928: 2,1,49
929: 0,1,38
930: -1,0,39
931: 2,0,62
932: 2,1,49
933: -1,0,47
934: -1,0,47
935: 0,1,38
936: 2,0,62
937: 0,0,30
938: 0,1,38
939: 0,0,30
940: 0,0,30
941: 0,1,37
942: -1,0,47
943: 0,0,30
944: -1,0,47
945: -1,0,47
946: 0,0,30
947: -1,0,47
948: 0,1,37
949: 2,1,44
950: 0,0,39
951: 0,1,38
952: 0,1,39
953: -1,0,38
954: 0,1,37
955: -1,0,47
956: 1,1,37
957: -1,0,46
958: 0,0,30
959: -1,0,38
960: -1,1,38
961: 1,0,30
962: -1,1,38
963: 0,0,38
964: -1,0,47
965: -1,0,47
966: 2,1,49
967: -1,0,47
968: 0,0,28
969: -2,1,47
970: -1,0,46
971: 2,0,62
972: 1,1,44
973: -1,0,47
974: 0,0,39
975: -1,0,47
976: 0,1,38
977: 0,0,30
978: 1,0,30
979: 1,0,30
980: 0,1,37
981: 1,1,37
982: -1,0,47
983: 1,0,30
984: 0,0,38
985: 1,0,30
986: 0,0,30
987: -1,0,47
988: 0,0,38
989: 0,1,38
990: 0,0,28
991: 0,1,37
992: 0,1,37
993: 2,0,62
994: 2,0,62
995: -1,0,46
996: 0,0,47
997: 2,0,62
998: 0,0,38
999: 0,1,37
1000: -1,0,47
1001: -1,0,47
1002: 0,0,47
1003: 1,0,30
1004: 0,0,39
1005: 2,0,62
1006: 0,1,38
1007: 2,1,49
1008: -1,0,47
1009: 2,0,62
1010: -1,0,47
1011: -1,0,39
1012: -1,0,38
1013: 0,1,37
1014: -1,0,47
1015: 0,1,37
1016: 1,1,44
1017: -1,0,46
1018: -1,0,38
1019: 0,1,37
1020: -1,0,47
1021: 2,0,62
1022: -1,0,47
1023: 2,1,49
