0: 0,22,388,604,622,0,0,0,0,0,0,0,0,0,0,0,0,0,0,0,0,0,0,0,0,0,0,0,0,0,0,0
1: 18,270,282,521,18,18,18,18,18,18,18,18,18,18,18,18,18,18,18,18,18,18,18,18,18,18,18,18,18,18,18,18
2: 77,971,77,77,77,77,77,77,77,77,77,77,77,77,77,77,77,77,77,77,77,77,77,77,77,77,77,77,77,77,77,77
3: 466,856,998,466,466,466,466,466,466,466,466,466,466,466,466,466,466,466,466,466,466,466,466,466,466,466,466,466,466,466,466,466
4: 137,209,1020,137,137,137,137,137,137,137,137,137,137,137,137,137,137,137,137,137,137,137,137,137,137,137,137,137,137,137,137,137
5: 167,167,167,167,167,167,167,167,167,167,167,167,167,167,167,167,167,167,167,167,167,167,167,167,167,167,167,167,167,167,167,167
6: 224,224,224,224,224,224,224,224,224,224,224,224,224,224,224,224,224,224,224,224,224,224,224,224,224,224,224,224,224,224,224,224
7: 52,176,184,237,275,397,479,555,52,52,52,52,52,52,52,52,52,52,52,52,52,52,52,52,52,52,52,52,52,52,52,52
8: 681,805,815,681,681,681,681,681,681,681,681,681,681,681,681,681,681,681,681,681,681,681,681,681,681,681,681,681,681,681,681,681
9: 666,666,666,666,666,666,666,666,666,666,666,666,666,666,666,666,666,666,666,666,666,666,666,666,666,666,666,666,666,666,666,666
10: 531,531,531,531,531,531,531,531,531,531,531,531,531,531,531,531,531,531,531,531,531,531,531,531,531,531,531,531,531,531,531,531
11: 49,98,155,169,272,298,329,377,437,536,541,558,559,659,750,776,837,849,855,893,915,925,956,49,49,49,49,49,49,49,49,49
12: 540,627,667,540,540,540,540,540,540,540,540,540,540,540,540,540,540,540,540,540,540,540,540,540,540,540,540,540,540,540,540,540
13: 39,58,917,926,983,39,39,39,39,39,39,39,39,39,39,39,39,39,39,39,39,39,39,39,39,39,39,39,39,39,39,39
14: 271,304,596,782,857,950,1023,271,271,271,271,271,271,271,271,271,271,271,271,271,271,271,271,271,271,271,271,271,271,271,271,271
15: 171,171,171,171,171,171,171,171,171,171,171,171,171,171,171,171,171,171,171,171,171,171,171,171,171,171,171,171,171,171,171,171
16: 2,131,203,319,653,676,754,830,839,858,2,2,2,2,2,2,2,2,2,2,2,2,2,2,2,2,2,2,2,2,2,2
17: 148,163,183,234,347,647,824,942,1004,1017,148,148,148,148,148,148,148,148,148,148,148,148,148,148,148,148,148,148,148,148,148,148
18: 65,900,65,65,65,65,65,65,65,65,65,65,65,65,65,65,65,65,65,65,65,65,65,65,65,65,65,65,65,65,65,65
19: 24,80,102,743,24,24,24,24,24,24,24,24,24,24,24,24,24,24,24,24,24,24,24,24,24,24,24,24,24,24,24,24
20: 16,27,527,560,989,16,16,16,16,16,16,16,16,16,16,16,16,16,16,16,16,16,16,16,16,16,16,16,16,16,16,16
21: 54,134,697,980,54,54,54,54,54,54,54,54,54,54,54,54,54,54,54,54,54,54,54,54,54,54,54,54,54,54,54,54
22: 40,223,250,571,580,639,683,978,40,40,40,40,40,40,40,40,40,40,40,40,40,40,40,40,40,40,40,40,40,40,40,40
23: 7,11,305,381,865,7,7,7,7,7,7,7,7,7,7,7,7,7,7,7,7,7,7,7,7,7,7,7,7,7,7,7
24: 101,398,516,706,101,101,101,101,101,101,101,101,101,101,101,101,101,101,101,101,101,101,101,101,101,101,101,101,101,101,101,101
25: 243,442,664,673,791,243,243,243,243,243,243,243,243,243,243,243,243,243,243,243,243,243,243,243,243,243,243,243,243,243,243,243
26: 152,576,740,152,152,152,152,152,152,152,152,152,152,152,152,152,152,152,152,152,152,152,152,152,152,152,152,152,152,152,152,152
27: 25,141,239,312,345,425,518,25,25,25,25,25,25,25,25,25,25,25,25,25,25,25,25,25,25,25,25,25,25,25,25,25
28: 4,117,399,474,505,581,592,603,725,764,779,814,4,4,4,4,4,4,4,4,4,4,4,4,4,4,4,4,4,4,4,4
29: 186,241,369,407,695,713,744,186,186,186,186,186,186,186,186,186,186,186,186,186,186,186,186,186,186,186,186,186,186,186,186,186
30: 76,185,357,649,723,877,76,76,76,76,76,76,76,76,76,76,76,76,76,76,76,76,76,76,76,76,76,76,76,76,76,76
31: 13,200,322,451,549,995,13,13,13,13,13,13,13,13,13,13,13,13,13,13,13,13,13,13,13,13,13,13,13,13,13,13
32: 43,88,97,112,119,533,741,801,841,43,43,43,43,43,43,43,43,43,43,43,43,43,43,43,43,43,43,43,43,43,43,43
33: 731,739,731,731,731,731,731,731,731,731,731,731,731,731,731,731,731,731,731,731,731,731,731,731,731,731,731,731,731,731,731,731
34: 278,290,278,278,278,278,278,278,278,278,278,278,278,278,278,278,278,278,278,278,278,278,278,278,278,278,278,278,278,278,278,278
35: 125,609,646,931,125,125,125,125,125,125,125,125,125,125,125,125,125,125,125,125,125,125,125,125,125,125,125,125,125,125,125,125
36: 433,539,433,433,433,433,433,433,433,433,433,433,433,433,433,433,433,433,433,433,433,433,433,433,433,433,433,433,433,433,433,433
37: 109,149,202,500,790,109,109,109,109,109,109,109,109,109,109,109,109,109,109,109,109,109,109,109,109,109,109,109,109,109,109,109
38: 86,249,370,470,86,86,86,86,86,86,86,86,86,86,86,86,86,86,86,86,86,86,86,86,86,86,86,86,86,86,86,86
39: 42,47,66,96,254,281,294,310,382,459,478,537,699,876,967,42,42,42,42,42,42,42,42,42,42,42,42,42,42,42,42,42
40: 154,189,194,621,1002,154,154,154,154,154,154,154,154,154,154,154,154,154,154,154,154,154,154,154,154,154,154,154,154,154,154,154
41: 45,130,389,460,648,656,871,45,45,45,45,45,45,45,45,45,45,45,45,45,45,45,45,45,45,45,45,45,45,45,45,45
42: 124,300,350,355,654,752,907,984,124,124,124,124,124,124,124,124,124,124,124,124,124,124,124,124,124,124,124,124,124,124,124,124
43: 79,375,488,848,79,79,79,79,79,79,79,79,79,79,79,79,79,79,79,79,79,79,79,79,79,79,79,79,79,79,79,79
44: 35,84,221,231,428,471,660,672,722,767,859,934,35,35,35,35,35,35,35,35,35,35,35,35,35,35,35,35,35,35,35,35
45: 56,274,409,930,56,56,56,56,56,56,56,56,56,56,56,56,56,56,56,56,56,56,56,56,56,56,56,56,56,56,56,56
46: 507,510,561,686,769,882,507,507,507,507,507,507,507,507,507,507,507,507,507,507,507,507,507,507,507,507,507,507,507,507,507,507
47: 20,122,230,328,477,612,20,20,20,20,20,20,20,20,20,20,20,20,20,20,20,20,20,20,20,20,20,20,20,20,20,20
48: 63,147,346,480,514,637,63,63,63,63,63,63,63,63,63,63,63,63,63,63,63,63,63,63,63,63,63,63,63,63,63,63
49: 104,118,121,190,192,435,436,475,492,526,587,633,657,748,789,821,916,921,104,104,104,104,104,104,104,104,104,104,104,104,104,104
50: 869,869,869,869,869,869,869,869,869,869,869,869,869,869,869,869,869,869,869,869,869,869,869,869,869,869,869,869,869,869,869,869
51: 165,658,165,165,165,165,165,165,165,165,165,165,165,165,165,165,165,165,165,165,165,165,165,165,165,165,165,165,165,165,165,165
52: 83,895,962,83,83,83,83,83,83,83,83,83,83,83,83,83,83,83,83,83,83,83,83,83,83,83,83,83,83,83,83,83
53: 60,89,207,632,922,1007,60,60,60,60,60,60,60,60,60,60,60,60,60,60,60,60,60,60,60,60,60,60,60,60,60,60
54: 44,170,336,384,414,570,800,44,44,44,44,44,44,44,44,44,44,44,44,44,44,44,44,44,44,44,44,44,44,44,44,44
55: 688,937,688,688,688,688,688,688,688,688,688,688,688,688,688,688,688,688,688,688,688,688,688,688,688,688,688,688,688,688,688,688
56: 247,904,247,247,247,247,247,247,247,247,247,247,247,247,247,247,247,247,247,247,247,247,247,247,247,247,247,247,247,247,247,247
57: 34,196,1003,34,34,34,34,34,34,34,34,34,34,34,34,34,34,34,34,34,34,34,34,34,34,34,34,34,34,34,34,34
58: 135,135,135,135,135,135,135,135,135,135,135,135,135,135,135,135,135,135,135,135,135,135,135,135,135,135,135,135,135,135,135,135
59: 30,374,564,30,30,30,30,30,30,30,30,30,30,30,30,30,30,30,30,30,30,30,30,30,30,30,30,30,30,30,30,30
60: 14,160,199,299,449,606,853,977,14,14,14,14,14,14,14,14,14,14,14,14,14,14,14,14,14,14,14,14,14,14,14,14
61: 181,256,455,484,497,523,785,829,866,903,181,181,181,181,181,181,181,181,181,181,181,181,181,181,181,181,181,181,181,181,181,181
62: 419,419,419,419,419,419,419,419,419,419,419,419,419,419,419,419,419,419,419,419,419,419,419,419,419,419,419,419,419,419,419,419
63: 339,406,590,730,738,809,835,339,339,339,339,339,339,339,339,339,339,339,339,339,339,339,339,339,339,339,339,339,339,339,339,339
64: 266,273,266,266,266,266,266,266,266,266,266,266,266,266,266,266,266,266,266,266,266,266,266,266,266,266,266,266,266,266,266,266
65: 69,379,392,690,854,860,875,929,69,69,69,69,69,69,69,69,69,69,69,69,69,69,69,69,69,69,69,69,69,69,69,69
66: 458,543,936,458,458,458,458,458,458,458,458,458,458,458,458,458,458,458,458,458,458,458,458,458,458,458,458,458,458,458,458,458
67: 92,99,113,280,292,321,376,387,583,624,638,794,891,896,92,92,92,92,92,92,92,92,92,92,92,92,92,92,92,92,92,92
68: 806,806,806,806,806,806,806,806,806,806,806,806,806,806,806,806,806,806,806,806,806,806,806,806,806,806,806,806,806,806,806,806
69: 191,720,949,953,191,191,191,191,191,191,191,191,191,191,191,191,191,191,191,191,191,191,191,191,191,191,191,191,191,191,191,191
70: 1008,1008,1008,1008,1008,1008,1008,1008,1008,1008,1008,1008,1008,1008,1008,1008,1008,1008,1008,1008,1008,1008,1008,1008,1008,1008,1008,1008,1008,1008,1008,1008
71: 114,151,469,114,114,114,114,114,114,114,114,114,114,114,114,114,114,114,114,114,114,114,114,114,114,114,114,114,114,114,114,114
72: 197,255,286,301,341,403,430,607,620,763,197,197,197,197,197,197,197,197,197,197,197,197,197,197,197,197,197,197,197,197,197,197
73: 285,626,742,874,963,285,285,285,285,285,285,285,285,285,285,285,285,285,285,285,285,285,285,285,285,285,285,285,285,285,285,285
74: 390,390,390,390,390,390,390,390,390,390,390,390,390,390,390,390,390,390,390,390,390,390,390,390,390,390,390,390,390,390,390,390
75: 245,354,358,361,378,396,473,487,502,602,669,684,777,957,245,245,245,245,245,245,245,245,245,245,245,245,245,245,245,245,245,245
76: 87,91,115,206,422,546,599,680,696,863,880,1006,87,87,87,87,87,87,87,87,87,87,87,87,87,87,87,87,87,87,87,87
77: 701,827,982,701,701,701,701,701,701,701,701,701,701,701,701,701,701,701,701,701,701,701,701,701,701,701,701,701,701,701,701,701
78: 116,179,360,746,873,912,996,116,116,116,116,116,116,116,116,116,116,116,116,116,116,116,116,116,116,116,116,116,116,116,116,116
79: 573,846,573,573,573,573,573,573,573,573,573,573,573,573,573,573,573,573,573,573,573,573,573,573,573,573,573,573,573,573,573,573
80: 288,572,892,288,288,288,288,288,288,288,288,288,288,288,288,288,288,288,288,288,288,288,288,288,288,288,288,288,288,288,288,288
81: 198,547,551,619,674,799,1011,198,198,198,198,198,198,198,198,198,198,198,198,198,198,198,198,198,198,198,198,198,198,198,198,198
82: 53,287,643,53,53,53,53,53,53,53,53,53,53,53,53,53,53,53,53,53,53,53,53,53,53,53,53,53,53,53,53,53
83: 31,465,614,703,31,31,31,31,31,31,31,31,31,31,31,31,31,31,31,31,31,31,31,31,31,31,31,31,31,31,31,31
84: 32,443,32,32,32,32,32,32,32,32,32,32,32,32,32,32,32,32,32,32,32,32,32,32,32,32,32,32,32,32,32,32
85: 23,123,128,133,251,318,501,565,685,689,825,886,928,944,23,23,23,23,23,23,23,23,23,23,23,23,23,23,23,23,23,23
86: 267,311,383,552,935,1018,267,267,267,267,267,267,267,267,267,267,267,267,267,267,267,267,267,267,267,267,267,267,267,267,267,267
87: 95,284,629,634,640,832,861,95,95,95,95,95,95,95,95,95,95,95,95,95,95,95,95,95,95,95,95,95,95,95,95,95
88: 78,93,127,330,511,520,708,716,751,844,899,911,972,993,78,78,78,78,78,78,78,78,78,78,78,78,78,78,78,78,78,78
89: 585,707,585,585,585,585,585,585,585,585,585,585,585,585,585,585,585,585,585,585,585,585,585,585,585,585,585,585,585,585,585,585
90: 291,380,456,623,291,291,291,291,291,291,291,291,291,291,291,291,291,291,291,291,291,291,291,291,291,291,291,291,291,291,291,291
91: 142,413,586,692,712,745,793,142,142,142,142,142,142,142,142,142,142,142,142,142,142,142,142,142,142,142,142,142,142,142,142,142
92: 227,229,306,420,513,567,594,668,675,227,227,227,227,227,227,227,227,227,227,227,227,227,227,227,227,227,227,227,227,227,227,227
93: 402,412,515,582,625,650,828,879,402,402,402,402,402,402,402,402,402,402,402,402,402,402,402,402,402,402,402,402,402,402,402,402
94: 33,252,325,481,542,562,652,804,1022,33,33,33,33,33,33,33,33,33,33,33,33,33,33,33,33,33,33,33,33,33,33,33
95: 81,225,563,584,81,81,81,81,81,81,81,81,81,81,81,81,81,81,81,81,81,81,81,81,81,81,81,81,81,81,81,81
96: 161,519,534,711,161,161,161,161,161,161,161,161,161,161,161,161,161,161,161,161,161,161,161,161,161,161,161,161,161,161,161,161
97: 105,120,214,248,253,263,332,371,400,448,494,495,591,615,616,735,765,778,819,840,845,868,872,905,1000,1001,105,105,105,105,105,105
98: 366,714,756,813,836,878,366,366,366,366,366,366,366,366,366,366,366,366,366,366,366,366,366,366,366,366,366,366,366,366,366,366
99: 17,82,146,153,157,159,240,261,295,314,512,641,642,661,747,783,831,833,888,894,898,17,17,17,17,17,17,17,17,17,17,17
100: 320,529,955,320,320,320,320,320,320,320,320,320,320,320,320,320,320,320,320,320,320,320,320,320,320,320,320,320,320,320,320,320
101: 195,228,316,771,881,195,195,195,195,195,195,195,195,195,195,195,195,195,195,195,195,195,195,195,195,195,195,195,195,195,195,195
102: 168,811,823,902,975,168,168,168,168,168,168,168,168,168,168,168,168,168,168,168,168,168,168,168,168,168,168,168,168,168,168,168
103: 28,59,132,164,173,259,323,327,598,709,759,770,851,939,992,28,28,28,28,28,28,28,28,28,28,28,28,28,28,28,28,28
104: 499,593,610,631,635,682,890,1015,499,499,499,499,499,499,499,499,499,499,499,499,499,499,499,499,499,499,499,499,499,499,499,499
105: 211,726,924,952,211,211,211,211,211,211,211,211,211,211,211,211,211,211,211,211,211,211,211,211,211,211,211,211,211,211,211,211
106: 187,220,948,187,187,187,187,187,187,187,187,187,187,187,187,187,187,187,187,187,187,187,187,187,187,187,187,187,187,187,187,187
107: 29,246,315,423,453,897,29,29,29,29,29,29,29,29,29,29,29,29,29,29,29,29,29,29,29,29,29,29,29,29,29,29
108: 64,136,158,208,338,352,617,734,847,946,64,64,64,64,64,64,64,64,64,64,64,64,64,64,64,64,64,64,64,64,64,64
109: 94,919,94,94,94,94,94,94,94,94,94,94,94,94,94,94,94,94,94,94,94,94,94,94,94,94,94,94,94,94,94,94
110: 265,444,589,933,940,265,265,265,265,265,265,265,265,265,265,265,265,265,265,265,265,265,265,265,265,265,265,265,265,265,265,265
111: 600,870,961,600,600,600,600,600,600,600,600,600,600,600,600,600,600,600,600,600,600,600,600,600,600,600,600,600,600,600,600,600
112: 434,645,913,434,434,434,434,434,434,434,434,434,434,434,434,434,434,434,434,434,434,434,434,434,434,434,434,434,434,434,434,434
113: 277,416,532,694,702,717,737,774,1009,277,277,277,277,277,277,277,277,277,277,277,277,277,277,277,277,277,277,277,277,277,277,277
114: 166,216,965,166,166,166,166,166,166,166,166,166,166,166,166,166,166,166,166,166,166,166,166,166,166,166,166,166,166,166,166,166
115: 525,605,732,525,525,525,525,525,525,525,525,525,525,525,525,525,525,525,525,525,525,525,525,525,525,525,525,525,525,525,525,525
116: 797,914,918,797,797,797,797,797,797,797,797,797,797,797,797,797,797,797,797,797,797,797,797,797,797,797,797,797,797,797,797,797
117: 70,356,741,867,1012,1019,70,70,70,70,70,70,70,70,70,70,70,70,70,70,70,70,70,70,70,70,70,70,70,70,70,70
118: 61,144,864,999,61,61,61,61,61,61,61,61,61,61,61,61,61,61,61,61,61,61,61,61,61,61,61,61,61,61,61,61
119: 41,106,150,41,41,41,41,41,41,41,41,41,41,41,41,41,41,41,41,41,41,41,41,41,41,41,41,41,41,41,41,41
120: 233,704,233,233,233,233,233,233,233,233,233,233,233,233,233,233,233,233,233,233,233,233,233,233,233,233,233,233,233,233,233,233
121: 10,71,205,504,575,613,628,636,660,691,772,862,943,964,988,1021,10,10,10,10,10,10,10,10,10,10,10,10,10,10,10,10
122: 55,126,175,219,268,302,307,391,445,490,508,719,728,55,55,55,55,55,55,55,55,55,55,55,55,55,55,55,55,55,55,55
123: 257,264,257,257,257,257,257,257,257,257,257,257,257,257,257,257,257,257,257,257,257,257,257,257,257,257,257,257,257,257,257,257
124: 51,57,213,796,838,920,938,51,51,51,51,51,51,51,51,51,51,51,51,51,51,51,51,51,51,51,51,51,51,51,51,51
125: 187,441,618,969,187,187,187,187,187,187,187,187,187,187,187,187,187,187,187,187,187,187,187,187,187,187,187,187,187,187,187,187
126: 138,232,424,557,138,138,138,138,138,138,138,138,138,138,138,138,138,138,138,138,138,138,138,138,138,138,138,138,138,138,138,138
127: 761,761,761,761,761,761,761,761,761,761,761,761,761,761,761,761,761,761,761,761,761,761,761,761,761,761,761,761,761,761,761,761
