0: 0,0,45
1: 0,0,45
2: 0,0,46
3: 0,1,46
4: 0,0,46
5: 0,0,46
6: 0,0,46
7: 0,0,46
8: 0,0,46
9: 0,0,35
10: 0,1,46
11: 0,0,45
12: 0,0,45
13: 0,1,46
14: 0,0,45
15: 0,0,45
16: 0,0,45
17: 0,0,46
18: 0,0,46
19: 0,0,45
20: 0,0,45
21: 0,0,46
22: 0,0,45
23: 0,0,45
24: 0,0,45
25: 0,1,46
26: 0,0,35
27: 0,0,45
28: 0,0,46
29: 0,0,61
30: 0,0,45
31: 0,0,45
32: 0,0,45
33: 0,0,46
34: 0,0,35
35: 0,0,61
36: 0,0,46
37: 0,0,45
38: 0,0,46
39: 0,0,45
40: 0,0,46
41: 0,0,46
42: 0,0,46
43: 0,0,46
44: 0,0,46
45: 0,0,35
46: 0,0,46
47: 0,0,46
48: 0,0,45
49: 0,0,45
50: 0,0,46
51: 0,0,46
52: 0,1,50
53: 0,0,45
54: 0,0,46
55: 0,0,45
56: 0,0,45
57: 0,0,46
58: 0,0,46
59: 0,0,46
60: 0,0,61
61: 0,1,46
62: 0,0,46
63: 0,0,45
64: 0,0,46
65: 0,0,61
66: 0,0,45
67: 0,0,46
68: 0,0,46
69: 0,0,61
70: 0,0,61
71: 0,0,45
72: 0,0,45
73: 0,0,45
74: 0,0,46
75: 0,0,45
76: 0,1,46
77: 0,0,45
78: 0,0,45
79: 0,0,46
80: 0,1,50
81: 0,0,46
82: 0,0,46
83: 0,0,46
84: 0,0,46
85: 0,0,45
86: 0,0,45
87: 0,0,46
88: 0,0,45
89: 0,1,51
90: 0,1,46
91: 0,0,46
92: 0,0,45
93: 0,1,50
94: 0,0,61
95: 0,0,45
96: 0,0,45
97: 0,0,45
98: 0,0,46
99: 0,0,45
100: 0,1,51
101: 0,0,45
102: 0,1,51
103: 0,1,50
104: 0,0,46
105: 0,0,61
106: 0,1,46
107: 0,0,46
108: 0,0,35
109: 0,0,45
110: 0,0,46
111: 0,0,45
112: 0,0,46
113: 0,0,46
114: 0,0,45
115: 0,0,45
116: 0,1,46
117: 0,0,61
118: 0,0,45
119: 0,0,61
120: 0,1,46
121: 0,0,35
122: 0,0,46
123: 0,0,45
124: 0,0,46
125: 0,1,46
126: 0,0,46
127: 0,1,51
128: 0,0,45
129: 0,0,45
130: 0,0,46
131: 0,0,45
132: 0,0,35
133: 0,0,46
134: 0,0,45
135: 0,0,45
136: 0,0,45
137: 0,0,45
138: 0,0,45
139: 0,0,46
140: 0,0,45
141: 0,0,45
142: 0,0,46
143: 0,0,45
144: 0,0,45
145: 0,0,45
146: 0,0,45
147: 0,1,46
148: 0,0,46
149: 0,0,46
150: 0,0,45
151: 0,0,46
152: 0,1,51
153: 0,0,61
154: 0,1,46
155: 0,0,46
156: 0,0,46
157: 0,0,46
158: 0,0,46
159: 0,0,46
160: 0,0,45
161: 0,0,46
162: 0,0,45
163: 0,0,45
164: 0,0,45
165: 0,0,46
166: 0,0,46
167: 0,0,46
168: 0,0,46
169: 0,1,46
170: 0,0,45
171: 0,0,46
172: 0,0,46
173: 0,0,45
174: 0,0,46
175: 0,0,45
176: 0,0,46
177: 0,0,35
178: 0,0,46
179: 0,0,45
180: 0,0,45
181: 0,0,45
182: 0,1,51
183: 0,1,51
184: 0,0,45
185: 0,0,46
186: 0,0,35
187: 0,1,50
188: 0,0,45
189: 0,0,45
190: 0,0,45
191: 0,0,46
192: 0,0,45
193: 0,0,46
194: 0,0,45
195: 0,0,46
196: 0,0,46
197: 0,0,45
198: 0,0,46
199: 0,0,45
200: 0,0,45
201: 0,0,45
202: 0,0,45
203: 0,0,45
204: 0,0,46
205: 0,0,61
206: 0,0,46
207: 0,0,45
208: 0,1,51
209: 0,0,45
210: 0,0,45
211: 0,0,46
212: 0,0,61
213: 0,0,45
214: 0,0,45
215: 0,1,50
216: 0,1,51
217: 0,0,45
218: 0,0,45
219: 0,0,45
220: 0,0,35
221: 0,0,45
222: 0,0,45
223: 0,0,46
224: 0,0,45
225: 0,0,45
226: 0,0,61
227: 0,0,45
228: 0,0,45
229: 0,0,46
230: 0,0,45
231: 0,0,45
232: 0,0,45
233: 0,0,45
234: 0,0,46
235: 0,0,46
236: 0,1,46
237: 0,1,46
238: 0,0,45
239: 0,0,45
240: 0,0,45
241: 0,0,45
242: 0,0,45
243: 0,0,46
244: 0,0,46
245: 0,0,45
246: 0,0,45
247: 0,0,45
248: 0,0,46
249: 0,0,46
250: 0,0,46
251: 0,0,45
252: 0,0,45
253: 0,0,45
254: 0,0,45
255: 0,0,46
256: 0,0,46
257: 0,0,45
258: 0,0,46
259: 0,0,61
260: 0,0,45
261: 0,0,46
262: 0,1,51
263: 0,0,46
264: 0,0,46
265: 0,0,45
266: 0,0,45
267: 0,1,46
268: 0,0,35
269: 0,0,45
270: 0,0,45
271: 0,0,46
272: 0,0,45
273: 0,1,50
274: 0,0,46
275: 0,0,45
276: 0,1,51
277: 0,0,45
278: 0,0,46
279: 0,0,46
280: 0,0,45
281: 0,0,46
282: 0,1,50
283: 0,0,46
284: 0,0,46
285: 0,1,50
286: 0,1,51
287: 0,0,45
288: 0,1,50
289: 0,0,45
290: 0,0,46
291: 0,0,46
292: 0,0,46
293: 0,0,45
294: 0,0,45
295: 0,0,46
296: 0,0,45
297: 0,0,45
298: 0,1,50
299: 0,0,46
300: 0,0,46
301: 0,0,46
302: 0,0,45
303: 0,0,46
304: 0,0,45
305: 0,0,45
306: 0,0,46
307: 0,0,45
308: 0,0,46
309: 0,0,35
310: 0,0,45
311: 0,0,46
312: 0,0,45
313: 0,0,46
314: 0,0,45
315: 0,0,46
316: 0,0,45
317: 0,0,46
318: 0,0,46
319: 0,0,35
320: 0,0,46
321: 0,0,45
322: 0,0,45
323: 0,0,35
324: 0,1,46
325: 0,0,46
326: 0,0,35
327: 0,0,45
328: 0,0,46
329: 0,1,46
330: 0,0,46
331: 0,0,45
332: 0,0,46
333: 0,0,35
334: 0,0,46
335: 0,0,45
336: 0,0,45
337: 0,0,46
338: 0,0,45
339: 0,0,35
340: 0,0,46
341: 0,0,45
342: 0,0,35
343: 0,0,46
344: 0,1,50
345: 0,0,46
346: 0,0,46
347: 0,1,51
348: 0,1,51
349: 0,1,50
350: 0,1,51
351: 0,0,46
352: 0,0,45
353: 0,0,45
354: 0,0,46
355: 0,0,45
356: 0,0,45
357: 0,0,35
358: 0,0,46
359: 0,0,45
360: 0,0,46
361: 0,0,45
362: 0,1,46
363: 0,0,35
364: 0,0,46
365: 0,0,35
366: 0,0,46
367: 0,0,45
368: 0,1,50
369: 0,0,45
370: 0,1,50
371: 0,0,46
372: 0,0,46
373: 0,0,45
374: 0,0,45
375: 0,0,45
376: 0,0,45
377: 0,0,45
378: 0,0,46
379: 0,0,45
380: 0,0,46
381: 0,0,46
382: 0,1,51
383: 0,0,46
384: 0,0,45
385: 0,1,50
386: 0,0,46
387: 0,0,46
388: 0,0,46
389: 0,0,46
390: 0,0,45
391: 0,0,46
392: 0,0,46
393: 0,0,45
394: 0,0,46
395: 0,0,45
396: 0,0,45
397: 0,0,35
398: 0,1,46
399: 0,1,51
400: 0,0,45
401: 0,0,35
402: 0,1,50
403: 0,0,46
404: 0,0,45
405: 0,0,45
406: 0,0,46
407: 0,0,45
408: 0,0,46
409: 0,0,46
410: 0,0,61
411: 0,0,46
412: 0,1,50
413: 0,1,50
414: 0,0,45
415: 0,0,46
416: 0,0,46
417: 0,0,46
418: 0,0,45
419: 0,0,45
420: 0,0,45
421: 0,1,50
422: 0,1,50
423: 0,0,45
424: 0,0,46
425: 0,0,46
426: 0,0,45
427: 0,0,45
428: 0,0,45
429: 0,0,46
430: 0,0,46
431: 0,0,35
432: 0,0,45
433: 0,0,46
434: 0,0,45
435: 0,0,45
436: 0,0,46
437: 0,1,51
438: 0,0,45
439: 0,0,45
440: 0,0,45
441: 0,0,45
442: 0,0,46
443: 0,0,45
444: 0,0,45
445: 0,1,46
446: 0,0,46
447: 0,0,45
448: 0,0,45
449: 0,0,45
450: 0,0,46
451: 0,0,35
452: 0,0,46
453: 0,0,46
454: 0,0,45
455: 0,0,35
456: 0,0,46
457: 0,0,45
458: 0,0,45
459: 0,0,45
460: 0,0,45
461: 0,0,46
462: 0,0,45
463: 0,0,46
464: 0,0,46
465: 0,0,61
466: 0,0,46
467: 0,0,46
468: 0,1,46
469: 0,0,61
470: 0,0,46
471: 0,0,45
472: 0,0,46
473: 0,0,45
474: 0,0,46
475: 0,0,45
476: 0,0,35
477: 0,0,35
478: 0,0,45
479: 0,0,46
480: 0,0,45
481: 0,0,45
482: 0,1,46
483: 0,0,45
484: 0,1,51
485: 0,0,45
486: 0,0,46
487: 0,1,50
488: 0,0,45
489: 0,0,45
490: 0,0,46
491: 0,0,45
492: 0,0,46
493: 0,0,46
494: 0,0,46
495: 0,0,45
496: 0,0,45
497: 0,0,45
498: 0,0,46
499: 0,0,46
500: 0,0,46
501: 0,1,51
502: 0,0,46
503: 0,0,45
504: 0,0,46
505: 0,0,45
506: 0,0,46
507: 0,0,46
508: 0,0,46
509: 0,0,46
510: 0,0,46
511: 0,0,45
512: 0,0,45
513: 0,0,46
514: 0,0,35
515: 0,0,46
516: 0,0,46
517: 0,0,46
518: 0,0,45
519: 0,0,35
520: 0,0,45
521: 0,0,61
522: 0,0,46
523: 0,0,35
524: 0,0,46
525: 0,0,45
526: 0,0,46
527: 0,0,45
528: 0,0,45
529: 0,0,45
530: 0,0,45
531: 0,0,45
532: 0,0,46
533: 0,0,45
534: 0,0,46
535: 0,0,45
536: 0,0,46
537: 0,0,46
538: 0,1,46
539: 0,0,45
540: 0,0,46
541: 0,0,45
542: 0,1,46
543: 0,0,46
544: 0,0,46
545: 0,0,45
546: 0,0,35
547: 0,0,45
548: 0,0,46
549: 0,0,46
550: 0,0,46
551: 0,0,46
552: 0,0,46
553: 0,0,46
554: 0,0,45
555: 0,0,46
556: 0,0,46
557: 0,0,45
558: 0,0,45
559: 0,0,45
560: 0,0,45
561: 0,0,46
562: 0,0,45
563: 0,0,45
564: 0,0,45
565: 0,0,45
566: 0,0,45
567: 0,0,46
568: 0,0,46
569: 0,0,45
570: 0,1,51
571: 0,1,50
572: 0,0,45
573: 0,0,46
574: 0,0,45
575: 0,0,45
576: 0,0,46
577: 0,1,51
578: 0,0,45
579: 0,1,50
580: 0,1,51
581: 0,0,45
582: 0,0,35
583: 0,0,46
584: 0,0,45
585: 0,0,35
586: 0,0,46
587: 0,0,45
588: 0,0,45
589: 0,0,45
590: 0,0,45
591: 0,0,45
592: 0,0,46
593: 0,0,46
594: 0,0,45
595: 0,1,50
596: 0,0,46
597: 0,1,51
598: 0,1,51
599: 0,0,46
600: 0,0,46
601: 0,0,45
602: 0,0,45
603: 0,0,45
604: 0,1,50
605: 0,0,45
606: 0,0,46
607: 0,0,46
608: 0,0,45
609: 0,0,46
610: 0,0,46
611: 0,0,46
612: 0,0,45
613: 0,0,45
614: 0,0,45
615: 0,1,50
616: 0,0,45
617: 0,0,45
618: 0,1,50
619: 0,0,46
620: 0,0,45
621: 0,0,46
622: 0,0,45
623: 0,0,45
624: 0,0,45
625: 0,0,45
626: 0,0,45
627: 0,1,50
628: 0,0,46
629: 0,0,46
630: 0,0,35
631: 0,0,46
632: 0,0,45
633: 0,0,46
634: 0,1,50
635: 0,0,46
636: 0,0,45
637: 0,0,45
638: 0,1,46
639: 0,0,45
640: 0,0,45
641: 0,0,45
642: 0,0,46
643: 0,0,45
644: 0,0,46
645: 0,0,45
646: 0,0,46
647: 0,0,46
648: 0,1,46
649: 0,0,45
650: 0,0,46
651: 0,0,45
652: 0,0,45
653: 0,0,46
654: 0,0,46
655: 0,0,45
656: 0,0,46
657: 0,0,46
658: 0,0,45
659: 0,0,46
660: 0,0,45
661: 0,0,45
662: 0,0,45
663: 0,0,45
664: 0,0,45
665: 0,0,46
666: 0,0,45
667: 0,1,46
668: 0,0,45
669: 0,0,45
670: 0,0,46
671: 0,0,46
672: 0,0,46
673: 0,0,35
674: 0,0,45
675: 0,0,45
676: 0,0,45
677: 0,0,46
678: 0,1,51
679: 0,0,46
680: 0,0,46
681: 0,0,45
682: 0,1,46
683: 0,0,46
684: 0,0,45
685: 0,0,46
686: 0,0,45
687: 0,0,35
688: 0,0,45
689: 0,0,45
690: 0,0,45
691: 0,0,46
692: 0,0,46
693: 0,0,46
694: 0,0,45
695: 0,0,45
696: 0,0,46
697: 0,0,45
698: 0,0,61
699: 0,0,45
700: 0,1,46
701: 0,0,46
702: 0,0,35
703: 0,1,46
704: 0,0,45
705: 0,0,45
706: 0,0,45
707: 0,0,35
708: 0,0,46
709: 0,0,45
710: 0,0,45
711: 0,0,45
712: 0,0,45
713: 0,0,35
714: 0,1,50
715: 0,0,46
716: 0,0,45
717: 0,0,46
718: 0,0,45
719: 0,0,61
720: 0,0,35
721: 0,0,46
722: 0,1,50
723: 0,0,45
724: 0,0,46
725: 0,0,46
726: 0,0,46
727: 0,0,45
728: 0,1,46
729: 0,0,45
730: 0,0,35
731: 0,0,45
732: 0,0,46
733: 0,0,45
734: 0,0,45
735: 0,0,61
736: 0,0,45
737: 0,0,46
738: 0,0,46
739: 0,0,46
740: 0,0,46
741: 0,0,45
742: 0,0,45
743: 0,0,45
744: 0,0,35
745: 0,0,46
746: 0,0,45
747: 0,0,45
748: 0,0,61
749: 0,0,46
750: 0,0,46
751: 0,0,45
752: 0,0,46
753: 0,0,61
754: 0,0,46
755: 0,0,45
756: 0,1,51
757: 0,0,45
758: 0,0,45
759: 0,0,35
760: 0,0,46
761: 0,0,45
762: 0,0,46
763: 0,0,45
764: 0,0,45
765: 0,0,45
766: 0,0,46
767: 0,0,45
768: 0,0,46
769: 0,1,51
770: 0,0,61
771: 0,0,61
772: 0,0,45
773: 0,0,45
774: 0,0,46
775: 0,0,45
776: 0,0,45
777: 0,0,45
778: 0,0,45
779: 0,0,45
780: 0,0,61
781: 0,0,45
782: 0,0,45
783: 0,0,45
784: 0,0,46
785: 0,0,61
786: 0,0,46
787: 0,0,46
788: 0,0,46
789: 0,1,50
790: 0,0,61
791: 0,1,46
792: 0,0,46
793: 0,0,46
794: 0,0,46
795: 0,0,45
796: 0,0,46
797: 0,0,45
798: 0,0,45
799: 0,0,46
800: 0,1,50
801: 0,0,45
802: 0,1,50
803: 0,0,45
804: 0,0,46
805: 0,0,46
806: 0,0,46
807: 0,0,45
808: 0,0,45
809: 0,0,46
810: 0,0,45
811: 0,0,45
812: 0,0,46
813: 0,0,35
814: 0,0,46
815: 0,0,46
816: 0,0,46
817: 0,0,45
818: 0,1,51
819: 0,0,45
820: 0,1,50
821: 0,0,45
822: 0,0,45
823: 0,1,51
824: 0,0,45
825: 0,0,46
826: 0,0,45
827: 0,0,45
828: 0,0,46
829: 0,0,45
830: 0,0,46
831: 0,0,46
832: 0,0,46
833: 0,0,45
834: 0,0,45
835: 0,0,45
836: 0,0,45
837: 0,0,45
838: 0,0,46
839: 0,0,46
840: 0,0,46
841: 0,0,61
842: 0,0,45
843: 0,0,46
844: 0,0,45
845: 0,1,46
846: 0,0,45
847: 0,0,45
848: 0,0,46
849: 0,0,46
850: 0,0,35
851: 0,0,35
852: 0,0,45
853: 0,1,51
854: 0,1,50
855: 0,0,45
856: 0,0,46
857: 0,0,45
858: 0,0,46
859: 0,0,46
860: 0,0,46
861: 0,0,45
862: 0,0,45
863: 0,0,46
864: 0,0,46
865: 0,0,45
866: 0,1,46
867: 0,0,45
868: 0,0,46
869: 0,1,50
870: 0,0,45
871: 0,0,61
872: 0,1,46
873: 0,1,51
874: 0,1,46
875: 0,0,46
876: 0,0,46
877: 0,0,46
878: 0,0,46
879: 0,0,45
880: 0,0,46
881: 0,1,50
882: 0,0,45
883: 0,0,45
884: 0,0,45
885: 0,0,45
886: 0,0,46
887: 0,1,50
888: 0,1,51
889: 0,1,51
890: 0,0,45
891: 0,1,46
892: 0,0,45
893: 0,1,46
894: 0,0,46
895: 0,0,46
896: 0,0,45
897: 0,0,46
898: 0,0,45
899: 0,1,51
900: 0,0,45
901: 0,1,50
902: 0,0,46
903: 0,1,46
904: 0,0,46
905: 0,0,46
906: 0,0,46
907: 0,0,45
908: 0,0,45
909: 0,0,46
910: 0,0,46
911: 0,0,35
912: 0,0,46
913: 0,0,46
914: 0,1,46
915: 0,1,46
916: 0,0,35
917: 0,0,35
918: 0,0,45
919: 0,0,35
920: 0,0,35
921: 0,0,45
922: 0,0,45
923: 0,0,45
924: 0,0,46
925: 0,0,46
926: 0,0,46
927: 0,0,45
928: 0,0,45
929: 0,1,46
930: 0,0,46
931: 0,0,45
932: 0,0,45
933: 0,0,45
934: 0,0,46
935: 0,1,46
936: 0,1,51
937: 0,0,45
938: 0,0,46
939: 0,0,61
940: 0,0,46
941: 0,0,46
942: 0,0,45
943: 0,0,45
944: 0,1,51
945: 0,1,46
946: 0,1,51
947: 0,0,46
948: 0,0,45
949: 0,0,45
950: 0,0,61
951: 0,0,46
952: 0,0,45
953: 0,0,45
954: 0,0,46
955: 0,0,46
956: 0,0,45
957: 0,0,45
958: 0,0,46
959: 0,0,45
960: 0,0,46
961: 0,0,46
962: 0,0,46
963: 0,0,45
964: 0,0,46
965: 0,1,46
966: 0,0,61
967: 0,0,45
968: 0,0,46
969: 0,0,45
970: 0,0,46
971: 0,0,61
972: 0,0,46
973: 0,0,46
974: 0,0,46
975: 0,0,46
976: 0,0,45
977: 0,0,46
978: 0,0,46
979: 0,0,45
980: 0,0,45
981: 0,0,46
982: 0,0,46
983: 0,0,46
984: 0,0,46
985: 0,0,45
986: 0,0,46
987: 0,0,45
988: 0,0,46
989: 0,0,46
990: 0,0,46
991: 0,0,45
992: 0,0,45
993: 0,0,45
994: 0,0,46
995: 0,0,45
996: 0,0,61
997: 0,0,45
998: 0,0,46
999: 0,0,45
1000: 0,0,46
1001: 0,1,51
1002: 0,0,45
1003: 0,0,46
1004: 0,0,46
1005: 0,1,51
1006: 0,0,45
1007: 0,0,61
1008: 0,0,45
1009: 0,0,35
1010: 0,1,50
1011: 0,1,51
1012: 0,0,45
1013: 0,0,46
1014: 0,0,45
1015: 0,1,46
1016: 0,0,46
1017: 0,0,45
1018: 0,0,45
1019: 0,0,35
1020: 0,0,35
1021: 0,1,50
1022: 0,0,46
1023: 0,1,46
