0: 0,1,9
1: 0,1,11
2: 0,1,12
3: 0,0,43
4: 0,1,12
5: 0,1,9
6: 0,1,12
7: 0,0,13
8: 0,1,18
9: 0,1,9
10: 0,1,10
11: 0,0,18
12: 0,0,22
13: 0,1,11
14: 0,1,12
15: 0,1,26
16: 0,1,9
17: 0,0,26
18: 0,1,19
19: 0,1,12
20: 0,1,19
21: 0,1,9
22: 0,1,12
23: 0,1,13
24: 0,1,9
25: 0,1,19
26: 0,1,12
27: 0,1,19
28: 0,0,18
29: 0,1,12
30: 0,1,9
31: 0,1,19
32: 0,0,22
33: 0,1,11
34: 0,1,9
35: 0,1,9
36: 0,2,44
37: 0,0,18
38: 0,1,9
39: 0,1,12
40: 0,1,9
41: 0,1,19
42: 0,1,12
43: 0,0,22
44: 0,1,12
45: 0,0,19
46: 0,1,12
47: 0,0,18
48: 0,0,13
49: 0,1,18
50: 0,0,12
51: 0,1,22
52: 0,1,9
53: 0,0,50
54: 0,1,9
55: 0,0,53
56: 0,0,26
57: 0,1,10
58: 0,1,26
59: 0,1,19
60: 0,2,44
61: 0,0,26
62: 0,0,26
63: 0,0,51
64: 0,1,12
65: 0,1,12
66: 0,0,26
67: 0,0,26
68: 0,1,9
69: 0,0,26
70: 0,0,26
71: 0,1,12
72: 0,1,12
73: 0,1,11
74: 0,0,50
75: 0,1,12
76: 0,1,26
77: 0,1,9
78: 0,0,51
79: 0,0,43
80: 0,1,12
81: 0,1,9
82: 0,1,26
83: 0,1,11
84: 0,1,12
85: 0,0,26
86: 0,1,11
87: 0,1,11
88: 0,1,19
89: 0,1,12
90: 0,1,11
91: 0,1,19
92: 0,1,12
93: 0,1,9
94: 0,1,12
95: 0,0,12
96: 0,1,19
97: 0,1,12
98: 0,1,11
99: 0,0,18
100: 0,1,18
101: 0,1,12
102: 0,0,53
103: 0,1,12
104: 0,0,22
105: 0,0,12
106: 0,1,26
107: 0,0,50
108: 0,1,13
109: 0,0,18
110: 0,1,26
111: 0,1,12
112: 0,1,12
113: 0,0,26
114: 0,0,18
115: 0,1,12
116: 0,1,12
117: 0,1,12
118: 0,0,26
119: 0,1,9
120: 0,1,10
121: 0,1,9
122: 0,0,13
123: 0,1,12
124: 0,0,43
125: 0,1,11
126: 0,1,12
127: 0,1,9
128: 0,0,12
129: 0,1,9
130: 0,1,12
131: 0,0,26
132: 0,1,11
133: 0,0,13
134: 0,0,13
135: 0,0,26
136: 0,1,12
137: 0,0,26
138: 0,0,26
139: 0,1,12
140: 0,1,26
141: 0,1,12
142: 0,1,12
143: 0,1,9
144: 0,1,12
145: 0,1,12
146: 0,1,12
147: 0,1,18
148: 0,1,10
149: 0,1,11
150: 0,2,44
151: 0,0,26
152: 0,0,13
153: 0,0,44
154: 0,0,12
155: 0,0,18
156: 0,1,12
157: 0,0,26
158: 0,1,12
159: 0,1,18
160: 0,1,12
161: 0,1,19
162: 0,0,22
163: 0,0,13
164: 0,1,19
165: 0,0,26
166: 0,1,19
167: 0,0,13
168: 0,1,53
169: 0,0,50
170: 0,1,12
171: 0,0,26
172: 0,1,12
173: 0,1,9
174: 0,1,11
175: 0,1,9
176: 0,1,12
177: 0,1,12
178: 0,1,10
179: 0,1,18
180: 0,1,10
181: 0,0,44
182: 0,0,22
183: 0,1,9
184: 0,1,12
185: 0,1,12
186: 0,0,12
187: 0,1,10
188: 0,0,26
189: 0,0,18
190: 0,1,19
191: 0,2,44
192: 0,1,18
193: 0,0,13
194: 0,0,18
195: 0,0,26
196: 0,1,12
197: 0,1,9
198: 0,1,18
199: 0,1,26
200: 0,1,9
201: 0,1,9
202: 0,1,12
203: 0,1,9
204: 0,1,10
205: 0,1,9
206: 0,0,50
207: 0,0,26
208: 0,1,12
209: 0,0,18
210: 0,1,9
211: 0,0,19
212: 0,0,26
213: 0,1,26
214: 0,0,18
215: 0,0,51
216: 0,0,26
217: 0,0,13
218: 0,1,12
219: 0,1,19
220: 0,1,9
221: 0,0,26
222: 0,1,11
223: 0,1,12
224: 0,0,22
225: 0,1,9
226: 0,0,26
227: 0,1,19
228: 0,0,22
229: 0,1,12
230: 0,0,13
231: 0,1,10
232: 0,0,22
233: 0,1,19
234: 0,0,43
235: 0,1,11
236: 0,1,12
237: 0,0,26
238: 0,1,9
239: 0,1,12
240: 0,0,26
241: 0,0,26
242: 0,0,12
243: 0,0,13
244: 0,1,10
245: 0,0,13
246: 0,1,11
247: 0,1,11
248: 0,1,12
249: 0,0,26
250: 0,0,26
251: 0,1,12
252: 0,0,18
253: 0,0,18
254: 0,1,11
255: 0,1,11
256: 0,0,22
257: 0,0,50
258: 0,0,22
259: 0,1,18
260: 0,0,18
261: 0,1,9
262: 0,0,18
263: 0,1,12
264: 0,1,18
265: 0,0,50
266: 0,0,22
267: 0,1,12
268: 0,1,26
269: 0,1,10
270: 0,0,26
271: 0,1,19
272: 0,0,12
273: 0,1,12
274: 0,1,12
275: 0,1,11
276: 0,1,19
277: 0,1,11
278: 0,1,9
279: 0,0,19
280: 0,0,50
281: 0,1,12
282: 0,1,11
283: 0,0,50
284: 0,2,44
285: 0,1,19
286: 0,1,9
287: 0,1,9
288: 0,0,19
289: 0,1,26
290: 0,0,26
291: 0,0,12
292: 0,0,43
293: 0,0,18
294: 0,1,9
295: 0,0,44
296: 0,1,9
297: 0,1,12
298: 0,0,50
299: 0,0,43
300: 0,1,11
301: 0,1,19
302: 0,1,12
303: 0,1,19
304: 0,1,19
305: 0,0,12
306: 0,0,26
307: 0,0,44
308: 0,1,18
309: 0,1,12
310: 0,0,13
311: 0,1,22
312: 0,0,12
313: 0,1,18
314: 0,0,50
315: 0,1,19
316: 0,1,19
317: 0,1,12
318: 0,1,11
319: 0,0,22
320: 0,0,22
321: 0,1,18
322: 0,1,19
323: 0,1,26
324: 0,0,18
325: 0,1,9
326: 0,0,26
327: 0,1,11
328: 0,0,26
329: 0,1,19
330: 0,0,12
331: 0,1,12
332: 0,1,12
333: 0,0,50
334: 0,1,18
335: 0,1,19
336: 0,1,9
337: 0,0,18
338: 0,1,19
339: 0,1,12
340: 0,1,9
341: 0,1,9
342: 0,0,50
343: 0,0,12
344: 0,0,22
345: 0,1,19
346: 0,2,44
347: 0,1,12
348: 0,0,26
349: 0,1,18
350: 0,0,50
351: 0,1,19
352: 0,1,19
353: 0,1,11
354: 0,1,10
355: 0,0,26
356: 0,0,44
357: 0,1,12
358: 0,1,12
359: 0,1,12
360: 0,0,50
361: 0,1,12
362: 0,1,9
363: 0,1,9
364: 0,1,22
365: 0,1,9
366: 0,1,11
367: 0,1,19
368: 0,0,53
369: 0,1,11
370: 0,0,22
371: 0,1,9
372: 0,0,26
373: 0,0,12
374: 0,1,12
375: 0,1,12
376: 0,0,12
377: 0,1,12
378: 0,0,18
379: 0,1,9
380: 0,1,9
381: 0,0,26
382: 0,0,43
383: 0,2,44
384: 0,0,19
385: 0,0,22
386: 0,1,12
387: 0,0,26
388: 0,0,26
389: 0,1,19
390: 0,1,12
391: 0,0,18
392: 0,1,11
393: 0,1,19
394: 0,0,26
395: 0,1,19
396: 0,1,19
397: 0,1,11
398: 0,0,43
399: 0,1,9
400: 0,0,51
401: 0,1,12
402: 0,1,19
403: 0,1,19
404: 0,1,11
405: 0,1,26
406: 0,1,12
407: 0,1,12
408: 0,1,18
409: 0,1,26
410: 0,0,22
411: 0,1,12
412: 0,0,26
413: 0,0,19
414: 0,1,12
415: 0,0,50
416: 0,0,18
417: 0,0,26
418: 0,0,12
419: 0,1,11
420: 0,0,26
421: 0,1,19
422: 0,1,18
423: 0,0,26
424: 0,1,12
425: 0,1,12
426: 0,0,18
427: 0,1,26
428: 0,1,18
429: 0,1,12
430: 0,0,13
431: 0,0,12
432: 0,0,18
433: 0,0,26
434: 0,0,18
435: 0,0,26
436: 0,0,26
437: 0,1,19
438: 0,1,11
439: 0,1,9
440: 0,1,9
441: 0,0,22
442: 0,2,44
443: 0,0,26
444: 0,1,18
445: 0,1,18
446: 0,1,26
447: 0,0,18
448: 0,0,50
449: 0,1,18
450: 0,1,12
451: 0,1,19
452: 0,1,18
453: 0,1,12
454: 0,1,18
455: 0,1,9
456: 0,1,26
457: 0,1,9
458: 0,1,19
459: 0,1,12
460: 0,1,9
461: 0,1,12
462: 0,1,53
463: 0,1,9
464: 0,0,26
465: 0,1,12
466: 0,1,9
467: 0,1,18
468: 0,0,13
469: 0,1,9
470: 0,1,12
471: 0,1,22
472: 0,1,11
473: 0,1,11
474: 0,0,22
475: 0,0,12
476: 0,0,26
477: 0,0,18
478: 0,1,18
479: 0,1,12
480: 0,0,18
481: 0,1,11
482: 0,1,9
483: 0,1,19
484: 0,1,9
485: 0,1,19
486: 0,1,26
487: 0,1,26
488: 0,1,12
489: 0,1,10
490: 0,1,12
491: 0,0,18
492: 0,0,19
493: 0,0,44
494: 0,1,12
495: 0,1,11
496: 0,1,12
497: 0,0,12
498: 0,1,12
499: 0,1,12
500: 0,1,9
501: 0,1,12
502: 0,1,19
503: 0,1,11
504: 0,1,9
505: 0,1,9
506: 0,1,19
507: 0,1,12
508: 0,0,13
509: 0,1,53
510: 0,1,12
511: 0,0,18
512: 0,0,44
513: 0,1,26
514: 0,1,12
515: 0,0,22
516: 0,1,9
517: 0,1,26
518: 0,1,9
519: 0,0,26
520: 0,1,9
521: 0,0,22
522: 0,0,50
523: 0,1,12
524: 0,1,9
525: 0,0,19
526: 0,1,12
527: 0,0,50
528: 0,1,26
529: 0,1,9
530: 0,1,9
531: 0,0,26
532: 0,1,9
533: 0,0,18
534: 0,1,11
535: 0,1,11
536: 0,0,13
537: 0,1,11
538: 0,1,12
539: 0,1,11
540: 0,1,12
541: 0,0,26
542: 0,1,9
543: 0,0,13
544: 0,0,51
545: 0,1,11
546: 0,1,19
547: 0,1,11
548: 0,0,18
549: 0,1,11
550: 0,0,22
551: 0,0,44
552: 0,0,26
553: 0,1,22
554: 0,1,53
555: 0,0,26
556: 0,0,18
557: 0,0,26
558: 0,0,22
559: 0,1,11
560: 0,1,12
561: 0,1,9
562: 0,1,12
563: 0,1,9
564: 0,1,12
565: 0,1,11
566: 0,0,26
567: 0,0,26
568: 0,1,11
569: 0,0,18
570: 0,1,12
571: 0,0,12
572: 0,1,19
573: 0,0,43
574: 0,0,26
575: 0,1,9
576: 0,1,12
577: 0,1,26
578: 0,1,9
579: 0,1,18
580: 0,0,44
581: 0,0,13
582: 0,0,26
583: 0,1,12
584: 0,0,26
585: 0,1,19
586: 0,1,12
587: 0,1,12
588: 0,0,22
589: 0,1,9
590: 0,0,50
591: 0,0,18
592: 0,1,12
593: 0,1,12
594: 0,1,9
595: 0,1,11
596: 0,0,44
597: 0,0,13
598: 0,0,12
599: 0,1,12
600: 0,0,26
601: 0,1,19
602: 0,0,13
603: 0,2,44
604: 0,1,26
605: 0,0,26
606: 0,1,9
607: 0,1,12
608: 0,0,51
609: 0,0,43
610: 0,1,9
611: 0,1,26
612: 0,1,9
613: 0,0,26
614: 0,1,19
615: 0,1,12
616: 0,1,22
617: 0,1,22
618: 0,1,19
619: 0,1,12
620: 0,1,11
621: 0,1,11
622: 0,1,22
623: 0,0,18
624: 0,2,44
625: 0,1,9
626: 0,1,12
627: 0,1,12
628: 0,0,26
629: 0,1,9
630: 0,0,12
631: 0,1,19
632: 0,0,18
633: 0,1,18
634: 0,1,12
635: 0,1,19
636: 0,1,12
637: 0,1,19
638: 0,1,18
639: 0,1,26
640: 0,1,12
641: 0,1,12
642: 0,1,26
643: 0,1,12
644: 0,1,12
645: 0,0,13
646: 0,0,18
647: 0,1,10
648: 0,1,9
649: 0,0,50
650: 0,0,18
651: 0,0,26
652: 0,1,11
653: 0,1,9
654: 0,0,19
655: 0,1,26
656: 0,1,11
657: 0,1,11
658: 0,1,9
659: 0,1,19
660: 0,1,12
661: 0,0,50
662: 0,1,9
663: 0,1,9
664: 0,1,9
665: 0,0,44
666: 0,1,12
667: 0,1,19
668: 0,0,26
669: 0,1,22
670: 0,0,13
671: 0,1,12
672: 0,1,11
673: 0,1,19
674: 0,1,10
675: 0,0,12
676: 0,0,12
677: 0,1,18
678: 0,1,9
679: 0,0,12
680: 0,1,19
681: 0,1,19
682: 0,0,22
683: 0,1,18
684: 0,1,11
685: 0,1,12
686: 0,0,19
687: 0,1,9
688: 0,1,9
689: 0,0,12
690: 0,1,9
691: 0,1,9
692: 0,1,9
693: 0,1,11
694: 0,1,19
695: 0,1,11
696: 0,1,18
697: 0,1,9
698: 0,1,12
699: 0,1,19
700: 0,1,11
701: 0,0,22
702: 0,1,9
703: 0,0,18
704: 0,1,9
705: 0,1,12
706: 0,1,12
707: 0,1,9
708: 0,1,9
709: 0,1,18
710: 0,1,12
711: 0,0,50
712: 0,0,18
713: 0,1,12
714: 0,1,9
715: 0,1,12
716: 0,1,12
717: 0,0,43
718: 0,1,9
719: 0,0,26
720: 0,1,11
721: 0,1,19
722: 0,1,9
723: 0,0,12
724: 0,1,13
725: 0,1,9
726: 0,0,50
727: 0,1,19
728: 0,0,13
729: 0,0,26
730: 0,1,9
731: 0,1,12
732: 0,1,22
733: 0,1,12
734: 0,1,19
735: 0,1,13
736: 0,1,12
737: 0,1,11
738: 0,0,22
739: 0,0,26
740: 0,0,26
741: 0,1,12
742: 0,1,19
743: 0,0,44
744: 0,1,11
745: 0,1,12
746: 0,1,12
747: 0,1,9
748: 0,1,26
749: 0,0,22
750: 0,1,12
751: 0,1,53
752: 0,0,51
753: 0,0,22
754: 0,0,50
755: 0,0,26
756: 0,1,19
757: 0,1,19
758: 0,1,13
759: 0,1,9
760: 0,1,11
761: 0,1,26
762: 0,1,10
763: 0,1,9
764: 0,0,50
765: 0,1,10
766: 0,1,12
767: 0,0,26
768: 0,0,50
769: 0,0,18
770: 0,0,22
771: 0,1,53
772: 0,1,12
773: 0,1,18
774: 0,0,26
775: 0,0,22
776: 0,0,18
777: 0,0,13
778: 0,0,22
779: 0,1,9
780: 0,0,12
781: 0,0,13
782: 0,0,18
783: 0,1,19
784: 0,0,26
785: 0,1,10
786: 0,0,50
787: 0,1,12
788: 0,1,19
789: 0,1,26
790: 0,1,9
791: 0,0,26
792: 0,0,26
793: 0,1,12
794: 0,1,11
795: 0,0,12
796: 0,0,12
797: 0,1,9
798: 0,1,12
799: 0,1,19
800: 0,0,51
801: 0,1,9
802: 0,0,19
803: 0,1,12
804: 0,0,12
805: 0,1,26
806: 0,1,11
807: 0,1,18
808: 0,0,26
809: 0,1,12
810: 0,1,19
811: 0,0,12
812: 0,1,11
813: 0,1,11
814: 0,1,12
815: 0,0,26
816: 0,0,22
817: 0,0,50
818: 0,1,10
819: 0,0,50
820: 0,1,12
821: 0,1,12
822: 0,0,19
823: 0,1,12
824: 0,1,12
825: 0,0,19
826: 0,1,12
827: 0,0,13
828: 0,1,11
829: 0,1,19
830: 0,1,12
831: 0,0,26
832: 0,1,12
833: 0,0,18
834: 0,0,50
835: 0,1,9
836: 0,0,18
837: 0,1,26
838: 0,1,9
839: 0,1,11
840: 0,1,10
841: 0,0,26
842: 0,1,26
843: 0,1,10
844: 0,1,9
845: 0,1,12
846: 0,0,18
847: 0,0,22
848: 0,1,9
849: 0,1,12
850: 0,0,22
851: 0,0,26
852: 0,1,9
853: 0,1,11
854: 0,0,22
855: 0,0,26
856: 0,0,12
857: 0,0,26
858: 0,1,11
859: 0,0,26
860: 0,0,26
861: 0,1,9
862: 0,0,18
863: 0,1,12
864: 0,1,9
865: 0,0,18
866: 0,1,9
867: 0,0,51
868: 0,1,12
869: 0,0,13
870: 0,0,43
871: 0,2,44
872: 0,1,18
873: 0,1,9
874: 0,1,9
875: 0,0,18
876: 0,1,26
877: 0,1,11
878: 0,0,18
879: 0,0,22
880: 0,1,9
881: 0,1,9
882: 0,0,22
883: 0,1,9
884: 0,0,43
885: 0,0,53
886: 0,0,18
887: 0,1,9
888: 0,0,13
889: 0,0,13
890: 0,0,26
891: 0,0,26
892: 0,1,9
893: 0,1,18
894: 0,1,19
895: 0,0,18
896: 0,0,18
897: 0,1,11
898: 0,0,22
899: 0,0,18
900: 0,1,9
901: 0,1,10
902: 0,0,43
903: 0,1,12
904: 0,1,11
905: 0,1,12
906: 0,1,11
907: 0,1,11
908: 0,1,11
909: 0,0,50
910: 0,1,9
911: 0,0,18
912: 0,0,26
913: 0,1,9
914: 0,1,12
915: 0,1,9
916: 0,1,11
917: 0,0,22
918: 0,1,12
919: 0,1,9
920: 0,1,12
921: 0,1,19
922: 0,1,10
923: 0,1,11
924: 0,1,19
925: 0,1,12
926: 0,1,26
927: 0,0,18
928: 0,1,10
929: 0,1,9
930: 0,0,26
931: 0,1,11
932: 0,1,12
933: 0,1,9
934: 0,1,11
935: 0,0,12
936: 0,1,11
937: 0,1,26
938: 0,1,19
939: 0,0,51
940: 0,1,11
941: 0,0,26
942: 0,1,12
943: 0,0,18
944: 0,0,18
945: 0,1,12
946: 0,1,12
947: 0,1,12
948: 0,1,9
949: 0,0,26
950: 0,1,12
951: 0,0,22
952: 0,1,12
953: 0,1,19
954: 0,1,11
955: 0,1,12
956: 0,1,9
957: 0,1,18
958: 0,0,19
959: 0,1,11
960: 0,1,22
961: 0,1,12
962: 0,0,18
963: 0,1,26
964: 0,1,10
965: 0,1,9
966: 0,0,53
967: 0,0,12
968: 0,1,12
969: 0,0,13
970: 0,0,18
971: 0,1,9
972: 0,1,12
973: 0,1,12
974: 0,1,53
975: 0,1,12
976: 0,1,11
977: 0,1,11
978: 0,2,44
979: 0,0,18
980: 0,0,50
981: 0,1,9
982: 0,1,9
983: 0,1,11
984: 0,1,22
985: 0,0,13
986: 0,1,12
987: 0,1,9
988: 0,0,26
989: 0,1,19
990: 0,0,44
991: 0,0,22
992: 0,1,11
993: 0,1,18
994: 0,0,22
995: 0,0,19
996: 0,1,12
997: 0,1,9
998: 0,1,26
999: 0,1,12
1000: 0,1,26
1001: 0,1,18
1002: 0,1,18
1003: 0,1,9
1004: 0,0,18
1005: 0,1,9
1006: 0,1,12
1007: 0,1,9
1008: 0,1,11
1009: 0,1,18
1010: 0,0,43
1011: 0,0,18
1012: 0,1,11
1013: 0,0,50
1014: 0,1,9
1015: 0,0,18
1016: 0,0,26
1017: 0,1,19
1018: 0,1,12
1019: 0,0,12
1020: 0,1,12
1021: 0,1,9
1022: 0,0,43
1023: 0,0,26
