0: 1,0,46
1: -1,0,78
2: 0,1,29
3: 2,0,66
4: 1,1,36
5: 1,0,41
6: -1,1,32
7: 1,0,33
8: -1,0,30
9: 0,0,31
10: -1,0,34
11: 0,1,32
12: 1,0,47
13: 0,0,29
14: 0,1,29
15: 0,1,30
16: 0,1,30
17: 0,0,30
18: 1,0,32
19: 0,1,32
20: 1,0,46
21: 0,0,29
22: 1,0,31
23: -1,1,29
24: 1,1,29
25: 0,1,32
26: 0,1,29
27: 1,0,40
28: 0,0,32
29: 1,1,32
30: 0,0,29
31: 0,0,30
32: -1,0,33
33: 1,0,32
34: 0,0,29
35: -1,1,30
36: 0,0,30
37: 0,1,32
38: 0,0,29
39: 0,1,29
40: 0,0,30
41: 0,0,30
42: 0,1,29
43: 0,1,29
44: 0,1,32
45: 0,1,29
46: 0,0,30
47: 1,1,32
48: 0,0,29
49: 0,0,30
50: 0,0,31
51: 1,0,46
52: 1,0,46
53: 0,1,30
54: -1,0,78
55: 1,0,46
56: -1,0,30
57: 1,0,32
58: 0,0,29
59: 1,0,32
60: -1,0,33
61: 2,0,46
62: 0,0,29
63: 0,0,31
64: 1,0,32
65: 0,1,32
66: 0,1,32
67: 0,0,29
68: 0,0,29
69: 0,0,29
70: 0,0,29
71: 0,0,29
72: 0,1,29
73: 0,0,29
74: 0,0,30
75: 0,0,30
76: 0,1,29
77: 0,0,30
78: -1,1,29
79: 0,1,32
80: 0,1,30
81: 0,0,29
82: 0,1,32
83: 1,0,46
84: 1,0,47
85: 0,1,29
86: 0,0,29
87: 1,1,29
88: 0,1,32
89: 0,1,29
90: 0,1,29
91: 1,0,31
92: -1,1,32
93: 0,1,30
94: 1,1,32
95: 0,1,32
96: 1,0,32
97: 0,0,29
98: 0,0,30
99: 0,0,29
100: 0,0,29
101: 0,0,29
102: 0,1,32
103: 0,1,32
104: 0,0,29
105: 0,1,32
106: 0,1,32
107: 1,1,32
108: 0,1,29
109: 0,0,29
110: 0,1,29
111: 0,0,30
112: 0,0,30
113: -1,1,30
114: -1,0,30
115: 0,0,29
116: 0,0,29
117: 0,0,29
118: -1,1,29
119: 0,1,29
120: 0,0,29
121: 0,0,29
122: 0,1,29
123: 0,1,29
124: 0,1,29
125: 0,1,29
126: 1,0,41
127: 0,0,29
