0: 0,1,24
1: 0,0,22
2: -1,0,23
3: 3,0,50
4: 1,1,21
5: 0,1,22
6: 0,1,22
7: -1,0,36
8: 2,0,51
9: 2,0,49
10: 0,0,22
11: -1,0,36
12: 0,1,22
13: 1,0,49
14: 0,0,22
15: 2,0,51
16: 2,1,39
17: 0,0,22
18: 4,0,51
19: -1,1,23
20: 3,0,50
21: -1,1,22
22: 0,1,24
23: 0,1,24
24: 2,0,36
25: 0,1,23
26: -1,0,23
27: 2,1,39
28: -1,0,22
29: 1,0,22
30: 0,0,39
31: 3,1,37
32: 0,1,22
33: -1,1,23
34: -2,0,36
35: 0,1,22
36: 1,1,24
37: 0,0,22
38: 1,1,22
39: 3,1,37
40: 1,1,24
41: 3,0,51
42: 0,1,22
43: 0,1,23
44: 0,1,21
45: 0,1,24
46: -1,0,22
47: 0,1,22
48: 0,1,21
49: 1,1,22
50: 0,0,22
51: -1,1,22
52: 0,1,19
53: 1,0,36
54: 0,0,23
55: 1,1,18
56: 0,0,50
57: -1,1,22
58: 3,1,37
59: -1,0,22
60: 0,1,24
61: 0,1,22
62: -3,0,39
63: 0,0,23
64: 1,0,22
65: 3,1,49
66: 0,0,22
67: 3,0,40
68: 0,1,22
69: 1,0,22
70: 0,1,23
71: 1,0,22
72: -1,0,39
73: -1,0,23
74: -1,0,23
75: 0,0,22
76: 2,0,51
77: -3,0,39
78: 0,0,23
79: 2,0,36
80: 2,0,36
81: 1,0,22
82: 0,0,22
83: -2,0,39
84: 0,0,22
85: 0,1,22
86: 1,0,23
87: 1,1,22
88: 0,1,23
89: 0,1,24
90: -1,0,23
91: 1,1,22
92: -1,0,23
93: 0,0,23
94: 1,0,50
95: 1,1,22
96: 0,0,22
97: 0,1,23
98: 1,1,22
99: -1,0,23
100: -1,0,22
101: -1,1,25
102: 1,0,36
103: 0,1,19
104: 0,0,22
105: 0,0,22
106: 3,0,51
107: 4,1,50
108: -1,0,22
109: 0,0,39
110: 0,0,22
111: -1,1,23
112: 0,1,23
113: -1,0,23
114: -2,0,39
115: 1,1,22
116: -1,1,23
117: 1,1,20
118: 0,0,22
119: 0,1,23
120: 0,0,22
121: -1,0,22
122: 4,0,50
123: 0,1,24
124: -1,1,23
125: 1,1,19
126: 1,0,18
127: 0,0,23
128: 0,1,24
129: 0,1,19
130: 0,1,24
131: -1,0,23
132: -1,0,22
133: 0,1,24
134: 0,0,23
135: -1,1,22
136: 1,0,22
137: 3,1,34
138: 3,0,49
139: 0,0,22
140: 2,1,39
141: 0,1,23
142: 2,0,51
143: 1,1,22
144: 0,1,22
145: -1,0,22
146: 0,0,22
147: 0,0,23
148: 0,1,21
149: 0,0,39
150: 3,0,51
151: -2,0,39
152: -2,1,34
153: 0,0,22
154: -2,0,39
155: 1,1,22
156: -1,0,23
157: 0,0,22
158: 1,0,22
159: 0,0,22
160: 0,0,22
161: 3,0,51
162: -1,0,22
163: 0,1,21
164: -1,0,22
165: 1,0,23
166: 3,1,40
167: -2,1,31
168: 0,1,21
169: 1,0,22
170: 0,1,21
171: 0,0,40
172: 2,0,51
173: -1,0,22
174: 0,1,22
175: 1,1,18
176: 0,1,19
177: 0,0,22
178: 1,0,22
179: -1,1,23
180: 0,0,39
181: 0,1,23
182: 0,1,24
183: 0,1,21
184: 0,1,19
185: 3,0,51
186: -1,0,39
187: 1,0,51
188: -1,1,22
189: -2,0,39
190: -1,0,22
191: 2,1,39
192: -1,0,22
193: -1,0,23
194: -2,0,39
195: 4,0,51
196: -2,0,36
197: 0,1,22
198: 0,0,22
199: 0,0,22
200: 1,0,49
201: 0,0,22
202: 0,0,39
203: -1,0,23
204: 0,0,22
205: 0,0,22
206: 1,1,22
207: 0,1,24
208: 1,0,22
209: 3,1,34
210: -1,1,22
211: -1,1,23
212: 1,0,22
213: -1,1,22
214: 0,0,22
215: -1,0,22
216: 3,1,40
217: 2,1,36
218: 0,1,22
219: 1,0,18
220: 2,0,51
221: 0,0,22
222: -1,0,22
223: 1,1,24
224: 3,0,41
225: 1,0,23
226: 0,0,22
227: 3,1,50
228: 4,0,51
229: 3,1,50
230: 3,0,50
231: 0,0,22
232: 3,0,49
233: -1,0,23
234: 0,1,21
235: -1,1,23
236: 1,0,22
237: 0,1,18
238: 0,1,22
239: 0,1,23
240: 0,0,22
241: -1,0,39
242: -1,0,22
243: 1,1,17
244: -2,1,36
245: 0,1,22
246: 1,0,22
247: 1,1,22
248: 0,0,22
249: 1,0,23
250: 1,1,24
251: 0,1,24
252: -1,0,22
253: 0,0,22
254: 0,1,22
255: 0,1,22
256: 0,1,23
257: -1,1,23
258: 2,1,39
259: -1,0,22
260: 1,1,22
261: 0,0,22
262: -1,1,22
263: 0,0,22
264: -1,1,23
265: 1,1,21
266: 4,0,45
267: -1,0,39
268: 1,1,17
269: 0,0,22
270: 4,0,51
271: 1,0,51
272: 1,1,22
273: 4,0,45
274: 1,0,50
275: 0,1,18
276: -2,0,39
277: -1,1,22
278: -3,1,39
279: 0,1,22
280: -1,0,23
281: 0,1,22
282: 4,0,51
283: 0,1,22
284: 1,1,22
285: 0,0,39
286: 0,1,22
287: 2,0,36
288: 1,0,50
289: 0,1,19
290: -3,1,39
291: 1,1,49
292: -1,0,23
293: -1,0,39
294: 0,1,22
295: 0,0,22
296: 2,0,51
297: -1,0,22
298: 1,1,22
299: 0,0,22
300: -1,1,23
301: 0,1,22
302: 1,1,17
303: -1,1,23
304: 1,0,51
305: -1,0,36
306: 3,1,50
307: 1,1,17
308: 2,0,51
309: 2,1,36
310: 0,1,22
311: -1,0,39
312: 0,1,23
313: 0,0,22
314: 0,0,22
315: 1,0,22
316: 4,0,51
317: 1,0,36
318: 0,1,24
319: -1,0,23
320: -2,0,39
321: -1,0,23
322: 1,0,49
323: -1,0,22
324: 0,0,22
325: -1,1,23
326: -1,0,22
327: -1,0,22
328: 4,0,50
329: 1,1,22
330: 0,0,23
331: 1,1,22
332: 0,0,22
333: -1,1,23
334: 1,0,22
335: 0,1,21
336: 0,1,21
337: 1,1,22
338: 1,0,22
339: 0,0,22
340: 0,1,19
341: 0,1,22
342: 0,1,22
343: -1,1,25
344: 0,0,22
345: 0,1,23
346: 0,0,23
347: 0,1,21
348: 1,0,36
349: -3,1,39
350: -1,1,23
351: 2,1,36
352: 1,0,22
353: 0,1,22
354: 0,1,22
355: -1,1,23
356: 0,1,23
357: 2,0,51
358: 0,1,22
359: 0,1,22
360: -1,1,23
361: 0,1,22
362: 0,0,22
363: -1,1,23
364: 0,1,22
365: 0,0,24
366: 0,1,22
367: -1,0,22
368: -2,1,36
369: -1,0,39
370: 1,0,23
371: 0,0,22
372: 1,0,50
373: 0,1,22
374: 0,0,39
375: 2,0,36
376: -1,0,23
377: 1,1,22
378: 0,1,22
379: 1,0,22
380: 1,1,49
381: -1,0,36
382: 0,0,22
383: -1,0,39
384: 0,1,21
385: 1,0,22
386: 1,0,22
387: -1,0,23
388: 0,1,24
389: 0,1,24
390: 2,1,22
391: 1,1,17
392: 1,0,22
393: 4,0,51
394: 0,1,22
395: -1,1,23
396: 0,1,22
397: 0,1,18
398: -1,1,25
399: 1,1,21
400: 0,0,22
401: 0,1,22
402: 2,0,36
403: 0,1,22
404: 0,1,22
405: 2,1,39
406: 0,0,22
407: -1,0,39
408: 0,1,22
409: 0,0,50
410: 0,1,24
411: 0,1,22
412: 2,0,36
413: 2,0,51
414: 0,1,21
415: -1,0,22
416: -1,1,22
417: 0,0,22
418: 0,1,22
419: 3,0,40
420: 3,1,50
421: 0,1,22
422: 1,1,22
423: 1,0,22
424: 3,0,49
425: 0,1,23
426: -3,0,39
427: 1,0,36
428: 0,0,22
429: 0,0,22
430: 0,1,22
431: 2,1,39
432: -1,1,23
433: 0,0,36
434: 0,1,24
435: -1,0,22
436: -1,0,22
437: 1,1,22
438: -1,1,22
439: 1,1,22
440: 0,0,22
441: 1,0,51
442: 1,1,17
443: 0,1,23
444: 1,1,21
445: 1,1,17
446: 0,1,22
447: 1,1,18
448: 0,0,22
449: 0,0,22
450: 0,1,22
451: 1,0,49
452: 0,1,22
453: 1,0,22
454: 0,0,37
455: 0,1,23
456: 1,1,49
457: 1,0,22
458: 1,0,18
459: 0,1,22
460: 0,1,24
461: 0,0,22
462: 0,0,22
463: 0,1,22
464: 0,1,24
465: 3,1,37
466: 0,0,13
467: 1,0,36
468: -1,0,22
469: -2,0,39
470: 1,0,23
471: 0,0,22
472: 0,0,22
473: 0,1,22
474: 1,1,20
475: 0,0,22
476: 1,0,36
477: 4,0,50
478: 0,1,22
479: 0,1,19
480: 0,0,23
481: -1,0,22
482: 0,0,22
483: -1,0,23
484: 0,1,23
485: 0,0,22
486: 4,0,51
487: 0,1,22
488: 2,0,36
489: 0,1,22
490: 1,1,18
491: 0,0,22
492: -1,0,22
493: 3,0,50
494: 0,0,22
495: 0,0,22
496: -1,1,22
497: 0,1,23
498: 3,0,41
499: 0,1,22
500: 0,0,39
501: 0,1,24
502: 0,1,22
503: 0,1,22
504: 1,0,22
505: 1,1,21
506: 0,0,22
507: 1,1,36
508: 1,1,18
509: -1,0,23
510: 1,1,36
511: 0,0,23
512: 0,0,22
513: 3,1,50
514: 0,0,23
515: 2,0,36
516: -1,1,25
517: 0,0,22
518: 0,1,23
519: 3,0,51
520: 0,0,23
521: 4,0,51
522: 0,0,39
523: 0,1,23
524: 1,0,36
525: -1,0,36
526: 0,0,22
527: 2,1,39
528: 0,1,22
529: -2,0,39
530: 0,1,24
531: 0,0,37
532: -1,1,22
533: 0,1,23
534: 3,0,51
535: 3,0,41
536: 1,1,22
537: 0,0,22
538: 0,0,19
539: 0,0,36
540: -2,1,36
541: 1,0,22
542: -1,1,23
543: 1,0,18
544: 0,0,22
545: 0,0,22
546: 1,1,22
547: 0,0,22
548: 1,0,22
549: 1,0,49
550: 0,0,22
551: 0,0,22
552: -1,0,39
553: 0,0,22
554: 0,1,22
555: 0,1,19
556: 1,1,22
557: 3,0,49
558: 1,1,22
559: 1,1,22
560: 2,1,39
561: 1,1,36
562: -1,1,22
563: 1,0,22
564: 0,0,40
565: 0,1,24
566: -1,0,22
567: 3,1,50
568: 1,1,21
569: -1,0,23
570: 0,1,21
571: 1,1,24
572: 1,0,50
573: 2,1,49
574: 0,0,22
575: 0,0,22
576: -2,1,34
577: 0,1,22
578: 0,0,39
579: 0,1,22
580: 1,1,24
581: 1,1,21
582: 2,0,36
583: -1,0,23
584: 1,0,22
585: 0,0,23
586: 2,0,51
587: -1,0,22
588: 0,1,22
589: 1,1,21
590: 0,0,22
591: 0,0,22
592: 1,1,21
593: 0,1,22
594: 3,1,50
595: 1,0,22
596: 1,0,51
597: 1,1,18
598: -1,0,22
599: 1,1,22
600: 0,0,23
601: 1,0,36
602: 0,1,22
603: 1,1,21
604: 0,1,24
605: -1,0,36
606: 0,0,22
607: 0,1,22
608: 0,0,22
609: 1,1,19
610: 1,1,22
611: 0,0,40
612: 4,0,50
613: 1,0,22
614: 3,1,37
615: 0,0,22
616: 0,0,22
617: 1,0,22
618: 1,0,51
619: 0,0,22
620: 0,1,22
621: -2,0,39
622: 0,1,24
623: 1,1,49
624: -1,0,23
625: 2,0,36
626: 0,0,39
627: -2,1,36
628: 0,0,22
629: 1,1,22
630: -1,1,22
631: 1,1,22
632: 0,1,24
633: -1,0,22
634: 1,1,22
635: 1,1,22
636: 0,0,22
637: 0,0,23
638: -1,0,23
639: 1,1,24
640: 1,1,22
641: 0,0,22
642: 0,0,22
643: 2,0,36
644: -1,1,22
645: 0,1,24
646: 1,1,19
647: 0,1,21
648: 0,1,24
649: 2,0,51
650: 2,0,36
651: 1,0,22
652: -1,1,23
653: -1,0,22
654: -1,1,23
655: -2,0,39
656: 0,1,24
657: 0,0,22
658: 1,0,23
659: 1,0,22
660: 0,0,22
661: 0,0,22
662: 0,0,22
663: 0,0,22
664: 1,1,17
665: 1,1,22
666: 1,0,48
667: -2,1,36
668: 3,1,50
669: 0,1,22
670: -1,0,39
671: -1,0,23
672: 0,0,22
673: 1,1,17
674: 0,0,22
675: 3,1,50
676: -1,0,23
677: 2,1,49
678: 4,1,50
679: 0,1,22
680: 1,1,22
681: 4,0,45
682: 1,1,22
683: 1,1,24
684: 0,1,22
685: 0,1,24
686: 1,1,36
687: 0,0,22
688: 0,0,39
689: 0,1,24
690: 1,0,22
691: 0,0,22
692: 2,0,51
693: -2,0,39
694: -1,1,22
695: -1,0,39
696: 1,1,22
697: 0,0,23
698: 1,1,22
699: 0,0,22
700: 0,1,22
701: -2,0,39
702: -1,1,22
703: 3,1,37
704: -1,0,23
705: 1,0,22
706: -1,1,25
707: 0,0,23
708: 0,0,23
709: -1,0,22
710: 0,0,22
711: 3,0,51
712: 2,0,51
713: -1,0,39
714: 0,1,22
715: 0,1,22
716: 0,0,23
717: -1,1,22
718: 1,0,22
719: 1,1,17
720: 2,1,39
721: -1,1,22
722: 0,0,22
723: 3,0,51
724: 0,0,22
725: 1,1,21
726: -1,1,23
727: 0,0,22
728: 1,0,18
729: 0,0,22
730: 0,0,22
731: 3,1,40
732: -1,0,36
733: 0,1,22
734: 1,0,22
735: 0,0,22
736: 1,0,36
737: -1,1,22
738: 0,0,22
739: 3,1,40
740: -2,1,34
741: 0,1,23
742: 0,0,39
743: 2,0,36
744: -1,0,39
745: 2,0,51
746: -1,1,23
747: 0,0,22
748: -1,0,22
749: 3,0,50
750: 1,1,22
751: 0,0,23
752: -1,1,23
753: 1,1,22
754: -1,0,22
755: 0,0,39
756: 0,1,22
757: 0,1,22
758: 0,1,23
759: -1,0,22
760: 0,0,22
761: 3,0,40
762: 0,0,22
763: 0,1,22
764: 1,1,21
765: 0,0,22
766: -1,0,23
767: 0,1,22
768: 1,1,22
769: 1,1,36
770: -1,0,22
771: 4,0,51
772: 1,0,22
773: 0,0,22
774: -1,1,22
775: 0,0,22
776: 1,1,22
777: 0,1,22
778: 0,0,22
779: 1,1,21
780: -1,1,25
781: 1,1,22
782: 1,0,51
783: 0,0,22
784: 0,0,39
785: 0,1,23
786: 1,0,22
787: 0,1,22
788: 0,0,22
789: -1,0,22
790: 0,0,39
791: 1,1,17
792: 2,1,39
793: 2,0,51
794: -1,0,23
795: 0,1,22
796: -1,1,22
797: 1,1,18
798: 0,1,24
799: 0,0,22
800: 0,1,21
801: 0,1,23
802: 0,1,19
803: 1,0,36
804: -1,1,23
805: 4,0,45
806: 2,1,49
807: 2,1,49
808: 0,0,40
809: 0,0,22
810: 1,1,22
811: 0,1,21
812: 1,0,36
813: 0,1,22
814: 1,1,20
815: 4,0,45
816: 0,0,23
817: -1,1,23
818: -1,0,23
819: 0,0,22
820: 1,0,22
821: -1,0,22
822: 0,0,23
823: 0,1,21
824: 0,1,21
825: 0,1,24
826: -1,0,22
827: -2,0,39
828: 2,0,36
829: 0,1,23
830: -1,0,23
831: 0,0,22
832: 1,1,22
833: 0,0,22
834: 2,0,49
835: 0,0,22
836: 0,1,22
837: 1,1,22
838: -1,1,22
839: -1,0,23
840: 0,0,22
841: 0,1,23
842: 0,1,22
843: 1,0,36
844: 0,0,23
845: 0,0,22
846: 2,1,49
847: 1,0,22
848: 2,0,36
849: 1,1,22
850: 0,1,19
851: -1,0,22
852: 1,1,22
853: 0,0,22
854: 1,0,22
855: 1,1,22
856: 0,0,13
857: 1,0,51
858: -1,0,23
859: 0,0,22
860: 1,0,22
861: 1,1,22
862: 1,0,22
863: 1,1,22
864: 0,1,22
865: -1,0,36
866: 0,1,23
867: 0,1,23
868: 0,0,22
869: 0,0,24
870: 0,0,23
871: 0,1,24
872: 0,0,22
873: -1,1,23
874: 0,0,39
875: 1,0,22
876: 0,1,22
877: 2,0,51
878: 0,1,22
879: 2,0,36
880: 1,1,22
881: 4,0,51
882: 1,1,36
883: 0,0,22
884: 0,1,22
885: 0,1,23
886: 0,1,24
887: 0,0,22
888: 0,0,22
889: 1,1,22
890: 1,1,22
891: -1,0,23
892: 1,0,50
893: 1,1,22
894: 0,0,22
895: -2,0,39
896: -1,0,23
897: 1,0,22
898: 0,0,22
899: 0,0,23
900: 3,1,49
901: 0,0,40
902: 0,1,21
903: 0,1,23
904: 1,1,22
905: 0,0,22
906: 0,0,22
907: -1,1,23
908: 0,1,22
909: 0,0,23
910: 0,0,22
911: 0,0,23
912: -1,1,23
913: 0,1,24
914: 1,1,18
915: 1,1,22
916: -1,0,22
917: 3,1,37
918: 1,1,18
919: 1,0,50
920: -1,1,22
921: 0,0,22
922: 0,1,24
923: 2,1,39
924: -1,1,23
925: 1,1,22
926: 3,1,37
927: 1,0,22
928: 0,1,24
929: 1,0,22
930: 1,0,50
931: 1,1,19
932: 0,1,22
933: 1,1,21
934: 0,0,22
935: -1,0,39
936: 1,0,18
937: 0,0,39
938: -1,1,22
939: -1,0,22
940: 1,1,21
941: 0,1,23
942: 0,1,21
943: 1,0,22
944: 0,1,24
945: 0,0,22
946: 1,0,22
947: 2,1,39
948: 2,0,51
949: 2,1,39
950: 1,0,51
951: -2,1,36
952: -1,1,23
953: 2,1,39
954: 0,0,24
955: -2,0,39
956: 1,0,22
957: 0,1,22
958: -1,1,22
959: 0,1,22
960: 1,1,22
961: 0,0,23
962: -2,0,39
963: 0,0,39
964: 0,0,22
965: 3,1,40
966: -1,0,39
967: 0,0,22
968: -1,1,23
969: 1,0,51
970: 1,1,22
971: -3,0,39
972: 0,0,23
973: -2,1,36
974: 0,0,22
975: 0,1,21
976: -3,1,39
977: 0,0,22
978: 1,1,24
979: 1,0,22
980: 0,0,23
981: 0,0,22
982: -3,0,39
983: 3,1,37
984: -1,1,23
985: 0,0,22
986: 0,0,22
987: -1,0,23
988: 1,0,22
989: 2,1,39
990: -2,1,36
991: 1,1,22
992: -1,0,22
993: 0,0,23
994: 0,0,22
995: 1,0,49
996: -1,1,23
997: 0,0,22
998: 0,0,13
999: 0,1,22
1000: 0,0,22
1001: 0,0,22
1002: -2,0,39
1003: -2,0,36
1004: 0,1,21
1005: 2,0,36
1006: 1,1,22
1007: 0,1,24
1008: 4,0,51
1009: -1,1,22
1010: -1,1,23
1011: 0,0,22
1012: 0,1,23
1013: -2,0,39
1014: -1,1,23
1015: 1,1,22
1016: 0,0,40
1017: 0,1,21
1018: -1,0,39
1019: 0,1,23
1020: 3,1,34
1021: 1,0,22
1022: -1,1,23
1023: 1,0,51
