0: 0,1,33
1: -1,2,75
2: 0,1,51
3: 0,1,61
4: -1,2,42
5: -1,1,68
6: 0,1,38
7: -1,1,72
8: 0,1,44
9: 0,2,36
10: 0,1,40
11: 1,1,35
12: 0,2,33
13: 0,2,37
14: 0,1,32
15: 0,0,34
16: 0,1,60
17: 0,1,39
18: 0,1,33
19: -1,2,71
20: 0,2,67
21: 0,2,34
22: 0,1,32
23: 0,1,41
24: -1,2,69
25: 0,1,33
26: 0,1,34
27: 0,2,34
28: 0,1,33
29: 0,2,33
30: 0,1,36
31: 0,1,32
32: 0,1,60
33: -1,1,69
34: 0,1,33
35: 0,2,34
36: 0,1,33
37: 0,1,33
38: -1,2,68
39: 0,1,60
40: 0,1,32
41: 0,1,38
42: 0,2,33
43: 0,2,33
44: 0,1,32
45: 0,1,33
46: 0,1,60
47: 0,1,32
48: 0,1,51
49: 0,1,32
50: 0,1,32
51: 0,1,32
52: 0,1,32
53: 0,1,33
54: 0,2,33
55: 0,1,34
56: 0,1,32
57: 0,2,36
58: 0,1,33
59: 0,2,37
60: 0,1,44
61: 0,1,60
62: 0,1,32
63: 0,1,60
64: 0,1,32
65: 0,2,33
66: 0,1,33
67: 0,1,51
68: 0,1,32
69: 0,1,32
70: 0,1,32
71: 0,1,33
72: 0,2,33
73: 0,1,32
74: 0,2,37
75: 0,1,33
76: 0,2,33
77: 0,2,33
78: 0,2,34
79: 0,1,33
80: 0,2,33
81: 0,1,33
82: 0,1,33
83: 0,1,33
84: 0,1,32
85: 0,1,32
86: 0,1,33
87: 0,1,33
88: 0,1,32
89: 0,1,32
90: 0,1,33
91: 0,1,32
92: 0,1,32
93: 0,1,32
94: 0,1,32
95: 0,1,32
96: 0,1,60
97: 0,1,51
98: 0,1,33
99: 0,1,33
100: 0,1,32
101: 0,1,32
102: 0,1,33
103: 0,1,33
104: 0,1,33
105: 0,1,33
106: 0,1,33
107: 0,1,33
108: 0,1,33
109: 0,1,33
110: 0,1,33
111: 0,1,33
112: 0,1,33
113: 0,1,33
114: 0,1,33
115: 0,1,33
116: 0,1,33
117: 0,1,33
118: 0,1,33
119: 0,1,33
120: 0,1,33
121: 0,1,33
122: 0,1,33
123: 0,1,33
124: 0,1,33
125: 0,1,33
126: 0,1,33
127: 0,1,33
