0: 0,0,30
1: 1,0,66
2: 0,0,47
3: 0,0,41
4: 0,0,33
5: 0,0,31
6: 1,0,46
7: 0,0,29
8: 0,0,30
9: 0,0,46
10: 0,0,32
11: 0,0,32
12: 0,0,29
13: 0,0,31
14: 0,0,46
15: 0,0,29
16: 1,0,46
17: 0,0,30
18: 0,0,31
19: 0,0,30
20: 0,0,29
21: 0,0,30
22: 0,0,46
23: 0,0,32
24: 0,0,29
25: 1,0,46
26: 0,0,29
27: 0,0,31
28: 0,0,29
29: 0,0,29
30: 0,0,46
31: 0,0,29
32: 0,0,47
33: 0,0,31
34: 0,0,29
35: 0,0,29
36: 0,0,30
37: 0,0,29
38: 0,0,29
39: 0,0,29
40: 0,0,29
41: 0,0,41
42: 0,0,30
43: 0,0,30
44: 0,0,30
45: 0,0,30
46: 0,0,30
47: 0,0,30
48: 0,0,30
49: 0,0,30
50: 0,0,30
51: 0,0,30
52: 0,0,30
53: 0,0,30
54: 0,0,30
55: 0,0,30
56: 0,0,30
57: 0,0,30
58: 0,0,30
59: 0,0,30
60: 0,0,30
61: 0,0,30
62: 0,0,30
63: 0,0,30
64: 0,0,30
65: 0,0,30
66: 0,0,30
67: 0,0,30
68: 0,0,30
69: 0,0,30
70: 0,0,30
71: 0,0,30
72: 0,0,30
73: 0,0,30
74: 0,0,30
75: 0,0,30
76: 0,0,30
77: 0,0,30
78: 0,0,30
79: 0,0,30
80: 0,0,30
81: 0,0,30
82: 0,0,30
83: 0,0,30
84: 0,0,30
85: 0,0,30
86: 0,0,30
87: 0,0,30
88: 0,0,30
89: 0,0,30
90: 0,0,30
91: 0,0,30
92: 0,0,30
93: 0,0,30
94: 0,0,30
95: 0,0,30
96: 0,0,30
97: 0,0,30
98: 0,0,30
99: 0,0,30
100: 0,0,30
101: 0,0,30
102: 0,0,30
103: 0,0,30
104: 0,0,30
105: 0,0,30
106: 0,0,30
107: 0,0,30
108: 0,0,30
109: 0,0,30
110: 0,0,30
111: 0,0,30
112: 0,0,30
113: 0,0,30
114: 0,0,30
115: 0,0,30
116: 0,0,30
117: 0,0,30
118: 0,0,30
119: 0,0,30
120: 0,0,30
121: 0,0,30
122: 0,0,30
123: 0,0,30
124: 0,0,30
125: 0,0,30
126: 0,0,30
127: 0,0,30
