0: 0,1,24
1: 4,0,51
2: -3,0,39
3: 0,0,13
4: 3,1,34
5: -2,1,31
6: 3,0,41
7: 0,1,19
8: 4,0,45
9: 1,0,48
10: 0,0,37
11: 1,1,22
12: -2,1,36
13: 3,1,37
14: 1,0,51
15: 0,0,40
16: -1,0,23
17: 0,1,21
18: 3,1,49
19: 2,0,36
20: 2,1,39
21: 0,0,23
22: 1,1,24
23: -1,0,36
24: -1,1,25
25: 1,1,17
26: -2,1,34
27: 0,1,23
28: 1,1,20
29: -1,0,39
30: 3,0,51
31: 1,0,49
32: 0,1,23
33: 3,1,40
34: -3,1,39
35: 1,1,19
36: 0,0,36
37: 0,0,39
38: 1,0,23
39: 0,0,22
40: -2,0,39
41: 0,1,24
42: -1,1,23
43: 2,0,36
44: 0,0,22
45: 0,0,50
46: 1,1,36
47: 4,0,50
48: 0,0,23
49: -1,0,22
50: 0,0,24
51: 1,0,23
52: -2,0,39
53: 0,1,24
54: 0,1,21
55: 0,0,39
56: 1,1,22
57: -2,0,36
58: -1,1,22
59: 0,0,39
60: 0,0,22
61: 0,1,23
62: 3,0,40
63: 0,0,22
64: 4,0,45
65: 1,0,22
66: 1,0,18
67: -1,0,23
68: 2,1,49
69: 2,1,39
70: 4,0,51
71: -2,0,39
72: 0,1,22
73: 0,0,39
74: 2,1,22
75: 0,1,22
76: 1,1,22
77: -3,0,39
78: -1,1,23
79: 2,1,49
80: 1,0,50
81: 0,0,22
82: 2,0,36
83: 3,1,37
84: 0,1,23
85: 0,1,24
86: -1,0,39
87: 1,1,22
88: 0,0,23
89: 0,0,23
90: 1,1,49
91: 2,0,51
92: 3,1,50
93: 2,0,36
94: -1,1,23
95: 1,0,22
96: 3,0,51
97: 0,0,22
98: 0,1,22
99: 0,0,22
100: -2,0,39
101: 4,0,51
102: 0,1,21
103: -1,0,22
104: 1,1,22
105: -1,1,23
106: 2,0,51
107: 1,0,22
108: 1,0,22
109: 1,0,50
110: 1,1,21
111: 0,0,23
112: 0,1,24
113: -1,1,22
114: 3,1,40
115: -1,0,36
116: 1,1,18
117: 0,1,23
118: 0,1,22
119: 3,0,51
120: -1,0,23
121: 0,0,22
122: 1,1,18
123: -1,1,23
124: -1,1,22
125: 1,0,51
126: 3,0,49
127: 3,0,40
