0: 0,1,39
1: 0,2,41
2: 0,0,59
3: -1,1,39
4: 1,2,40
5: 0,0,58
6: 0,1,39
7: 0,2,39
8: 2,1,63
9: 0,1,39
10: 1,2,40
11: 0,0,58
12: 0,0,57
13: 0,1,39
14: 0,2,41
15: -1,1,53
16: 1,1,42
17: 0,1,40
18: 0,1,39
19: -1,2,40
20: 1,1,41
21: 1,1,41
22: 1,1,41
23: 1,2,40
24: 0,1,39
25: 0,2,39
26: 1,1,42
27: 0,1,40
28: -1,1,54
29: 0,1,39
30: 0,1,39
31: 0,1,39
32: -1,2,50
33: 1,1,42
34: 1,2,40
35: -1,1,39
36: 0,1,40
37: 0,2,41
38: 0,0,59
39: 0,1,39
40: -1,2,40
41: 0,2,41
42: -1,2,42
43: 0,1,39
44: 0,1,39
45: 1,1,60
46: 0,1,39
47: -1,1,53
48: 0,1,41
49: -1,0,54
50: 0,1,39
51: 0,0,58
52: -1,1,54
53: 0,2,39
54: 0,0,55
55: -1,1,39
56: 1,2,40
57: -1,1,53
58: 0,0,55
59: 0,1,39
60: 0,1,39
61: -1,1,54
62: -1,2,42
63: 0,0,56
64: 0,1,39
65: 0,2,41
66: -1,1,53
67: -1,1,54
68: 0,1,40
69: 0,0,58
70: 0,1,39
71: 0,1,39
72: 0,1,40
73: 0,1,41
74: -1,0,53
75: 0,1,40
76: 1,2,40
77: 0,2,41
78: 0,1,39
79: 0,2,39
80: 0,1,59
81: 0,1,40
82: 0,1,39
83: -1,0,54
84: 0,2,41
85: -1,0,54
86: -1,1,53
87: -1,2,50
88: 0,1,39
89: 0,1,39
90: 0,0,55
91: -1,2,50
92: 0,0,57
93: 0,1,39
94: 0,1,39
95: 1,2,40
96: 0,1,39
97: 0,1,39
98: 0,2,41
99: 0,1,40
100: -1,2,44
101: 0,1,39
102: 0,1,39
103: 0,1,40
104: -1,2,40
105: 0,2,40
106: 0,1,39
107: 0,1,40
108: -1,0,53
109: 0,1,39
110: 0,1,39
111: -1,1,39
112: 0,0,56
113: -1,2,50
114: 0,2,40
115: 1,1,41
116: 1,1,42
117: 1,2,40
118: 0,1,41
119: -1,0,53
120: -1,0,54
121: 0,1,39
122: 0,2,41
123: 0,1,55
124: -1,1,54
125: -1,1,54
126: 0,2,41
127: -1,2,50
128: -1,1,53
129: 1,1,60
130: 0,1,40
131: 0,1,39
132: 0,1,39
133: -1,1,54
134: 0,0,55
135: 0,2,40
136: 1,2,40
137: 2,1,63
138: -1,2,42
139: 0,1,39
140: -1,1,54
141: 0,2,41
142: 0,1,40
143: 2,1,62
144: 0,2,41
145: 0,1,39
146: 0,1,39
147: 1,1,41
148: 0,1,39
149: -1,2,42
150: 0,1,39
151: 0,1,39
152: -1,0,54
153: -1,0,54
154: -1,2,44
155: 0,1,40
156: 0,1,39
157: 0,1,39
158: 0,1,40
159: 0,0,58
160: 0,1,40
161: 2,1,63
162: 0,2,41
163: 0,1,39
164: 0,1,59
165: 0,1,39
166: 1,1,41
167: 0,0,57
168: 0,1,39
169: 0,1,40
170: 1,1,42
171: -1,2,40
172: -1,1,54
173: -1,1,39
174: 0,2,40
175: -1,1,53
176: -1,2,42
177: -1,1,53
178: 0,1,39
179: 1,1,41
180: 0,2,39
181: -1,1,54
182: 0,0,59
183: -1,1,53
184: 0,1,39
185: 0,1,40
186: 0,1,41
187: -1,2,42
188: 0,1,40
189: 0,1,39
190: 0,2,41
191: 0,1,39
192: 0,1,39
193: -1,1,53
194: 0,0,57
195: 0,2,39
196: 0,1,39
197: 0,2,41
198: 0,2,41
199: 0,2,39
200: -1,2,50
201: 0,1,39
202: 0,1,39
203: -1,2,44
204: 0,1,39
205: 0,2,40
206: 0,2,41
207: 0,0,56
208: 2,1,63
209: 0,1,39
210: 1,2,40
211: 1,1,41
212: 0,1,39
213: 0,1,39
214: 0,1,59
215: 0,1,40
216: 1,1,42
217: 1,2,40
218: -1,1,55
219: 1,2,40
220: -1,1,54
221: 2,1,62
222: 0,0,56
223: 0,0,56
224: 1,1,42
225: 1,2,40
226: 0,1,40
227: -1,2,42
228: 1,1,60
229: 1,1,61
230: 1,1,41
231: 2,1,63
232: 1,1,41
233: 0,1,41
234: -1,1,39
235: 1,1,41
236: -1,1,54
237: 1,2,40
238: -1,2,50
239: 0,2,41
240: 1,2,40
241: -1,2,50
242: 0,1,40
243: 0,0,58
244: 0,1,39
245: 0,1,39
246: 0,2,41
247: 1,2,40
248: 1,1,60
249: -1,1,54
250: 1,1,42
251: 0,0,58
252: 0,1,40
253: 0,0,57
254: 1,1,41
255: -1,2,44
256: 0,0,58
257: 0,1,39
258: 0,1,40
259: 0,2,41
260: -1,0,54
261: 1,1,41
262: 0,0,57
263: 0,2,39
264: 0,2,40
265: 0,1,39
266: 1,1,42
267: 0,1,39
268: 1,1,41
269: 0,1,40
270: 0,1,39
271: 0,2,41
272: -1,1,39
273: -1,1,54
274: -1,1,54
275: 1,1,41
276: 0,1,40
277: 0,2,41
278: 0,1,40
279: 0,2,40
280: 0,1,55
281: 0,1,39
282: 0,1,40
283: 0,1,39
284: -1,1,54
285: -1,0,54
286: 1,2,40
287: 0,0,56
288: -1,0,54
289: 1,2,40
290: -1,1,54
291: 0,1,39
292: 1,1,61
293: 0,2,39
294: 0,1,39
295: 1,1,42
296: -1,2,44
297: 0,1,39
298: 1,1,41
299: -1,1,54
300: 1,2,40
301: -1,0,53
302: 0,1,55
303: 0,2,41
304: -1,1,54
305: 0,0,55
306: 0,1,40
307: 0,2,41
308: 0,2,41
309: 0,2,41
310: 0,1,39
311: -1,2,44
312: 1,1,42
313: 0,1,39
314: -1,0,53
315: 0,1,55
316: 0,1,39
317: 0,1,39
318: -1,1,54
319: -1,0,54
320: 0,1,40
321: 0,1,39
322: 0,1,39
323: -1,2,42
324: 0,1,40
325: 0,2,41
326: 0,0,56
327: -1,1,54
328: -1,1,39
329: 0,1,39
330: 1,1,60
331: 0,2,40
332: 0,1,39
333: -1,1,53
334: 0,2,39
335: 0,1,40
336: 0,1,39
337: 0,1,40
338: 0,1,40
339: 0,1,39
340: 1,1,60
341: 2,1,63
342: 1,1,42
343: 0,1,39
344: 2,1,62
345: 0,1,39
346: 0,1,39
347: -1,2,40
348: 0,1,40
349: 1,2,40
350: 1,1,42
351: -1,0,54
352: -1,2,42
353: -1,1,53
354: 0,1,39
355: -1,0,54
356: -1,0,53
357: 0,1,39
358: -1,1,39
359: 0,1,39
360: 0,1,39
361: 0,2,41
362: -1,1,39
363: -1,1,54
364: 0,1,39
365: 0,1,39
366: 0,2,41
367: 0,1,39
368: 1,1,41
369: 0,1,39
370: -1,2,40
371: 0,0,55
372: 0,0,55
373: 0,2,41
374: -1,1,54
375: 1,2,40
376: -1,1,53
377: 0,1,40
378: 0,1,39
379: -1,1,54
380: 2,1,63
381: -1,1,54
382: 0,1,40
383: 0,1,39
384: 0,1,39
385: 0,0,57
386: -1,1,39
387: 0,1,40
388: 0,1,39
389: 0,0,55
390: 0,1,41
391: 1,1,60
392: 0,0,59
393: 0,2,41
394: 0,1,39
395: 0,1,39
396: -1,1,55
397: 0,1,39
398: 0,1,39
399: 2,1,63
400: 1,1,60
401: -1,0,53
402: 0,1,39
403: 0,0,58
404: 1,1,42
405: -1,1,53
406: 0,1,39
407: 0,1,39
408: 0,1,39
409: 0,1,41
410: 0,1,39
411: 0,1,41
412: 0,1,40
413: -1,2,44
414: 1,1,41
415: 0,0,59
416: 0,1,41
417: 0,1,40
418: 1,1,60
419: -1,1,53
420: 0,0,55
421: 1,1,42
422: 0,1,41
423: 0,1,39
424: -1,2,44
425: 0,1,55
426: 0,0,56
427: 1,1,41
428: 0,2,41
429: -1,0,54
430: 0,1,39
431: 0,1,40
432: -1,0,53
433: 0,1,40
434: 1,1,41
435: 0,1,39
436: 1,1,42
437: -1,2,50
438: 0,1,39
439: 0,1,40
440: 1,2,40
441: 0,1,39
442: 0,1,40
443: 0,2,41
444: 0,2,41
445: 1,2,40
446: 1,2,40
447: 0,1,39
448: 0,1,39
449: 0,1,40
450: 0,1,40
451: 0,1,39
452: -1,0,54
453: 1,1,41
454: -1,2,44
455: -1,1,54
456: 0,0,56
457: 0,0,57
458: 0,1,39
459: 1,1,42
460: 0,0,55
461: 0,1,39
462: 0,1,39
463: 0,1,40
464: 0,1,39
465: 0,1,39
466: 0,0,58
467: 0,1,40
468: -1,1,39
469: -1,1,54
470: 0,1,40
471: 0,1,39
472: 0,1,40
473: 0,1,39
474: -1,1,53
475: 1,1,42
476: -1,2,50
477: 1,1,41
478: -1,0,54
479: 2,1,63
480: 1,1,60
481: 2,1,62
482: 0,1,40
483: 0,1,40
484: 0,1,40
485: 0,1,41
486: 0,2,41
487: -1,1,53
488: 0,1,40
489: -1,1,54
490: 1,1,60
491: 0,1,39
492: 0,1,39
493: 0,1,39
494: 1,2,40
495: 0,1,40
496: 0,1,39
497: 0,1,39
498: 0,1,39
499: 1,1,42
500: 0,1,40
501: 0,2,41
502: 1,1,41
503: -1,2,50
504: 1,1,60
505: 0,2,41
506: 1,1,60
507: 0,1,40
508: 0,1,40
509: 0,1,39
510: 0,1,39
511: -1,2,44
512: 0,1,39
513: -1,0,54
514: -1,1,53
515: 0,1,40
516: -1,1,53
517: -1,2,44
518: 0,2,41
519: 1,1,61
520: 0,0,57
521: 0,1,39
522: 0,1,39
523: 0,0,58
524: 0,0,56
525: 0,1,40
526: 0,1,40
527: -1,1,53
528: -1,1,53
529: 0,1,40
530: 0,1,55
531: 0,1,40
532: 0,1,40
533: 0,1,39
534: 0,1,39
535: -1,1,53
536: -1,1,54
537: 0,1,40
538: -1,1,54
539: 0,1,39
540: 1,1,41
541: -1,0,54
542: -1,0,53
543: 0,1,39
544: -1,1,54
545: 1,1,41
546: 0,2,41
547: 0,0,58
548: 0,1,40
549: 0,2,41
550: 0,1,41
551: 1,2,40
552: 0,1,39
553: 0,1,40
554: -1,2,50
555: 1,2,40
556: 0,2,40
557: -1,1,53
558: 0,1,39
559: 0,2,41
560: 0,1,41
561: 0,0,57
562: 0,1,39
563: 0,2,40
564: 1,2,40
565: 0,1,40
566: 1,1,61
567: 0,0,56
568: 0,0,56
569: 0,1,40
570: 1,1,61
571: -1,1,54
572: 0,1,55
573: 0,1,39
574: 1,1,60
575: 0,1,39
576: -1,2,44
577: 0,2,41
578: 1,1,42
579: 0,1,39
580: 0,1,39
581: -1,0,53
582: 1,1,42
583: 0,0,57
584: 0,1,40
585: 0,1,39
586: 2,1,63
587: 0,1,39
588: 0,1,39
589: -1,1,54
590: 0,1,39
591: 0,2,39
592: 0,1,39
593: 0,1,40
594: 0,1,39
595: 0,1,39
596: 1,2,40
597: 0,2,41
598: 1,1,42
599: 0,1,39
600: 0,0,56
601: 0,1,39
602: -1,0,53
603: -1,2,44
604: 1,2,40
605: 1,1,60
606: 0,1,55
607: 0,1,39
608: 0,1,39
609: -1,0,53
610: 1,1,42
611: 0,0,58
612: 0,1,39
613: 1,1,42
614: 0,2,40
615: 0,1,39
616: 0,1,40
617: 0,1,41
618: 1,1,42
619: 0,1,39
620: 0,0,56
621: 0,1,39
622: 0,1,39
623: 0,2,41
624: 2,1,63
625: -1,1,54
626: -1,1,53
627: 1,1,60
628: 0,1,39
629: 1,2,40
630: -1,1,53
631: 1,1,41
632: 0,2,41
633: 0,1,39
634: 0,1,40
635: 0,1,39
636: -1,1,53
637: -1,1,53
638: 0,1,40
639: 0,2,39
640: 0,0,58
641: -1,1,54
642: 0,1,39
643: 0,1,40
644: -1,1,54
645: -1,1,39
646: 0,2,41
647: 0,1,39
648: 0,1,39
649: 0,1,39
650: 1,2,40
651: 1,1,41
652: 0,1,39
653: 1,1,41
654: 0,1,41
655: -1,2,50
656: 2,1,62
657: 1,1,60
658: 0,1,39
659: 0,1,40
660: -1,1,39
661: 0,1,40
662: 0,1,39
663: 0,0,56
664: -1,0,53
665: 2,1,63
666: 0,1,39
667: 0,1,39
668: 1,1,41
669: -1,1,55
670: -1,1,39
671: 1,1,60
672: 0,1,55
673: 0,0,55
674: -1,1,54
675: 0,1,40
676: -1,2,40
677: 0,1,39
678: 0,1,39
679: -1,0,54
680: 0,0,55
681: 1,1,61
682: 0,1,39
683: 0,0,58
684: 0,1,39
685: 0,1,40
686: -1,2,50
687: 0,1,40
688: -1,1,54
689: -1,0,54
690: -1,1,53
691: 1,1,60
692: 1,2,40
693: 1,1,41
694: 0,2,39
695: 0,0,58
696: 0,1,39
697: 0,1,39
698: 1,2,40
699: 0,1,39
700: 0,2,41
701: -1,1,53
702: 0,0,55
703: -1,1,54
704: 0,1,39
705: 1,1,42
706: 0,1,41
707: -1,1,54
708: 0,2,41
709: 2,1,63
710: 0,1,39
711: -1,1,54
712: 0,1,40
713: -1,1,54
714: 0,1,39
715: -1,1,39
716: 0,0,59
717: -1,1,54
718: 0,1,39
719: -1,2,50
720: 0,1,40
721: -1,1,54
722: 1,1,60
723: 1,1,60
724: -1,1,53
725: 0,1,40
726: -1,0,54
727: 0,1,40
728: -1,1,39
729: 0,2,41
730: 0,1,40
731: 1,1,42
732: 1,1,42
733: -1,2,50
734: -1,2,50
735: 0,1,39
736: 1,1,41
737: 0,1,39
738: 0,1,40
739: 0,0,59
740: 0,2,39
741: 1,1,41
742: 2,1,63
743: 0,1,55
744: -1,1,53
745: -1,1,39
746: 1,1,41
747: 0,2,39
748: 0,1,39
749: 0,0,59
750: 1,1,42
751: 0,0,57
752: 1,1,41
753: 0,0,58
754: 0,2,41
755: 0,0,58
756: -1,1,54
757: 0,1,39
758: 0,1,39
759: 1,1,61
760: 1,1,42
761: -1,1,39
762: 0,2,41
763: 1,1,41
764: 1,1,41
765: -1,1,53
766: 0,1,40
767: 1,1,41
768: 0,2,41
769: -1,1,53
770: 0,1,39
771: -1,1,53
772: 0,1,39
773: 1,1,41
774: 0,0,56
775: 0,1,41
776: 2,1,63
777: 0,1,39
778: -1,1,53
779: 1,1,42
780: 0,1,39
781: 0,2,41
782: 0,1,39
783: 0,0,57
784: 2,1,63
785: 0,1,39
786: 1,1,60
787: 0,1,39
788: 0,1,40
789: 0,2,41
790: 1,1,61
791: 0,1,40
792: -1,1,54
793: 0,1,39
794: 0,1,39
795: 0,0,56
796: -1,1,53
797: -1,2,44
798: 0,0,56
799: 0,0,56
800: 0,1,40
801: 0,2,40
802: 0,0,58
803: -1,1,54
804: 0,1,39
805: 0,1,39
806: 0,0,57
807: -1,1,39
808: 0,2,40
809: 0,1,40
810: -1,1,53
811: 0,1,39
812: 1,1,41
813: 0,2,39
814: 0,1,41
815: 0,1,39
816: -1,1,54
817: -1,1,53
818: -1,2,44
819: 0,1,40
820: 0,1,39
821: 1,2,40
822: 0,1,39
823: 0,1,40
824: 0,0,56
825: 0,0,58
826: 0,1,40
827: 0,2,39
828: 0,1,41
829: -1,1,53
830: 1,1,42
831: -1,2,50
832: -1,1,53
833: 0,0,57
834: -1,0,54
835: 1,1,42
836: 0,1,40
837: 0,2,41
838: 0,2,41
839: -1,1,53
840: 0,0,58
841: 0,1,39
842: 0,0,59
843: 0,1,39
844: -1,1,54
845: 1,1,61
846: 0,1,40
847: -1,2,50
848: -1,1,53
849: 0,2,39
850: 0,1,40
851: 0,1,39
852: 0,1,39
853: 1,1,42
854: -1,1,54
855: 0,2,41
856: 0,0,57
857: -1,2,42
858: 0,2,40
859: 0,1,40
860: 1,2,40
861: 0,2,40
862: 0,1,40
863: 0,1,41
864: 2,1,63
865: 1,2,40
866: 0,1,40
867: -1,2,40
868: 0,1,40
869: 0,1,40
870: 0,1,39
871: 0,1,40
872: 0,1,39
873: 1,1,42
874: 1,2,40
875: 1,1,42
876: 0,1,39
877: 0,1,39
878: 0,2,41
879: -1,0,53
880: -1,0,53
881: -1,1,54
882: -1,0,53
883: 0,1,39
884: 1,1,61
885: 1,1,60
886: -1,2,42
887: -1,0,54
888: 0,1,40
889: 0,1,39
890: 1,2,40
891: 0,2,41
892: -1,1,53
893: 0,1,40
894: 1,1,42
895: 0,1,40
896: -1,2,40
897: 1,1,41
898: -1,1,54
899: 0,1,40
900: 1,2,40
901: 0,1,40
902: 0,1,39
903: -1,0,54
904: 0,1,39
905: -1,2,40
906: 0,1,39
907: -1,1,53
908: 0,1,39
909: -1,1,53
910: 0,2,41
911: 0,0,57
912: 0,1,39
913: 0,1,55
914: 0,1,41
915: 0,1,39
916: -1,1,39
917: 1,1,42
918: 0,2,41
919: 0,1,39
920: 0,1,39
921: 1,1,41
922: -1,2,44
923: -1,2,44
924: 0,1,40
925: -1,2,50
926: -1,0,53
927: 0,1,40
928: -1,1,55
929: 0,2,41
930: 1,2,40
931: 0,1,39
932: -1,1,55
933: 0,1,41
934: 0,1,59
935: 0,1,40
936: 0,1,41
937: 0,2,39
938: -1,0,54
939: 1,1,41
940: 1,1,60
941: -1,2,42
942: 0,1,59
943: 0,2,39
944: 0,0,55
945: 0,1,39
946: 0,1,39
947: -1,1,53
948: -1,2,42
949: -1,1,39
950: 1,1,42
951: 0,1,39
952: 0,1,40
953: 0,1,39
954: 0,0,55
955: 0,1,39
956: -1,2,50
957: -1,0,54
958: 0,1,40
959: 0,1,39
960: -1,1,39
961: 0,1,41
962: 1,1,42
963: 0,1,40
964: 0,2,39
965: 1,1,42
966: 0,1,39
967: 0,2,41
968: -1,2,44
969: -1,0,53
970: 0,0,57
971: 0,1,39
972: 1,2,40
973: 1,1,41
974: -1,1,53
975: 0,1,39
976: -1,1,53
977: 0,1,40
978: 0,1,39
979: 1,1,41
980: 1,1,41
981: 0,1,39
982: 0,2,40
983: 0,1,39
984: 0,1,39
985: 1,2,40
986: 0,1,39
987: 0,1,39
988: 0,1,39
989: -1,2,44
990: 1,1,42
991: 0,1,39
992: -1,2,40
993: 0,2,41
994: -1,0,53
995: 0,0,57
996: 2,1,63
997: 0,1,39
998: 0,1,40
999: 0,1,39
1000: -1,2,44
1001: 0,1,39
1002: -1,0,54
1003: 1,1,42
1004: 1,2,40
1005: 0,1,39
1006: -1,2,50
1007: 0,1,55
1008: 1,1,42
1009: 0,1,39
1010: 1,2,40
1011: -1,2,44
1012: 0,0,58
1013: -1,1,39
1014: 1,1,42
1015: -1,1,39
1016: 0,1,39
1017: 0,1,40
1018: 0,0,55
1019: -1,1,39
1020: 0,1,39
1021: 0,1,40
1022: 0,1,39
1023: -1,1,54
