0: 0,1,9
1: 0,1,53
2: 0,1,26
3: 0,0,43
4: 0,0,18
5: 0,1,13
6: 0,0,22
7: 0,0,50
8: 0,1,11
9: 0,2,44
10: 0,0,19
11: 0,1,12
12: 0,1,18
13: 0,1,10
14: 0,0,26
15: 0,0,51
16: 0,0,18
17: 0,1,11
18: 0,0,13
19: 0,0,22
20: 0,1,19
21: 0,0,53
22: 0,0,50
23: 0,0,26
24: 0,1,9
25: 0,0,44
26: 0,1,26
27: 0,1,12
28: 0,1,10
29: 0,0,18
30: 0,0,50
31: 0,1,9
32: 0,0,26
33: 0,1,11
34: 0,0,12
35: 0,1,18
36: 0,0,12
37: 0,0,50
38: 0,0,44
39: 0,0,19
40: 0,0,18
41: 0,0,26
42: 0,1,12
43: 0,0,22
44: 0,1,22
45: 0,0,26
46: 0,1,19
47: 0,0,12
48: 0,1,9
49: 0,1,18
50: 0,1,26
51: 0,1,12
52: 0,1,26
53: 0,1,12
54: 0,1,9
55: 0,0,22
56: 0,0,26
57: 0,1,11
58: 0,0,18
59: 0,0,19
60: 0,1,19
61: 0,0,50
62: 0,0,13
63: 0,0,26
64: 0,0,18
65: 0,0,22
66: 0,1,11
67: 0,0,26
68: 0,1,9
69: 0,0,12
70: 0,0,13
71: 0,0,50
72: 0,0,50
73: 0,0,26
74: 0,1,12
75: 0,0,22
76: 0,0,18
77: 0,1,26
78: 0,1,12
79: 0,0,22
80: 0,1,12
81: 0,1,12
82: 0,1,12
83: 0,1,12
84: 0,1,10
85: 0,1,19
86: 0,1,12
87: 0,1,18
88: 0,1,18
89: 0,0,43
90: 0,1,12
91: 0,1,19
92: 0,0,12
93: 0,1,9
94: 0,0,18
95: 0,1,9
96: 0,1,12
97: 0,0,13
98: 0,1,11
99: 0,0,12
100: 0,1,19
101: 0,1,9
102: 0,1,12
103: 0,1,26
104: 0,0,18
105: 0,0,12
106: 0,1,10
107: 0,1,12
108: 0,1,9
109: 0,0,26
110: 0,0,26
111: 0,1,9
112: 0,0,18
113: 0,0,26
114: 0,1,26
115: 0,1,12
116: 0,1,10
117: 0,1,12
118: 0,1,12
119: 0,1,12
120: 0,1,9
121: 0,0,26
122: 0,1,12
123: 0,1,19
124: 0,1,9
125: 0,1,9
126: 0,1,12
127: 0,1,12
