0: 0,0,30
1: 1,0,46
2: 0,0,29
3: 0,0,31
4: 0,0,31
5: 0,0,41
6: 0,0,32
7: 0,0,29
8: 0,0,30
9: 0,0,30
10: 1,0,46
11: 0,0,29
12: 0,0,32
13: 0,0,29
14: 0,0,32
15: 0,0,46
16: 0,0,29
17: 0,0,32
18: 0,0,29
19: 0,0,31
20: 0,0,32
21: 0,0,47
22: 0,0,30
23: 1,0,46
24: 0,0,47
25: 0,0,41
26: 0,0,29
27: 0,0,30
28: 0,0,31
29: 1,0,66
30: 0,0,29
31: 0,0,46
32: 0,0,29
33: 1,0,66
34: 0,0,29
35: 0,0,46
36: 0,0,30
37: 0,0,32
38: 0,0,30
39: 0,0,31
40: 0,0,31
41: 0,0,30
42: 0,0,29
43: 0,0,41
44: 1,0,46
45: 1,0,66
46: 0,0,29
47: 0,0,31
48: 0,0,29
49: 0,0,29
50: 0,0,29
51: 0,0,46
52: 0,0,30
53: 1,0,66
54: 0,0,29
55: 0,0,30
56: 0,0,30
57: 0,0,29
58: 0,0,30
59: 0,0,31
60: 0,0,29
61: 0,0,41
62: 0,0,30
63: 1,0,46
64: 0,0,47
65: 0,0,31
66: 0,0,46
67: 0,0,29
68: 0,0,41
69: 0,0,31
70: 0,0,32
71: 0,0,32
72: 0,0,32
73: 0,0,30
74: 0,0,30
75: 0,0,30
76: 0,0,29
77: 0,0,31
78: 0,0,29
79: 0,0,31
80: 1,0,46
81: 0,0,30
82: 0,0,29
83: 0,0,29
84: 0,0,29
85: 0,0,29
86: 0,0,29
87: 0,0,29
88: 0,0,29
89: 1,0,46
90: 0,0,46
91: 0,0,29
92: 0,0,47
93: 0,0,31
94: 0,0,32
95: 0,0,29
96: 0,0,29
97: 0,0,29
98: 1,0,66
99: 0,0,31
100: 1,0,46
101: 1,0,46
102: 0,0,29
103: 0,0,29
104: 0,0,29
105: 0,0,30
106: 0,0,31
107: 0,0,29
108: 1,0,46
109: 0,0,30
110: 0,0,29
111: 0,0,30
112: 0,0,41
113: 0,0,47
114: 0,0,30
115: 0,0,29
116: 0,0,30
117: 0,0,29
118: 0,0,41
119: 0,0,30
120: 0,0,30
121: 0,0,29
122: 0,0,41
123: 0,0,29
124: 0,0,31
125: 0,0,31
126: 0,0,32
127: 0,0,29
128: 0,0,29
129: 0,0,29
130: 0,0,30
131: 0,0,29
132: 0,0,32
133: 0,0,29
134: 0,0,46
135: 0,0,29
136: 0,0,29
137: 1,0,46
138: 0,0,32
139: 1,0,46
140: 0,0,29
141: 0,0,29
142: 0,0,29
143: 0,0,31
144: 0,0,29
145: 0,0,29
146: 0,0,30
147: 0,0,29
148: 0,0,32
149: 1,0,46
150: 0,0,32
151: 1,0,46
152: 0,0,30
153: 0,0,31
154: 0,0,29
155: 0,0,47
156: 0,0,29
157: 0,0,41
158: 0,0,29
159: 0,0,41
160: 0,0,29
161: 1,0,66
162: 0,0,32
163: 0,0,30
164: 0,0,29
165: 0,0,29
166: 0,0,30
167: 0,0,29
168: 0,0,31
169: 0,0,46
170: 0,0,32
171: 0,0,46
172: 0,0,29
173: 0,0,32
174: 1,0,66
175: 0,0,31
176: 0,0,29
177: 0,0,32
178: 0,0,29
179: 0,0,46
180: 1,0,46
181: 0,0,29
182: 0,0,46
183: 1,0,46
184: 0,0,46
185: 0,0,46
186: 0,0,32
187: 0,0,47
188: 0,0,32
189: 0,0,46
190: 0,0,46
191: 0,0,31
192: 0,0,41
193: 0,0,30
194: 0,0,29
195: 0,0,41
196: 0,0,46
197: 0,0,29
198: 0,0,32
199: 0,0,41
200: 0,0,47
201: 0,0,32
202: 0,0,30
203: 0,0,31
204: 0,0,29
205: 0,0,29
206: 0,0,30
207: 0,0,32
208: 0,0,30
209: 0,0,29
210: 1,0,46
211: 0,0,33
212: 0,0,32
213: 0,0,29
214: 1,0,66
215: 0,0,31
216: 0,0,30
217: 0,0,29
218: 0,0,32
219: 1,0,46
220: 0,0,30
221: 0,0,31
222: 0,0,32
223: 0,0,29
224: 0,0,29
225: 0,0,31
226: 0,0,41
227: 0,0,47
228: 1,0,66
229: 0,0,32
230: 0,0,29
231: 0,0,41
232: 0,0,46
233: 0,0,30
234: 0,0,47
235: 0,0,30
236: 0,0,30
237: 0,0,29
238: 1,0,66
239: 1,0,66
240: 0,0,29
241: 0,0,30
242: 0,0,30
243: 0,0,29
244: 0,0,29
245: 0,0,29
246: 1,0,46
247: 0,0,32
248: 1,0,46
249: 1,0,46
250: 1,0,46
251: 0,0,30
252: 0,0,31
253: 0,0,30
254: 0,0,29
255: 0,0,47
256: 0,0,46
257: 1,0,66
258: 0,0,31
259: 0,0,31
260: 0,0,29
261: 0,0,47
262: 0,0,30
263: 0,0,29
264: 0,0,29
265: 0,0,29
266: 0,0,29
267: 0,0,30
268: 0,0,30
269: 0,0,31
270: 0,0,33
271: 0,0,30
272: 0,0,29
273: 0,0,31
274: 1,0,46
275: 0,0,31
276: 0,0,33
277: 0,0,32
278: 0,0,46
279: 0,0,29
280: 0,0,29
281: 1,0,46
282: 0,0,31
283: 0,0,32
284: 1,0,46
285: 0,0,32
286: 0,0,29
287: 0,0,31
288: 1,0,46
289: 0,0,46
290: 1,0,46
291: 0,0,30
292: 1,0,66
293: 0,0,30
294: 0,0,29
295: 0,0,47
296: 0,0,29
297: 0,0,29
298: 0,0,29
299: 0,0,30
300: 1,0,46
301: 1,0,46
302: 0,0,30
303: 0,0,33
304: 0,0,47
305: 0,0,29
306: 0,0,31
307: 0,0,29
308: 0,0,31
309: 1,0,66
310: 0,0,29
311: 1,0,66
312: 0,0,30
313: 0,0,29
314: 0,0,29
315: 0,0,47
316: 0,0,31
317: 0,0,46
318: 0,0,47
319: 1,0,46
320: 0,0,29
321: 0,0,30
322: 0,0,29
323: 1,0,46
324: 0,0,30
325: 0,0,31
326: 0,0,29
327: 0,0,47
328: 0,0,30
329: 0,0,29
330: 0,0,29
331: 0,0,29
332: 0,0,29
333: 0,0,29
334: 0,0,32
335: 0,0,32
336: 1,0,46
337: 0,0,31
338: 0,0,30
339: 0,0,30
340: 0,0,29
341: 0,0,29
342: 0,0,29
343: 0,0,29
344: 0,0,29
345: 0,0,29
346: 0,0,29
347: 0,0,32
348: 0,0,30
349: 0,0,31
350: 0,0,30
351: 1,0,46
352: 1,0,46
353: 0,0,46
354: 0,0,46
355: 0,0,30
356: 0,0,46
357: 0,0,29
358: 0,0,30
359: 0,0,31
360: 0,0,29
361: 0,0,31
362: 0,0,30
363: 0,0,31
364: 0,0,31
365: 0,0,41
366: 0,0,31
367: 0,0,31
368: 0,0,29
369: 0,0,41
370: 0,0,29
371: 0,0,46
372: 0,0,29
373: 0,0,47
374: 0,0,29
375: 0,0,29
376: 0,0,31
377: 0,0,30
378: 0,0,29
379: 0,0,30
380: 0,0,31
381: 0,0,31
382: 0,0,29
383: 0,0,46
384: 0,0,32
385: 0,0,29
386: 0,0,29
387: 0,0,29
388: 0,0,30
389: 0,0,29
390: 0,0,29
391: 0,0,29
392: 1,0,46
393: 0,0,30
394: 0,0,46
395: 0,0,46
396: 0,0,30
397: 0,0,30
398: 0,0,29
399: 0,0,30
400: 1,0,66
401: 0,0,31
402: 0,0,30
403: 0,0,46
404: 0,0,29
405: 0,0,30
406: 0,0,41
407: 0,0,31
408: 0,0,31
409: 0,0,32
410: 0,0,29
411: 0,0,41
412: 0,0,29
413: 0,0,30
414: 0,0,30
415: 0,0,47
416: 0,0,29
417: 0,0,29
418: 0,0,32
419: 0,0,29
420: 0,0,29
421: 0,0,32
422: 0,0,30
423: 0,0,32
424: 0,0,29
425: 0,0,47
426: 0,0,30
427: 0,0,29
428: 0,0,29
429: 0,0,31
430: 0,0,30
431: 1,0,46
432: 0,0,29
433: 0,0,30
434: 0,0,29
435: 0,0,30
436: 0,0,30
437: 0,0,29
438: 0,0,30
439: 0,0,29
440: 0,0,30
441: 1,0,66
442: 0,0,30
443: 1,0,46
444: 0,0,29
445: 0,0,29
446: 1,0,46
447: 0,0,29
448: 0,0,46
449: 0,0,30
450: 0,0,46
451: 1,0,66
452: 0,0,29
453: 0,0,46
454: 0,0,47
455: 0,0,29
456: 0,0,29
457: 0,0,29
458: 0,0,29
459: 0,0,32
460: 0,0,29
461: 0,0,29
462: 0,0,30
463: 0,0,32
464: 0,0,29
465: 0,0,31
466: 1,0,46
467: 0,0,31
468: 0,0,32
469: 1,0,46
470: 0,0,30
471: 0,0,29
472: 0,0,30
473: 0,0,29
474: 1,0,46
475: 0,0,31
476: 0,0,30
477: 0,0,29
478: 0,0,30
479: 0,0,29
480: 0,0,31
481: 0,0,29
482: 0,0,29
483: 0,0,29
484: 1,0,46
485: 0,0,32
486: 0,0,30
487: 0,0,29
488: 0,0,30
489: 0,0,31
490: 0,0,29
491: 0,0,30
492: 0,0,30
493: 0,0,31
494: 0,0,29
495: 1,0,46
496: 1,0,66
497: 0,0,31
498: 0,0,30
499: 0,0,31
500: 0,0,32
501: 0,0,29
502: 0,0,32
503: 0,0,30
504: 0,0,30
505: 0,0,32
506: 0,0,47
507: 0,0,29
508: 0,0,31
509: 0,0,29
510: 0,0,29
511: 0,0,31
512: 0,0,41
513: 0,0,29
514: 0,0,41
515: 0,0,30
516: 0,0,29
517: 1,0,46
518: 0,0,29
519: 0,0,31
520: 0,0,29
521: 0,0,31
522: 0,0,31
523: 0,0,41
524: 1,0,46
525: 0,0,29
526: 0,0,29
527: 0,0,46
528: 0,0,29
529: 1,0,46
530: 0,0,29
531: 0,0,30
532: 0,0,31
533: 0,0,29
534: 0,0,46
535: 0,0,46
536: 0,0,29
537: 0,0,29
538: 0,0,30
539: 0,0,32
540: 0,0,29
541: 0,0,30
542: 0,0,30
543: 0,0,29
544: 0,0,30
545: 0,0,30
546: 0,0,30
547: 0,0,29
548: 0,0,31
549: 0,0,31
550: 0,0,29
551: 0,0,30
552: 0,0,29
553: 0,0,30
554: 0,0,30
555: 0,0,29
556: 0,0,29
557: 0,0,32
558: 0,0,31
559: 0,0,29
560: 0,0,47
561: 0,0,46
562: 0,0,47
563: 0,0,29
564: 1,0,46
565: 1,0,46
566: 0,0,29
567: 0,0,46
568: 1,0,46
569: 0,0,30
570: 0,0,29
571: 0,0,29
572: 0,0,29
573: 0,0,47
574: 0,0,30
575: 0,0,30
576: 0,0,29
577: 0,0,47
578: 0,0,32
579: 0,0,41
580: 0,0,31
581: 0,0,29
582: 0,0,31
583: 0,0,31
584: 0,0,29
585: 0,0,29
586: 1,0,46
587: 0,0,32
588: 0,0,29
589: 1,0,46
590: 0,0,46
591: 0,0,29
592: 0,0,33
593: 0,0,29
594: 0,0,31
595: 0,0,29
596: 0,0,31
597: 1,0,66
598: 0,0,29
599: 0,0,47
600: 0,0,29
601: 0,0,31
602: 0,0,32
603: 0,0,41
604: 0,0,30
605: 0,0,41
606: 1,0,66
607: 0,0,29
608: 0,0,32
609: 0,0,29
610: 0,0,47
611: 1,0,46
612: 0,0,30
613: 0,0,46
614: 1,0,46
615: 0,0,46
616: 0,0,29
617: 0,0,46
618: 0,0,31
619: 0,0,30
620: 0,0,32
621: 0,0,46
622: 0,0,31
623: 0,0,30
624: 0,0,29
625: 0,0,30
626: 0,0,46
627: 1,0,46
628: 0,0,47
629: 0,0,32
630: 0,0,46
631: 0,0,31
632: 0,0,30
633: 0,0,29
634: 0,0,31
635: 0,0,30
636: 0,0,30
637: 0,0,29
638: 0,0,33
639: 0,0,29
640: 0,0,46
641: 0,0,46
642: 0,0,29
643: 0,0,30
644: 0,0,30
645: 0,0,29
646: 0,0,46
647: 1,0,66
648: 0,0,29
649: 0,0,29
650: 1,0,46
651: 1,0,46
652: 0,0,30
653: 0,0,29
654: 0,0,46
655: 0,0,29
656: 0,0,29
657: 0,0,29
658: 0,0,30
659: 0,0,29
660: 0,0,31
661: 0,0,46
662: 0,0,29
663: 0,0,32
664: 0,0,47
665: 0,0,29
666: 0,0,46
667: 1,0,46
668: 0,0,47
669: 0,0,29
670: 0,0,33
671: 0,0,30
672: 0,0,46
673: 0,0,30
674: 0,0,30
675: 0,0,30
676: 0,0,29
677: 0,0,47
678: 0,0,47
679: 0,0,30
680: 0,0,29
681: 0,0,47
682: 0,0,31
683: 0,0,41
684: 0,0,47
685: 0,0,29
686: 0,0,29
687: 0,0,30
688: 1,0,46
689: 0,0,29
690: 0,0,32
691: 0,0,32
692: 0,0,29
693: 0,0,32
694: 0,0,29
695: 0,0,33
696: 0,0,47
697: 0,0,30
698: 0,0,46
699: 0,0,46
700: 0,0,29
701: 1,0,66
702: 1,0,46
703: 0,0,29
704: 0,0,31
705: 1,0,46
706: 0,0,30
707: 0,0,29
708: 0,0,46
709: 0,0,46
710: 0,0,31
711: 0,0,29
712: 0,0,29
713: 0,0,32
714: 0,0,46
715: 0,0,46
716: 0,0,31
717: 0,0,32
718: 0,0,29
719: 0,0,30
720: 0,0,32
721: 0,0,32
722: 0,0,29
723: 0,0,30
724: 0,0,31
725: 0,0,29
726: 0,0,29
727: 0,0,31
728: 0,0,31
729: 0,0,29
730: 0,0,29
731: 0,0,32
732: 0,0,41
733: 0,0,29
734: 0,0,29
735: 0,0,32
736: 0,0,30
737: 0,0,29
738: 0,0,30
739: 0,0,46
740: 0,0,47
741: 1,0,66
742: 0,0,30
743: 0,0,30
744: 0,0,33
745: 0,0,46
746: 0,0,29
747: 0,0,29
748: 0,0,29
749: 0,0,29
750: 0,0,29
751: 1,0,66
752: 0,0,29
753: 0,0,47
754: 0,0,47
755: 0,0,29
756: 0,0,30
757: 0,0,30
758: 0,0,41
759: 0,0,41
760: 0,0,31
761: 0,0,32
762: 0,0,30
763: 0,0,30
764: 0,0,29
765: 0,0,30
766: 0,0,33
767: 0,0,33
768: 0,0,32
769: 0,0,30
770: 0,0,30
771: 1,0,46
772: 0,0,30
773: 0,0,46
774: 0,0,41
775: 0,0,30
776: 1,0,46
777: 0,0,30
778: 0,0,30
779: 0,0,30
780: 0,0,29
781: 0,0,46
782: 0,0,31
783: 0,0,29
784: 0,0,32
785: 0,0,32
786: 0,0,29
787: 0,0,29
788: 0,0,31
789: 0,0,30
790: 0,0,29
791: 0,0,29
792: 0,0,29
793: 1,0,46
794: 0,0,29
795: 0,0,29
796: 0,0,30
797: 0,0,47
798: 0,0,47
799: 0,0,29
800: 0,0,29
801: 0,0,29
802: 0,0,29
803: 1,0,46
804: 0,0,29
805: 0,0,46
806: 0,0,30
807: 0,0,29
808: 0,0,46
809: 0,0,32
810: 0,0,29
811: 0,0,30
812: 1,0,46
813: 0,0,29
814: 0,0,46
815: 0,0,29
816: 0,0,29
817: 0,0,29
818: 0,0,29
819: 0,0,29
820: 0,0,30
821: 1,0,66
822: 0,0,31
823: 0,0,32
824: 0,0,32
825: 0,0,31
826: 0,0,46
827: 0,0,29
828: 0,0,31
829: 0,0,29
830: 0,0,32
831: 0,0,30
832: 0,0,30
833: 0,0,41
834: 1,0,46
835: 0,0,29
836: 0,0,41
837: 0,0,29
838: 0,0,30
839: 0,0,30
840: 0,0,29
841: 0,0,31
842: 0,0,29
843: 0,0,30
844: 0,0,29
845: 0,0,46
846: 1,0,46
847: 0,0,30
848: 0,0,41
849: 0,0,30
850: 0,0,47
851: 0,0,29
852: 0,0,29
853: 0,0,29
854: 1,0,46
855: 0,0,30
856: 0,0,29
857: 0,0,31
858: 0,0,30
859: 0,0,30
860: 0,0,31
861: 0,0,31
862: 0,0,29
863: 1,0,46
864: 0,0,29
865: 0,0,29
866: 1,0,46
867: 0,0,31
868: 0,0,32
869: 0,0,46
870: 0,0,30
871: 0,0,47
872: 0,0,29
873: 0,0,41
874: 0,0,33
875: 0,0,30
876: 0,0,41
877: 0,0,30
878: 0,0,41
879: 0,0,30
880: 0,0,29
881: 0,0,31
882: 0,0,29
883: 0,0,32
884: 1,0,46
885: 0,0,29
886: 0,0,29
887: 0,0,30
888: 1,0,46
889: 0,0,46
890: 0,0,30
891: 0,0,30
892: 0,0,46
893: 0,0,47
894: 0,0,29
895: 0,0,46
896: 0,0,29
897: 0,0,29
898: 0,0,30
899: 0,0,29
900: 0,0,32
901: 0,0,30
902: 0,0,30
903: 0,0,30
904: 0,0,30
905: 0,0,31
906: 0,0,29
907: 0,0,29
908: 0,0,30
909: 0,0,29
910: 0,0,46
911: 0,0,29
912: 0,0,29
913: 0,0,32
914: 0,0,29
915: 0,0,31
916: 0,0,47
917: 0,0,46
918: 0,0,29
919: 0,0,29
920: 0,0,29
921: 0,0,29
922: 0,0,30
923: 0,0,32
924: 0,0,29
925: 0,0,31
926: 0,0,29
927: 0,0,31
928: 0,0,29
929: 0,0,31
930: 0,0,31
931: 0,0,31
932: 1,0,46
933: 0,0,29
934: 0,0,29
935: 0,0,46
936: 0,0,30
937: 0,0,31
938: 0,0,30
939: 0,0,29
940: 0,0,46
941: 0,0,29
942: 0,0,30
943: 0,0,30
944: 0,0,29
945: 0,0,29
946: 0,0,30
947: 0,0,46
948: 0,0,30
949: 0,0,30
950: 0,0,46
951: 0,0,30
952: 0,0,29
953: 0,0,30
954: 0,0,31
955: 0,0,31
956: 1,0,46
957: 0,0,29
958: 0,0,29
959: 0,0,46
960: 0,0,32
961: 0,0,46
962: 0,0,30
963: 0,0,29
964: 0,0,29
965: 0,0,41
966: 0,0,46
967: 0,0,30
968: 0,0,30
969: 0,0,32
970: 1,0,66
971: 0,0,29
972: 0,0,29
973: 0,0,29
974: 0,0,29
975: 0,0,29
976: 0,0,30
977: 0,0,30
978: 0,0,29
979: 0,0,29
980: 0,0,29
981: 0,0,31
982: 0,0,30
983: 0,0,31
984: 0,0,31
985: 0,0,30
986: 0,0,29
987: 0,0,29
988: 0,0,29
989: 0,0,46
990: 0,0,29
991: 1,0,46
992: 0,0,32
993: 0,0,29
994: 0,0,29
995: 0,0,31
996: 0,0,41
997: 0,0,29
998: 0,0,31
999: 0,0,29
1000: 0,0,31
1001: 0,0,29
1002: 0,0,29
1003: 0,0,31
1004: 0,0,32
1005: 1,0,46
1006: 0,0,30
1007: 1,0,66
1008: 1,0,46
1009: 0,0,30
1010: 0,0,41
1011: 0,0,29
1012: 0,0,29
1013: 0,0,47
1014: 0,0,29
1015: 1,0,66
1016: 0,0,30
1017: 0,0,29
1018: 0,0,46
1019: 0,0,41
1020: 0,0,29
1021: 0,0,30
1022: 0,0,29
1023: 0,0,30
