0: 0,1,12
1: 0,1,10
2: 0,1,12
3: 0,0,26
4: 0,1,19
5: 0,1,12
6: 0,1,11
7: 0,1,9
8: 0,1,12
9: 0,0,13
10: 0,0,19
11: 0,1,12
12: 0,1,13
13: 0,1,26
14: 0,1,11
15: 0,1,19
16: 0,0,19
17: 0,1,26
18: 0,1,12
19: 0,1,11
20: 0,1,19
21: 0,1,10
22: 0,1,11
23: 0,1,11
24: 0,1,18
25: 0,1,12
26: 0,1,12
27: 0,1,9
28: 0,0,26
29: 0,1,9
30: 0,1,11
31: 0,1,11
32: 0,1,26
33: 0,1,26
34: 0,1,13
35: 0,1,9
36: 0,1,12
37: 0,0,19
38: 0,1,19
39: 0,1,11
40: 0,0,26
41: 0,1,18
42: 0,0,13
43: 0,1,13
44: 0,1,12
45: 0,1,12
46: 0,0,18
47: 0,1,10
48: 0,1,12
49: 0,0,13
50: 0,1,10
51: 0,1,13
52: 0,1,11
53: 0,1,12
54: 0,0,13
55: 0,1,9
56: 0,1,11
57: 0,1,13
58: 0,1,12
59: 0,1,19
60: 0,2,43
61: 0,1,11
62: 0,1,12
63: 0,1,9
64: 0,1,12
65: 0,1,9
66: 0,0,26
67: 0,1,12
68: 0,1,12
69: 0,0,12
70: 0,0,12
71: 0,1,19
72: 0,1,9
73: 0,1,11
74: 0,1,11
75: 0,1,12
76: 0,1,19
77: 0,0,26
78: 0,1,10
79: 0,1,12
80: 0,1,12
81: 0,1,12
82: 0,1,12
83: 0,1,12
84: 0,1,11
85: 0,1,9
86: 0,1,12
87: 0,1,9
88: 0,1,9
89: 0,0,19
90: 0,1,11
91: 0,0,26
92: 0,0,22
93: 0,1,8
94: 0,0,12
95: 0,1,12
96: 0,0,19
97: 0,1,26
98: 0,1,12
99: 0,1,19
100: 0,0,26
101: 0,1,10
102: 0,1,12
103: 0,0,26
104: 0,1,11
105: 0,1,11
106: 0,1,26
107: 0,1,19
108: 0,1,12
109: 0,1,12
110: 0,1,18
111: 0,0,13
112: 0,1,12
113: 0,1,12
114: 0,0,19
115: 0,1,11
116: 0,1,10
117: 0,1,12
118: 0,0,18
119: 0,1,10
120: 0,1,19
121: 0,0,13
122: 0,0,26
123: 0,0,19
124: 0,1,12
125: 0,0,12
126: 0,1,12
127: 0,1,12
128: 0,1,12
129: 0,1,19
130: 0,1,26
131: 0,1,10
132: 0,1,12
133: 0,1,9
134: 0,1,12
135: 0,1,19
136: 0,1,12
137: 0,0,19
138: 0,1,12
139: 0,1,10
140: 0,1,12
141: 0,1,12
142: 0,1,19
143: 0,1,12
144: 0,0,19
145: 0,1,26
146: 0,1,9
147: 0,1,12
148: 0,1,12
149: 0,1,12
150: 0,1,11
151: 0,0,13
152: 0,1,19
153: 0,1,9
154: 0,1,11
155: 0,1,9
156: 0,1,19
157: 0,1,11
158: 0,0,19
159: 0,1,18
160: 0,1,12
161: 0,0,18
162: 0,0,18
163: 0,1,12
164: 0,1,25
165: 0,1,11
166: 0,1,11
167: 0,1,12
168: 0,1,11
169: 0,1,11
170: 0,0,26
171: 0,1,11
172: 0,0,26
173: 0,0,19
174: 0,1,12
175: 0,1,12
176: 0,0,12
177: 0,0,12
178: 0,1,12
179: 0,1,26
180: 0,1,12
181: 0,1,11
182: 0,1,9
183: 0,0,13
184: 0,0,26
185: 0,1,12
186: 0,1,9
187: 0,1,26
188: 0,0,13
189: 0,1,9
190: 0,1,19
191: 0,1,18
192: 0,1,11
193: 0,0,13
194: 0,1,18
195: 0,1,9
196: 0,1,26
197: 0,1,12
198: 0,0,13
199: 0,0,13
200: 0,1,18
201: 0,1,12
202: 0,1,12
203: 0,1,12
204: 0,1,9
205: 0,1,25
206: 0,1,12
207: 0,1,12
208: 0,0,26
209: 0,1,11
210: 0,1,9
211: 0,1,11
212: 0,1,10
213: 0,1,9
214: 0,0,26
215: 0,1,26
216: 0,1,11
217: 0,0,13
218: 0,1,9
219: 0,1,19
220: 0,1,22
221: 0,0,13
222: 0,1,19
223: 0,1,9
224: 0,1,9
225: 0,1,19
226: 0,1,12
227: 0,1,26
228: 0,1,12
229: 0,1,12
230: 0,1,11
231: 0,1,12
232: 0,1,11
233: 0,1,12
234: 0,1,12
235: 0,1,19
236: 0,1,9
237: 0,1,26
238: 0,1,19
239: 0,1,12
240: 0,0,13
241: 0,1,12
242: 0,1,9
243: 0,1,19
244: 0,1,12
245: 0,1,9
246: 0,1,9
247: 0,1,12
248: 0,0,12
249: 0,1,11
250: 0,1,12
251: 0,1,11
252: 0,1,19
253: 0,0,19
254: 0,1,10
255: 0,1,9
256: 0,1,12
257: 0,1,10
258: 0,1,11
259: 0,1,12
260: 0,1,12
261: 0,0,12
262: 0,1,11
263: 0,1,9
264: 0,1,11
265: 0,1,12
266: 0,1,11
267: 0,1,12
268: 0,1,19
269: 0,0,21
270: 0,1,12
271: 0,1,9
272: 0,1,12
273: 0,1,11
274: 0,0,18
275: 0,1,12
276: 0,1,13
277: 0,1,12
278: 0,1,11
279: 0,1,10
280: 0,1,11
281: 0,1,11
282: 0,1,26
283: 0,1,9
284: 0,1,12
285: 0,1,19
286: 0,1,12
287: 0,1,12
288: 0,0,13
289: 0,1,9
290: 0,1,13
291: 0,1,13
292: 0,1,9
293: 0,1,12
294: 0,1,19
295: 0,0,13
296: 0,1,11
297: 0,1,12
298: 0,1,12
299: 0,1,9
300: 0,1,12
301: 0,1,25
302: 0,1,26
303: 0,0,26
304: 0,1,25
305: 0,1,9
306: 0,0,26
307: 0,1,26
308: 0,1,9
309: 0,0,12
310: 0,1,11
311: 0,1,9
312: 0,1,11
313: 0,0,13
314: 0,0,19
315: 0,1,9
316: 0,1,9
317: 0,1,19
318: 0,1,9
319: 0,1,8
320: 0,1,11
321: 0,1,19
322: 0,1,19
323: 0,0,12
324: 0,1,12
325: 0,1,19
326: 0,1,13
327: 0,1,12
328: 0,1,12
329: 0,1,12
330: 0,1,25
331: 0,1,9
332: 0,1,26
333: 0,1,12
334: 0,0,26
335: 0,1,12
336: 0,1,10
337: 0,1,12
338: 0,1,19
339: 0,0,26
340: 0,1,12
341: 0,1,19
342: 0,0,18
343: 0,1,18
344: 0,0,19
345: 0,1,9
346: 0,1,12
347: 0,1,11
348: 0,1,19
349: 0,0,12
350: 0,1,12
351: 0,1,12
352: 0,1,26
353: 0,0,26
354: 0,1,12
355: 0,1,12
356: 0,1,12
357: 0,1,19
358: 0,1,26
359: 0,0,18
360: 0,1,26
361: 0,0,12
362: 0,0,19
363: 0,0,13
364: 0,0,12
365: 0,1,9
366: 0,1,11
367: 0,0,13
368: 0,1,12
369: 0,1,12
370: 0,1,9
371: 0,1,18
372: 0,1,12
373: 0,1,12
374: 0,1,11
375: 0,0,13
376: 0,1,9
377: 0,1,13
378: 0,0,13
379: 0,1,11
380: 0,1,12
381: 0,0,19
382: 0,1,19
383: 0,1,12
384: 0,0,19
385: 0,1,12
386: 0,1,26
387: 0,1,9
388: 0,1,14
389: 0,1,12
390: 0,1,10
391: 0,1,19
392: 0,1,12
393: 0,1,11
394: 0,1,19
395: 0,1,9
396: 0,1,9
397: 0,0,13
398: 0,1,13
399: 0,1,11
400: 0,1,13
401: 0,1,19
402: 0,1,12
403: 0,1,19
404: 0,1,11
405: 0,1,19
406: 0,1,11
407: 0,0,19
408: 0,1,12
409: 0,1,12
410: 0,2,43
411: 0,1,9
412: 0,1,12
413: 0,1,12
414: 0,0,12
415: 0,1,11
416: 0,1,12
417: 0,0,21
418: 0,1,12
419: 0,1,12
420: 0,1,11
421: 0,0,19
422: 0,1,26
423: 0,1,19
424: 0,0,26
425: 0,1,13
426: 0,1,25
427: 0,1,12
428: 0,1,11
429: 0,1,13
430: 0,1,12
431: 0,0,26
432: 0,1,19
433: 0,1,9
434: 0,1,19
435: 0,1,12
436: 0,1,12
437: 0,1,12
438: 0,0,22
439: 0,1,25
440: 0,1,18
441: 0,1,11
442: 0,1,11
443: 0,1,26
444: 0,1,11
445: 0,0,13
446: 0,1,9
447: 0,1,9
448: 0,0,12
449: 0,1,26
450: 0,1,12
451: 0,1,12
452: 0,0,13
453: 0,1,9
454: 0,0,12
455: 0,1,9
456: 0,1,12
457: 0,1,9
458: 0,0,21
459: 0,1,12
460: 0,1,12
461: 0,1,9
462: 0,1,19
463: 0,1,11
464: 0,0,12
465: 0,0,26
466: 0,1,13
467: 0,1,25
468: 0,0,13
469: 0,1,10
470: 0,1,19
471: 0,1,18
472: 0,0,18
473: 0,0,18
474: 0,1,12
475: 0,1,12
476: 0,0,26
477: 0,1,9
478: 0,1,19
479: 0,1,12
480: 0,0,13
481: 0,1,10
482: 0,0,13
483: 0,1,12
484: 0,1,9
485: 0,1,12
486: 0,1,11
487: 0,1,11
488: 0,0,18
489: 0,1,11
490: 0,1,9
491: 0,1,26
492: 0,1,11
493: 0,1,9
494: 0,0,18
495: 0,0,13
496: 0,1,12
497: 0,1,12
498: 0,1,12
499: 0,1,12
500: 0,0,18
501: 0,1,9
502: 0,1,11
503: 0,1,12
504: 0,0,19
505: 0,0,12
506: 0,1,19
507: 0,1,19
508: 0,1,10
509: 0,0,13
510: 0,0,22
511: 0,1,12
512: 0,1,9
513: 0,1,26
514: 0,1,9
515: 0,1,11
516: 0,1,18
517: 0,1,18
518: 0,1,12
519: 0,0,12
520: 0,1,19
521: 0,1,9
522: 0,0,19
523: 0,1,19
524: 0,0,13
525: 0,1,9
526: 0,1,19
527: 0,1,19
528: 0,1,26
529: 0,1,26
530: 0,1,12
531: 0,1,10
532: 0,1,12
533: 0,1,11
534: 0,1,25
535: 0,1,12
536: 0,1,9
537: 0,1,10
538: 0,0,18
539: 0,1,12
540: 0,1,19
541: 0,1,12
542: 0,1,12
543: 0,0,13
544: 0,0,26
545: 0,1,12
546: 0,1,12
547: 0,1,9
548: 0,1,11
549: 0,1,26
550: 0,0,26
551: 0,1,19
552: 0,1,26
553: 0,1,25
554: 0,1,25
555: 0,1,11
556: 0,1,12
557: 0,0,26
558: 0,1,11
559: 0,0,12
560: 0,1,12
561: 0,1,25
562: 0,1,11
563: 0,1,12
564: 0,1,8
565: 0,1,12
566: 0,1,19
567: 0,0,12
568: 0,1,12
569: 0,1,9
570: 0,1,19
571: 0,1,9
572: 0,1,12
573: 0,0,22
574: 0,1,12
575: 0,0,12
576: 0,1,12
577: 0,1,12
578: 0,1,12
579: 0,1,19
580: 0,1,12
581: 0,1,12
582: 0,0,13
583: 0,1,11
584: 0,1,12
585: 0,1,9
586: 0,1,12
587: 0,0,26
588: 0,1,13
589: 0,1,26
590: 0,1,25
591: 0,1,25
592: 0,1,12
593: 0,0,26
594: 0,1,19
595: 0,1,12
596: 0,1,9
597: 0,1,22
598: 0,1,9
599: 0,1,13
600: 0,1,19
601: 0,1,8
602: 0,0,19
603: 0,1,10
604: 0,1,13
605: 0,0,12
606: 0,0,26
607: 0,1,9
608: 0,0,13
609: 0,1,11
610: 0,0,21
611: 0,0,13
612: 0,0,19
613: 0,1,10
614: 0,1,19
615: 0,1,11
616: 0,1,9
617: 0,1,12
618: 0,1,11
619: 0,1,11
620: 0,0,13
621: 0,1,26
622: 0,1,12
623: 0,1,18
624: 0,1,18
625: 0,0,12
626: 0,1,12
627: 0,1,12
628: 0,0,19
629: 0,0,26
630: 0,0,19
631: 0,1,12
632: 0,1,13
633: 0,1,11
634: 0,1,10
635: 0,0,19
636: 0,1,11
637: 0,1,11
638: 0,1,12
639: 0,1,11
640: 0,1,25
641: 0,1,9
642: 0,1,12
643: 0,0,12
644: 0,1,12
645: 0,1,19
646: 0,1,9
647: 0,0,22
648: 0,1,9
649: 0,1,12
650: 0,1,12
651: 0,1,19
652: 0,1,12
653: 0,0,26
654: 0,0,19
655: 0,1,12
656: 0,1,12
657: 0,1,19
658: 0,1,19
659: 0,1,12
660: 0,1,10
661: 0,1,12
662: 0,0,21
663: 0,1,11
664: 0,0,13
665: 0,1,12
666: 0,1,26
667: 0,1,12
668: 0,0,12
669: 0,1,19
670: 0,0,13
671: 0,1,13
672: 0,1,12
673: 0,1,11
674: 0,1,12
675: 0,1,9
676: 0,1,9
677: 0,1,9
678: 0,1,11
679: 0,1,11
680: 0,1,12
681: 0,1,19
682: 0,1,25
683: 0,1,9
684: 0,1,12
685: 0,1,25
686: 0,1,9
687: 0,1,12
688: 0,1,19
689: 0,1,11
690: 0,1,26
691: 0,1,11
692: 0,1,13
693: 0,0,26
694: 0,1,12
695: 0,1,19
696: 0,0,18
697: 0,1,12
698: 0,1,12
699: 0,0,22
700: 0,0,21
701: 0,0,13
702: 0,0,12
703: 0,0,26
704: 0,1,12
705: 0,1,12
706: 0,1,12
707: 0,1,12
708: 0,0,12
709: 0,1,19
710: 0,1,26
711: 0,0,19
712: 0,1,11
713: 0,0,21
714: 0,1,18
715: 0,1,10
716: 0,1,25
717: 0,1,12
718: 0,1,12
719: 0,0,12
720: 0,1,12
721: 0,1,12
722: 0,1,10
723: 0,1,11
724: 0,1,19
725: 0,1,8
726: 0,0,19
727: 0,1,19
728: 0,1,12
729: 0,1,9
730: 0,0,12
731: 0,1,19
732: 0,1,12
733: 0,0,12
734: 0,1,11
735: 0,1,11
736: 0,1,12
737: 0,1,18
738: 0,1,12
739: 0,1,9
740: 0,1,12
741: 0,1,12
742: 0,1,26
743: 0,1,12
744: 0,1,12
745: 0,1,11
746: 0,1,19
747: 0,1,10
748: 0,1,12
749: 0,1,12
750: 0,1,12
751: 0,1,9
752: 0,1,9
753: 0,1,26
754: 0,1,18
755: 0,1,19
756: 0,1,9
757: 0,1,9
758: 0,1,9
759: 0,1,12
760: 0,1,12
761: 0,1,12
762: 0,1,12
763: 0,1,12
764: 0,0,19
765: 0,0,26
766: 0,0,26
767: 0,1,12
768: 0,1,12
769: 0,0,13
770: 0,0,13
771: 0,1,10
772: 0,1,8
773: 0,1,9
774: 0,1,25
775: 0,1,12
776: 0,0,13
777: 0,1,19
778: 0,1,25
779: 0,1,12
780: 0,1,12
781: 0,1,14
782: 0,1,12
783: 0,1,12
784: 0,1,10
785: 0,1,9
786: 0,1,8
787: 0,1,12
788: 0,1,26
789: 0,1,11
790: 0,1,13
791: 0,1,14
792: 0,0,13
793: 0,1,9
794: 0,1,12
795: 0,1,18
796: 0,0,12
797: 0,0,13
798: 0,0,13
799: 0,0,21
800: 0,1,12
801: 0,1,26
802: 0,1,12
803: 0,1,11
804: 0,1,9
805: 0,1,9
806: 0,1,10
807: 0,1,13
808: 0,1,11
809: 0,0,12
810: 0,1,12
811: 0,1,12
812: 0,0,13
813: 0,1,12
814: 0,1,26
815: 0,1,12
816: 0,1,19
817: 0,1,11
818: 0,0,19
819: 0,1,26
820: 0,1,12
821: 0,0,18
822: 0,1,12
823: 0,1,12
824: 0,0,13
825: 0,1,9
826: 0,1,11
827: 0,1,12
828: 0,1,12
829: 0,0,22
830: 0,1,18
831: 0,0,13
832: 0,0,18
833: 0,1,19
834: 0,1,19
835: 0,1,9
836: 0,1,26
837: 0,1,12
838: 0,1,19
839: 0,1,19
840: 0,0,12
841: 0,1,12
842: 0,1,19
843: 0,1,9
844: 0,1,26
845: 0,1,26
846: 0,1,12
847: 0,1,10
848: 0,1,12
849: 0,1,26
850: 0,0,12
851: 0,1,11
852: 0,1,13
853: 0,0,13
854: 0,1,9
855: 0,1,9
856: 0,1,19
857: 0,1,26
858: 0,1,12
859: 0,1,8
860: 0,1,9
861: 0,1,10
862: 0,1,19
863: 0,1,12
864: 0,1,19
865: 0,1,9
866: 0,1,12
867: 0,0,26
868: 0,1,26
869: 0,1,11
870: 0,0,21
871: 0,1,12
872: 0,1,11
873: 0,0,13
874: 0,0,19
875: 0,0,22
876: 0,0,26
877: 0,1,13
878: 0,1,12
879: 0,0,26
880: 0,1,12
881: 0,1,9
882: 0,1,9
883: 0,1,12
884: 0,0,21
885: 0,1,9
886: 0,1,9
887: 0,1,19
888: 0,1,12
889: 0,1,11
890: 0,1,10
891: 0,0,19
892: 0,1,12
893: 0,0,26
894: 0,1,11
895: 0,1,19
896: 0,1,11
897: 0,0,12
898: 0,1,10
899: 0,1,10
900: 0,1,12
901: 0,1,9
902: 0,0,13
903: 0,1,9
904: 0,0,21
905: 0,0,19
906: 0,1,19
907: 0,0,12
908: 0,0,13
909: 0,1,11
910: 0,1,8
911: 0,1,12
912: 0,1,9
913: 0,1,19
914: 0,1,12
915: 0,1,10
916: 0,1,10
917: 0,1,8
918: 0,1,9
919: 0,1,26
920: 0,1,13
921: 0,1,9
922: 0,0,26
923: 0,1,11
924: 0,1,11
925: 0,1,11
926: 0,0,19
927: 0,1,19
928: 0,1,11
929: 0,1,10
930: 0,0,13
931: 0,1,11
932: 0,1,12
933: 0,0,18
934: 0,0,13
935: 0,1,19
936: 0,1,13
937: 0,1,11
938: 0,1,9
939: 0,0,13
940: 0,1,9
941: 0,1,13
942: 0,1,12
943: 0,1,12
944: 0,1,26
945: 0,1,11
946: 0,1,12
947: 0,1,9
948: 0,0,13
949: 0,1,9
950: 0,1,9
951: 0,1,12
952: 0,1,9
953: 0,1,12
954: 0,1,26
955: 0,1,12
956: 0,1,18
957: 0,1,12
958: 0,1,9
959: 0,1,11
960: 0,1,9
961: 0,1,11
962: 0,0,26
963: 0,1,12
964: 0,1,19
965: 0,1,9
966: 0,1,19
967: 0,0,12
968: 0,1,12
969: 0,1,9
970: 0,1,12
971: 0,1,12
972: 0,0,21
973: 0,1,12
974: 0,0,19
975: 0,1,11
976: 0,1,11
977: 0,1,12
978: 0,1,10
979: 0,1,9
980: 0,1,10
981: 0,1,13
982: 0,0,22
983: 0,1,11
984: 0,1,10
985: 0,1,11
986: 0,0,26
987: 0,1,11
988: 0,1,11
989: 0,1,12
990: 0,1,19
991: 0,1,12
992: 0,1,26
993: 0,1,8
994: 0,1,11
995: 0,1,12
996: 0,1,12
997: 0,0,12
998: 0,1,26
999: 0,1,12
1000: 0,1,12
1001: 0,0,13
1002: 0,1,19
1003: 0,0,12
1004: 0,1,12
1005: 0,1,19
1006: 0,1,11
1007: 0,1,12
1008: 0,1,26
1009: 0,0,12
1010: 0,1,19
1011: 0,1,9
1012: 0,1,19
1013: 0,1,14
1014: 0,1,19
1015: 0,0,13
1016: 0,0,22
1017: 0,1,19
1018: 0,0,26
1019: 0,0,13
1020: 0,0,13
1021: 0,0,26
1022: 0,1,11
1023: 0,1,9
