0: -1,0,47
1: 0,0,28
2: 2,0,62
3: 0,1,37
4: 2,1,44
5: 2,1,49
6: -1,1,41
7: 0,0,30
8: 1,1,37
9: -1,0,39
10: 0,0,47
11: 0,0,39
12: -2,1,47
13: 0,0,38
14: 0,1,37
15: 2,0,62
16: -1,1,38
17: 0,0,47
18: -1,0,47
19: 1,0,30
20: 0,1,38
21: 1,0,30
22: -1,0,46
23: 0,1,38
24: 0,0,38
25: 0,1,37
26: 2,0,62
27: 0,1,38
28: 2,0,62
29: -1,0,38
30: -1,0,46
31: 1,0,30
32: -1,0,47
33: 2,0,62
34: 0,0,30
35: -1,0,47
36: 0,0,47
37: -1,0,47
38: -1,0,47
39: -1,0,47
40: 0,0,47
41: -1,0,38
42: 0,0,39
43: 0,1,37
44: 0,0,30
45: 1,1,37
46: 0,0,30
47: 0,0,30
48: -1,0,47
49: -1,0,47
50: 0,1,39
51: 0,1,38
52: 0,0,38
53: 0,0,38
54: 0,0,38
55: 0,0,38
56: -1,0,38
57: 0,0,30
58: 0,1,38
59: 2,0,62
60: 1,0,30
61: 2,0,62
62: 0,1,37
63: 2,0,62
64: 1,0,30
65: 0,0,47
66: -1,0,47
67: -1,0,47
68: -1,0,47
69: 0,0,47
70: -1,0,47
71: -1,0,47
72: -1,0,47
73: -1,0,47
74: -1,0,47
75: 2,0,62
76: 1,0,30
77: 1,1,44
78: 2,0,62
79: -1,1,38
80: -1,1,38
81: 0,0,38
82: 0,1,37
83: -1,0,38
84: 0,1,37
85: 0,1,37
86: 0,0,38
87: 0,0,38
88: 0,1,38
89: 0,1,37
90: 0,0,30
91: 1,1,37
92: 0,0,30
93: 0,0,47
94: 0,1,38
95: 0,0,30
96: 1,0,30
97: 0,0,28
98: 0,0,30
99: 1,0,30
100: 0,0,30
101: -1,0,47
102: 0,0,30
103: -1,0,47
104: -1,0,47
105: -1,0,38
106: 0,1,37
107: 0,0,30
108: 0,0,28
109: -1,0,47
110: -1,0,47
111: -1,0,47
112: -1,0,47
113: -1,0,47
114: -1,0,47
115: -1,0,47
116: -1,0,47
117: -1,0,47
118: -1,0,47
119: -1,0,47
120: -1,0,47
121: -1,0,47
122: -1,0,47
123: -1,0,47
124: -1,0,47
125: -1,0,47
126: -1,0,47
127: -1,0,47
