0: 1,0,46
1: 0,1,32
2: 0,1,29
3: 0,1,29
4: 0,1,30
5: 0,0,30
6: 0,0,30
7: 1,1,32
8: 0,1,32
9: 0,0,29
10: 0,0,30
11: 0,0,29
12: 0,0,30
13: 0,1,29
14: -1,0,30
15: 0,1,29
16: 0,0,29
17: 0,0,29
18: 0,1,29
19: -1,1,29
20: 0,1,29
21: 0,1,32
22: 0,0,30
23: 1,0,32
24: -1,0,30
25: 0,0,29
26: 0,1,29
27: 0,0,29
28: 0,1,32
29: 0,0,29
30: 0,0,29
31: 1,1,36
32: 0,0,30
33: 0,0,30
34: 0,0,29
35: 0,1,29
36: 0,1,29
37: -1,1,29
38: 1,0,32
39: 1,0,46
40: 1,0,32
41: 0,1,29
42: 0,0,29
43: -1,1,32
44: 1,0,46
45: 0,1,29
46: 0,0,30
47: 0,1,32
48: 0,1,29
49: 1,1,36
50: 0,0,29
51: 0,1,29
52: 1,1,32
53: 0,0,29
54: 0,0,29
55: 0,1,32
56: 0,1,29
57: 0,0,29
58: 0,1,30
59: 1,0,32
60: 1,0,46
61: 0,0,29
62: 0,0,29
63: 0,1,32
64: -1,1,29
65: 0,1,32
66: 2,0,46
67: -1,1,32
68: 1,0,41
69: 0,0,29
70: 0,0,29
71: 0,1,30
72: 0,0,32
73: 0,0,29
74: 0,1,32
75: 1,0,47
76: 0,1,30
77: 0,1,29
78: 0,0,29
79: 1,0,46
80: 0,0,30
81: 0,1,30
82: 0,1,29
83: 1,0,41
84: 0,0,29
85: 0,1,30
86: 1,1,32
87: 0,0,29
88: 1,0,32
89: 0,1,29
90: 0,0,29
91: 0,1,29
92: 0,1,29
93: 1,0,32
94: 0,1,29
95: 0,0,29
96: 0,1,29
97: 0,1,29
98: -1,1,29
99: 0,0,30
100: 0,1,32
101: 0,0,29
102: 1,1,32
103: 0,0,29
104: 0,1,29
105: 1,0,47
106: 0,1,32
107: 1,1,29
108: 0,0,29
109: 0,0,29
110: 1,0,46
111: 0,1,29
112: 0,1,32
113: 0,0,29
114: -1,1,32
115: 0,0,29
116: 0,1,30
117: 0,1,29
118: 1,0,41
119: 0,1,29
120: 0,0,29
121: 0,0,30
122: -1,0,33
123: -1,1,30
124: 0,1,30
125: 0,1,29
126: 0,0,29
127: 0,1,32
128: 0,1,29
129: 1,1,29
130: 1,0,32
131: 0,1,30
132: 0,1,29
133: 0,1,29
134: -1,0,30
135: 0,1,29
136: 0,1,32
137: 1,0,47
138: 0,0,29
139: 1,0,46
140: 0,1,29
141: -1,0,34
142: 1,0,31
143: 0,0,29
144: 0,0,29
145: 0,0,29
146: 0,0,30
147: 0,1,29
148: 0,0,29
149: 2,0,46
150: 0,1,32
151: 0,0,30
152: 0,1,32
153: 0,1,32
154: 0,1,29
155: 0,1,32
156: -1,0,30
157: 0,0,29
158: 0,1,29
159: 1,0,32
160: 1,1,32
161: 0,1,32
162: -1,0,34
163: 0,1,29
164: -1,0,33
165: 1,0,41
166: 1,1,32
167: 0,0,30
168: 0,0,29
169: 0,1,30
170: 0,0,30
171: 0,0,30
172: 0,0,29
173: 0,1,32
174: 0,0,30
175: 0,0,29
176: 0,0,30
177: 0,1,30
178: -1,1,29
179: 0,1,32
180: 0,1,29
181: -1,1,32
182: 0,0,29
183: 0,0,29
184: 1,0,46
185: 0,1,29
186: 0,1,32
187: 0,0,29
188: 0,1,29
189: 1,1,32
190: 0,1,32
191: 0,1,32
192: 0,1,29
193: 0,1,29
194: 1,0,32
195: -1,1,32
196: 1,0,46
197: 0,0,31
198: 0,1,29
199: 0,1,29
200: 0,0,29
201: 1,0,32
202: 0,0,30
203: 0,1,29
204: 1,0,32
205: 0,0,29
206: 1,0,47
207: 1,0,46
208: 0,1,29
209: 2,0,66
210: 0,1,29
211: -1,0,30
212: 1,0,41
213: 0,1,29
214: 0,1,29
215: 0,0,29
216: 1,0,32
217: 0,0,30
218: 0,0,29
219: 0,1,29
220: 0,1,30
221: 0,0,29
222: 0,0,29
223: 0,0,30
224: 0,0,29
225: -1,1,30
226: 0,1,29
227: -1,0,78
228: 1,0,46
229: 0,1,29
230: 0,0,29
231: 0,1,29
232: 0,1,30
233: 1,0,46
234: 0,0,30
235: 1,0,31
236: 0,1,29
237: 0,1,29
238: 0,0,29
239: -1,0,78
240: -1,1,30
241: 0,0,30
242: 0,0,30
243: 0,0,29
244: 0,0,29
245: 0,0,30
246: 0,0,29
247: 1,1,29
248: 0,1,32
249: 1,0,46
250: 0,1,30
251: 0,0,29
252: -1,0,33
253: 1,0,46
254: 0,1,30
255: 0,0,29
256: 0,1,32
257: 1,0,46
258: 1,0,32
259: 0,1,32
260: 0,0,29
261: 1,1,29
262: 0,0,30
263: -1,1,29
264: 0,1,32
265: 0,1,29
266: 0,0,29
267: -1,0,30
268: 1,0,32
269: -1,0,78
270: 0,0,30
271: 0,1,29
272: 2,0,46
273: -1,1,29
274: 0,0,30
275: 1,0,33
276: 0,0,29
277: 0,0,29
278: 0,1,29
279: 0,1,29
280: 1,1,32
281: 0,1,29
282: -1,0,30
283: 0,1,32
284: 0,1,29
285: 1,1,29
286: -1,1,29
287: 0,1,29
288: 0,0,31
289: 0,1,32
290: 0,1,29
291: 0,0,29
292: -1,1,32
293: 0,1,30
294: 0,0,30
295: 0,0,30
296: 0,1,29
297: 0,1,29
298: 1,1,32
299: 0,0,30
300: 0,1,29
301: 0,0,29
302: 0,1,29
303: 0,0,29
304: 0,1,29
305: 1,0,47
306: 0,1,32
307: 0,0,29
308: 0,1,32
309: 0,1,30
310: 0,1,32
311: 1,0,46
312: 0,0,29
313: 0,1,32
314: 1,0,41
315: 1,0,31
316: 0,1,32
317: 0,1,29
318: 0,1,32
319: 1,0,33
320: 0,0,31
321: 2,0,46
322: 1,0,31
323: 0,1,30
324: 0,0,29
325: 1,0,46
326: 0,1,29
327: 1,1,32
328: 1,0,46
329: 0,0,31
330: 0,1,29
331: -1,1,29
332: 0,0,31
333: 0,0,29
334: 0,0,29
335: 0,0,29
336: 0,0,29
337: -1,0,30
338: 0,1,32
339: -1,1,29
340: 0,1,29
341: 0,1,32
342: 0,1,32
343: 0,0,30
344: 0,1,32
345: 0,1,32
346: 0,1,32
347: 0,0,29
348: 0,1,32
349: 0,1,29
350: 1,0,46
351: 0,0,31
352: 0,1,29
353: 0,1,32
354: 0,0,29
355: 0,0,30
356: 0,0,29
357: 1,0,32
358: 0,0,29
359: 0,0,29
360: 1,0,31
361: 2,0,66
362: 0,1,29
363: 0,0,29
364: 0,1,29
365: -1,0,33
366: 0,0,29
367: 0,0,30
368: 1,1,29
369: 1,1,32
370: 0,0,29
371: 0,0,30
372: 1,0,46
373: 1,0,41
374: -1,1,32
375: 0,1,29
376: 0,1,32
377: -1,0,78
378: 0,0,29
379: 1,0,32
380: 0,0,29
381: 1,0,32
382: 0,1,32
383: 0,0,30
384: 0,1,29
385: 0,1,32
386: 0,0,29
387: 0,1,29
388: 0,0,30
389: 0,0,29
390: 0,1,29
391: 0,0,29
392: 0,0,29
393: 0,0,32
394: 0,0,30
395: 0,1,29
396: 0,0,31
397: 1,0,32
398: 0,0,30
399: 0,1,29
400: 0,1,30
401: 0,1,30
402: 1,0,31
403: 0,0,29
404: 1,0,32
405: -1,0,78
406: 0,1,32
407: 0,1,29
408: 0,0,29
409: 0,1,32
410: 0,1,29
411: 0,0,29
412: 0,1,30
413: 1,0,32
414: 0,1,29
415: 0,0,29
416: 0,1,32
417: -1,1,29
418: 0,1,32
419: 2,0,66
420: 0,0,29
421: 0,0,30
422: 0,0,30
423: 0,0,29
424: -1,0,34
425: 0,0,32
426: -1,0,78
427: 0,1,32
428: 0,0,29
429: 0,0,29
430: 0,0,30
431: 0,0,29
432: 0,1,29
433: 0,1,30
434: 0,0,29
435: 0,1,29
436: 0,1,29
437: 1,0,46
438: 0,0,29
439: 0,0,30
440: 0,1,32
441: 0,1,32
442: 1,0,32
443: 1,1,29
444: 0,1,29
445: 0,1,29
446: -1,1,29
447: 0,1,32
448: 1,0,46
449: 0,0,32
450: 0,0,29
451: 0,1,29
452: 0,0,29
453: 0,0,30
454: 0,0,29
455: 1,0,46
456: 0,0,30
457: 1,1,32
458: 0,0,29
459: 0,0,29
460: -1,0,30
461: 0,1,29
462: -1,0,34
463: 1,0,32
464: 0,0,31
465: 0,1,29
466: 0,0,29
467: 0,1,30
468: -1,0,33
469: 0,1,29
470: 0,0,30
471: 0,1,32
472: 1,1,36
473: 0,0,29
474: 0,1,30
475: 0,1,29
476: 0,0,29
477: 0,1,29
478: -1,0,34
479: 1,0,46
480: 0,1,32
481: 1,0,41
482: 0,1,29
483: 0,0,29
484: 0,1,29
485: 0,1,29
486: 2,0,66
487: 1,0,32
488: 0,1,29
489: 0,1,29
490: 2,0,46
491: 0,0,30
492: 0,1,32
493: 0,0,29
494: 0,1,32
495: 0,0,30
496: 0,1,29
497: 0,1,30
498: 0,1,29
499: 0,0,29
500: 0,1,30
501: -1,0,78
502: 0,1,29
503: -1,1,30
504: 0,0,29
505: 1,1,36
506: 0,1,32
507: -1,1,32
508: 0,1,32
509: 0,0,29
510: 0,0,29
511: 0,1,30
512: 0,0,29
513: 0,1,29
514: 0,0,29
515: 1,1,29
516: 0,1,29
517: 0,1,29
518: 1,1,32
519: 0,0,29
520: 0,0,29
521: 0,0,29
522: 0,1,29
523: -1,1,29
524: 1,0,41
525: 0,0,31
526: -1,1,29
527: 0,1,32
528: 0,0,30
529: 1,0,41
530: 0,0,30
531: 0,0,29
532: 0,1,32
533: 1,0,32
534: 0,1,29
535: 0,1,29
536: 1,0,32
537: 1,0,32
538: 0,0,29
539: 1,0,47
540: 1,0,41
541: 1,0,46
542: 0,1,32
543: 1,0,46
544: 0,1,32
545: 0,0,30
546: -1,1,29
547: 1,1,29
548: 0,0,30
549: 0,0,30
550: 0,0,29
551: 0,1,29
552: 0,0,29
553: 0,1,32
554: 1,0,47
555: 0,1,29
556: 0,1,30
557: 0,0,29
558: 1,0,47
559: 0,0,29
560: 0,0,31
561: 0,0,29
562: 0,0,30
563: 0,1,30
564: 0,0,29
565: 1,0,33
566: 0,0,29
567: 0,0,29
568: 0,1,32
569: 0,0,32
570: 0,0,31
571: 0,0,31
572: 0,1,30
573: 0,1,30
574: 0,1,32
575: 1,0,41
576: 0,1,29
577: -1,1,29
578: 0,0,30
579: 1,0,41
580: -1,1,32
581: 0,1,29
582: 0,0,31
583: 0,0,29
584: 0,1,29
585: 0,0,29
586: 0,0,29
587: 1,0,40
588: 0,0,29
589: 1,0,47
590: 1,0,47
591: -1,0,78
592: -1,1,30
593: 0,1,32
594: 1,1,29
595: 0,0,30
596: 0,0,29
597: -1,1,29
598: 1,0,31
599: 0,0,31
600: 0,0,30
601: 0,1,29
602: 1,0,32
603: 1,0,32
604: 0,0,29
605: 0,0,29
606: 0,1,32
607: 1,1,36
608: 1,0,32
609: 0,1,29
610: 1,0,32
611: 0,0,30
612: 0,0,29
613: 0,0,31
614: 0,1,29
615: 1,1,32
616: -1,1,32
617: 1,0,41
618: 0,0,29
619: 1,0,46
620: 0,1,29
621: 1,0,41
622: -1,0,78
623: 0,1,32
624: 1,1,32
625: 0,1,29
626: 0,0,29
627: 1,1,32
628: 0,1,29
629: 0,1,32
630: 0,1,29
631: 1,0,46
632: 0,1,29
633: 0,1,32
634: 0,1,32
635: 1,0,41
636: 0,0,30
637: 0,1,32
638: 0,0,30
639: 0,0,29
640: 1,0,32
641: 0,1,29
642: 0,1,32
643: 1,1,32
644: 0,1,30
645: 0,0,29
646: 0,0,29
647: -1,0,33
648: 0,1,29
649: 0,0,29
650: 0,0,29
651: 1,1,32
652: 0,0,29
653: 1,1,32
654: -1,1,32
655: 0,1,29
656: 1,1,32
657: -1,1,30
658: 0,1,30
659: 1,0,46
660: 0,0,30
661: 0,1,29
662: 1,1,36
663: 0,1,32
664: 0,1,29
665: -1,1,29
666: 0,0,30
667: -1,0,34
668: 0,0,29
669: 0,0,30
670: 0,1,29
671: 0,0,29
672: 0,1,29
673: 0,0,31
674: 0,0,29
675: 0,0,29
676: 0,0,32
677: 0,1,29
678: 0,1,32
679: 0,0,29
680: 0,1,32
681: 0,0,29
682: 0,1,30
683: 0,1,29
684: 0,0,31
685: 0,1,32
686: 0,0,29
687: 0,0,30
688: 0,0,30
689: 0,0,30
690: 0,0,29
691: 1,0,46
692: 0,1,29
693: 0,1,29
694: -1,1,30
695: 0,0,29
696: 0,1,32
697: 0,0,31
698: -1,0,30
699: 1,1,32
700: 0,1,29
701: 0,1,30
702: 0,1,32
703: 1,0,46
704: 0,1,29
705: 1,0,46
706: 0,1,29
707: 0,1,29
708: 1,0,31
709: 0,0,29
710: 0,0,29
711: 0,0,31
712: -1,0,30
713: 0,0,29
714: 0,0,31
715: 1,1,36
716: 0,1,29
717: 0,1,29
718: 0,0,30
719: 2,0,66
720: 0,0,29
721: 0,1,29
722: 1,1,29
723: 0,1,29
724: -1,0,30
725: 1,0,31
726: 1,0,46
727: 0,1,32
728: -1,0,30
729: 0,0,29
730: 0,0,29
731: 0,1,30
732: 0,0,29
733: 0,0,30
734: 0,0,29
735: 1,0,46
736: 0,0,30
737: 0,1,32
738: 1,0,41
739: 1,0,32
740: 1,0,47
741: 1,0,32
742: 0,0,29
743: 0,1,29
744: 0,0,30
745: 1,1,32
746: 0,0,29
747: -1,1,29
748: 0,0,29
749: 0,0,29
750: 1,0,46
751: 0,0,29
752: 1,0,33
753: 0,0,29
754: -1,1,32
755: 1,0,47
756: 0,1,29
757: -1,1,29
758: 0,1,29
759: 1,0,32
760: 0,1,29
761: 0,0,30
762: 1,0,41
763: 0,1,29
764: 1,1,36
765: 1,1,36
766: 0,0,29
767: 1,0,32
768: -1,1,29
769: 0,1,29
770: 1,1,29
771: 0,0,29
772: 0,1,29
773: 1,0,33
774: 0,0,29
775: 1,1,29
776: 1,0,31
777: 0,1,29
778: 1,0,40
779: 0,1,32
780: 0,0,32
781: 0,1,32
782: 0,0,29
783: 0,0,29
784: 0,1,30
785: 0,1,29
786: 1,1,32
787: 2,0,46
788: 0,1,32
789: -1,0,33
790: 0,1,32
791: 1,1,36
792: 0,1,29
793: 0,1,30
794: 0,1,32
795: 0,1,29
796: 0,1,29
797: 0,1,29
798: -1,1,30
799: -1,0,30
800: 0,1,30
801: 0,1,29
802: -1,0,30
803: 1,0,32
804: 0,1,29
805: 0,0,29
806: 0,0,29
807: -1,1,32
808: 1,0,46
809: 0,0,29
810: 0,1,32
811: 0,0,29
812: 0,0,30
813: -1,1,29
814: 1,0,32
815: 0,1,29
816: 1,1,29
817: 0,1,32
818: 0,1,29
819: 0,0,29
820: 0,0,29
821: 1,0,32
822: 1,1,29
823: -1,1,29
824: 0,0,29
825: 0,1,29
826: 0,1,32
827: 0,0,29
828: 0,1,32
829: -1,1,32
830: 0,0,29
831: 0,1,32
832: 0,0,29
833: 0,1,32
834: 0,0,29
835: 0,0,29
836: 1,0,47
837: 0,1,32
838: 0,0,30
839: -1,1,32
840: 0,0,30
841: 0,0,29
842: 0,1,29
843: 0,0,29
844: 0,0,31
845: 0,0,29
846: 0,0,29
847: 0,1,32
848: 0,1,29
849: 0,0,29
850: -1,0,30
851: 1,0,32
852: 0,1,32
853: -1,0,30
854: 0,0,29
855: 1,0,41
856: 0,1,29
857: 0,0,29
858: 0,0,30
859: -1,1,30
860: 0,0,29
861: 0,1,30
862: 0,1,30
863: 0,0,29
864: 0,0,29
865: -1,0,78
866: 1,1,36
867: 0,1,29
868: 1,1,29
869: 1,0,41
870: 0,0,30
871: 1,0,40
872: 1,0,41
873: 0,0,30
874: 0,0,31
875: 0,1,29
876: 0,0,30
877: 0,1,32
878: -1,0,33
879: 0,1,29
880: 1,1,32
881: -1,0,33
882: 0,1,32
883: 0,0,29
884: 0,1,29
885: 1,0,46
886: 1,0,32
887: 0,0,30
888: 0,1,32
889: 0,0,30
890: 0,0,29
891: 0,0,31
892: -1,0,78
893: 0,1,29
894: 0,0,29
895: 1,0,33
896: 0,1,29
897: 1,0,32
898: 1,1,29
899: 0,0,29
900: 0,0,29
901: 0,1,30
902: 1,0,46
903: 1,1,29
904: 0,0,29
905: 1,1,32
906: 0,1,29
907: 1,1,32
908: 0,1,32
909: 0,1,29
910: 0,0,29
911: -1,1,32
912: 0,0,29
913: 0,1,32
914: 1,0,46
915: 0,1,29
916: 0,1,29
917: 0,0,32
918: 2,0,46
919: 0,1,32
920: 0,1,29
921: 0,0,29
922: 1,0,46
923: 1,0,46
924: 0,0,29
925: 0,1,32
926: 1,0,31
927: 0,0,31
928: 0,1,29
929: 0,1,29
930: 0,0,29
931: 1,1,29
932: 0,0,29
933: 1,0,46
934: 0,0,29
935: 0,0,29
936: 0,0,29
937: 0,1,32
938: -1,1,30
939: -1,1,30
940: 0,0,30
941: 2,0,46
942: 0,1,32
943: 0,0,29
944: 2,0,66
945: -1,0,33
946: 0,1,29
947: 0,0,29
948: -1,0,30
949: 0,0,30
950: -1,0,78
951: 0,0,29
952: 0,0,29
953: 1,0,33
954: 0,1,32
955: 0,1,29
956: 1,0,47
957: 0,1,29
958: 0,0,30
959: 1,0,32
960: 0,1,29
961: 0,0,29
962: 0,0,29
963: 2,0,46
964: 0,1,32
965: 0,0,29
966: 1,1,29
967: -1,0,78
968: 0,1,30
969: -1,1,29
970: 1,0,46
971: 0,1,29
972: 0,0,30
973: 0,1,32
974: 0,0,29
975: 0,1,29
976: 0,0,29
977: 1,1,32
978: 1,0,47
979: 1,1,32
980: 0,1,29
981: -1,1,30
982: -1,1,29
983: 0,0,29
984: 1,0,32
985: 1,0,32
986: 0,1,30
987: 0,0,30
988: 1,0,32
989: -1,0,78
990: 0,1,32
991: 0,0,29
992: 0,1,29
993: 1,0,41
994: 0,1,32
995: 0,1,32
996: 1,0,46
997: 0,1,30
998: 1,0,46
999: 0,1,29
1000: 1,0,31
1001: 0,0,31
1002: 2,0,66
1003: 0,0,29
1004: 1,1,29
1005: 0,0,29
1006: 0,0,30
1007: 0,0,29
1008: -1,0,34
1009: 0,1,32
1010: -1,0,33
1011: 0,1,30
1012: 0,1,32
1013: 0,0,29
1014: 0,1,32
1015: 0,1,32
1016: 0,0,30
1017: 0,1,32
1018: 0,0,29
1019: 1,0,32
1020: 1,0,46
1021: 0,1,29
1022: 0,0,29
1023: 0,1,29
