0: 0,2,36
1: 0,1,24
2: 0,0,24
3: 0,1,27
4: 0,1,24
5: 0,1,24
6: 0,0,48
7: 0,2,27
8: 0,0,24
9: 0,2,27
10: 0,0,27
11: 0,0,27
12: 0,1,24
13: 0,2,27
14: 0,0,27
15: 0,0,27
16: 0,2,34
17: 0,0,24
18: 0,0,27
19: 0,1,27
20: 0,1,24
21: 0,0,24
22: 0,1,27
23: 0,1,24
24: 0,0,48
25: 0,1,24
26: 0,1,28
27: 0,2,24
28: 0,1,24
29: 0,1,27
30: 0,0,24
31: 0,2,38
32: 0,0,48
33: 0,1,24
34: 0,1,24
35: 0,0,27
36: 0,2,36
37: 0,2,27
38: 0,1,24
39: 0,2,25
40: 0,0,48
41: 0,0,24
42: 0,1,28
43: 0,2,34
44: 0,0,24
45: 0,0,24
46: 0,0,24
47: 0,0,27
48: 0,2,27
49: 0,1,27
50: 0,1,24
51: 0,2,25
52: 0,0,24
53: 0,1,24
54: 0,1,18
55: 0,2,27
56: 0,2,27
57: 0,0,24
58: 0,1,24
59: 0,0,24
60: 0,0,24
61: 0,1,24
62: 0,2,24
63: 0,1,24
64: 0,1,24
65: 0,2,25
66: 0,0,24
67: 0,0,27
68: 0,0,27
69: 0,1,24
70: 0,2,36
71: 0,0,47
72: 0,2,26
73: 0,2,24
74: 0,2,28
75: 0,0,48
76: 0,1,27
77: 0,1,24
78: 0,2,27
79: 0,2,27
80: 0,0,27
81: 0,1,24
82: 0,1,24
83: 0,2,27
84: 0,1,24
85: 0,1,24
86: 0,1,24
87: 0,1,24
88: 0,0,27
89: 0,2,25
90: 0,1,47
91: 0,1,24
92: 0,1,24
93: 0,0,27
94: 0,1,47
95: 0,1,24
96: 0,1,24
97: 0,0,47
98: 0,0,27
99: 0,0,27
100: 0,1,24
101: 0,1,24
102: 0,1,28
103: 0,2,38
104: 0,0,24
105: 0,0,48
106: 0,1,24
107: 0,2,38
108: 0,0,27
109: 0,2,38
110: 0,0,48
111: 0,0,27
112: 0,1,24
113: 0,0,49
114: 0,2,27
115: 0,0,24
116: 0,0,27
117: 0,1,27
118: 0,0,27
119: 0,1,24
120: 0,0,27
121: 0,0,27
122: 0,0,27
123: 0,1,24
124: 0,1,24
125: 0,1,24
126: 0,0,24
127: 0,1,24
128: 0,0,24
129: 0,1,24
130: 0,1,24
131: 0,0,27
132: 0,2,26
133: 0,0,24
134: 0,0,27
135: 0,0,27
136: 0,1,24
137: 0,1,24
138: 0,2,28
139: 0,2,24
140: 0,1,24
141: 0,0,27
142: 0,0,48
143: 0,2,26
144: 0,0,24
145: 0,1,24
146: 0,1,24
147: 0,1,18
148: 0,1,24
149: 0,0,27
150: 0,2,26
151: 0,1,27
152: 0,1,27
153: 0,1,24
154: 0,0,48
155: 0,2,27
156: 0,0,27
157: 0,1,24
158: 0,0,28
159: 0,2,27
160: 0,1,24
161: 0,1,24
162: 0,2,24
163: 0,0,24
164: 0,1,27
165: 0,1,24
166: 0,1,27
167: 0,0,24
168: 0,0,24
169: 0,0,27
170: 0,0,27
171: 0,1,24
172: 0,2,34
173: 0,2,25
174: 0,2,36
175: 0,0,24
176: 0,0,48
177: 0,0,27
178: 0,1,24
179: 0,1,25
180: 0,1,24
181: 0,0,24
182: 0,2,25
183: 0,0,24
184: 0,0,49
185: 0,0,24
186: 0,2,26
187: 0,2,26
188: 0,2,48
189: 0,1,28
190: 0,1,49
191: 0,1,24
192: 0,2,25
193: 0,1,47
194: 0,1,24
195: 0,2,26
196: 0,0,47
197: 0,2,26
198: 0,0,24
199: 0,2,24
200: 0,1,24
201: 0,2,27
202: 0,0,24
203: 0,0,27
204: 0,1,47
205: 0,1,27
206: 0,1,24
207: 0,1,24
208: 0,1,18
209: 0,1,24
210: 0,1,24
211: 0,1,24
212: 0,1,24
213: 0,2,24
214: 0,0,27
215: 0,2,36
216: 0,1,24
217: 0,1,27
218: 0,2,25
219: 0,1,24
220: 0,2,48
221: 0,1,24
222: 0,1,24
223: 0,0,27
224: 0,1,27
225: 0,1,24
226: 0,0,28
227: 0,1,24
228: 0,0,27
229: 0,0,24
230: 0,0,24
231: 0,0,24
232: 0,1,24
233: 0,1,24
234: 0,1,27
235: 0,2,27
236: 0,0,24
237: 0,1,27
238: 0,2,27
239: 0,0,24
240: 0,1,47
241: 0,1,24
242: 0,2,27
243: 0,1,24
244: 0,1,27
245: 0,0,24
246: 0,1,24
247: 0,2,25
248: 0,1,24
249: 0,0,27
250: 0,1,24
251: 0,0,27
252: 0,2,27
253: 0,2,26
254: 0,0,24
255: 0,0,27
256: 0,1,24
257: 0,0,27
258: 0,0,24
259: 0,0,27
260: 0,2,25
261: 0,1,18
262: 0,2,26
263: 0,2,25
264: 0,0,27
265: 0,1,24
266: 0,0,49
267: 0,2,26
268: 0,0,27
269: 0,0,24
270: 0,2,27
271: 0,0,24
272: 0,0,27
273: 0,0,24
274: 0,0,24
275: 0,0,24
276: 0,2,38
277: 0,1,24
278: 0,1,47
279: 0,2,27
280: 0,2,24
281: 0,1,24
282: 0,1,24
283: 0,2,27
284: 0,1,24
285: 0,1,24
286: 0,2,25
287: 0,0,24
288: 0,2,25
289: 0,0,27
290: 0,2,34
291: 0,2,25
292: 0,1,24
293: 0,1,47
294: 0,2,25
295: 0,2,24
296: 0,1,24
297: 0,1,47
298: 0,1,24
299: 0,0,27
300: 0,0,48
301: 0,0,27
302: 0,1,27
303: 0,0,27
304: 0,1,24
305: 0,1,24
306: 0,2,27
307: 0,0,24
308: 0,1,24
309: 0,0,27
310: 0,2,27
311: 0,0,24
312: 0,0,24
313: 0,2,38
314: 0,2,25
315: 0,1,24
316: 0,2,26
317: 0,1,47
318: 0,0,24
319: 0,1,24
320: 0,0,24
321: 0,0,24
322: 0,1,24
323: 0,1,27
324: 0,0,24
325: 0,0,27
326: 0,0,24
327: 0,2,34
328: 0,2,25
329: 0,1,24
330: 0,0,27
331: 0,1,24
332: 0,2,24
333: 0,1,49
334: 0,1,24
335: 0,1,27
336: 0,0,24
337: 0,1,27
338: 0,1,24
339: 0,1,28
340: 0,1,27
341: 0,1,24
342: 0,2,24
343: 0,0,24
344: 0,1,24
345: 0,1,47
346: 0,2,26
347: 0,0,48
348: 0,0,27
349: 0,0,24
350: 0,1,24
351: 0,0,24
352: 0,1,28
353: 0,1,24
354: 0,0,24
355: 0,0,28
356: 0,0,28
357: 0,0,27
358: 0,1,24
359: 0,0,27
360: 0,0,24
361: 0,2,24
362: 0,1,24
363: 0,0,28
364: 0,1,24
365: 0,1,24
366: 0,1,24
367: 0,2,26
368: 0,0,24
369: 0,0,47
370: 0,1,27
371: 0,0,27
372: 0,0,24
373: 0,1,24
374: 0,0,24
375: 0,0,49
376: 0,0,27
377: 0,2,26
378: 0,0,24
379: 0,2,38
380: 0,1,24
381: 0,2,27
382: 0,2,36
383: 0,1,24
384: 0,0,24
385: 0,1,24
386: 0,0,24
387: 0,2,27
388: 0,0,27
389: 0,2,25
390: 0,0,47
391: 0,0,27
392: 0,1,28
393: 0,2,27
394: 0,0,27
395: 0,1,24
396: 0,1,24
397: 0,0,24
398: 0,2,27
399: 0,2,25
400: 0,2,27
401: 0,1,24
402: 0,1,28
403: 0,0,24
404: 0,0,24
405: 0,0,24
406: 0,1,24
407: 0,2,27
408: 0,2,27
409: 0,1,28
410: 0,2,34
411: 0,1,24
412: 0,2,25
413: 0,2,25
414: 0,2,27
415: 0,0,24
416: 0,0,24
417: 0,2,26
418: 0,2,27
419: 0,0,24
420: 0,1,24
421: 0,2,25
422: 0,0,24
423: 0,0,27
424: 0,1,24
425: 0,0,27
426: 0,0,24
427: 0,0,27
428: 0,1,24
429: 0,1,24
430: 0,0,27
431: 0,0,28
432: 0,2,34
433: 0,1,49
434: 0,1,27
435: 0,0,27
436: 0,1,24
437: 0,0,27
438: 0,1,24
439: 0,0,47
440: 0,0,27
441: 0,1,24
442: 0,1,24
443: 0,1,27
444: 0,1,24
445: 0,2,27
446: 0,0,27
447: 0,0,27
448: 0,0,27
449: 0,1,24
450: 0,0,27
451: 0,1,24
452: 0,2,25
453: 0,0,24
454: 0,2,26
455: 0,1,24
456: 0,0,24
457: 0,1,47
458: 0,2,36
459: 0,1,24
460: 0,2,26
461: 0,0,24
462: 0,1,24
463: 0,0,24
464: 0,0,24
465: 0,1,27
466: 0,1,24
467: 0,0,27
468: 0,1,25
469: 0,0,27
470: 0,2,26
471: 0,0,48
472: 0,2,26
473: 0,2,34
474: 0,2,25
475: 0,2,24
476: 0,2,27
477: 0,1,27
478: 0,1,24
479: 0,1,24
480: 0,1,28
481: 0,0,27
482: 0,1,24
483: 0,1,28
484: 0,1,47
485: 0,0,27
486: 0,1,24
487: 0,0,24
488: 0,2,38
489: 0,0,28
490: 0,0,27
491: 0,0,24
492: 0,0,24
493: 0,0,27
494: 0,1,24
495: 0,2,27
496: 0,0,27
497: 0,0,24
498: 0,1,24
499: 0,1,24
500: 0,0,27
501: 0,1,24
502: 0,0,24
503: 0,1,24
504: 0,2,27
505: 0,2,48
506: 0,0,24
507: 0,2,25
508: 0,0,48
509: 0,0,24
510: 0,1,24
511: 0,1,24
512: 0,2,26
513: 0,2,27
514: 0,1,24
515: 0,2,27
516: 0,1,24
517: 0,0,48
518: 0,0,27
519: 0,0,24
520: 0,0,24
521: 0,1,24
522: 0,0,24
523: 0,0,27
524: 0,0,27
525: 0,0,47
526: 0,1,47
527: 0,0,27
528: 0,1,24
529: 0,2,34
530: 0,2,36
531: 0,1,24
532: 0,2,24
533: 0,0,24
534: 0,2,24
535: 0,0,24
536: 0,2,27
537: 0,2,36
538: 0,1,27
539: 0,1,27
540: 0,0,27
541: 0,1,24
542: 0,1,24
543: 0,1,24
544: 0,2,24
545: 0,1,24
546: 0,0,24
547: 0,2,26
548: 0,1,27
549: 0,2,25
550: 0,2,26
551: 0,1,24
552: 0,2,27
553: 0,1,28
554: 0,0,27
555: 0,0,49
556: 0,0,28
557: 0,1,27
558: 0,2,26
559: 0,1,24
560: 0,0,27
561: 0,0,24
562: 0,1,24
563: 0,1,28
564: 0,0,27
565: 0,1,24
566: 0,0,24
567: 0,0,27
568: 0,2,26
569: 0,1,24
570: 0,1,24
571: 0,0,27
572: 0,0,28
573: 0,1,27
574: 0,1,24
575: 0,1,24
576: 0,0,48
577: 0,2,25
578: 0,1,24
579: 0,2,25
580: 0,0,24
581: 0,0,27
582: 0,0,27
583: 0,1,24
584: 0,1,24
585: 0,0,24
586: 0,0,24
587: 0,0,24
588: 0,1,24
589: 0,0,49
590: 0,2,34
591: 0,2,28
592: 0,0,24
593: 0,0,24
594: 0,0,27
595: 0,2,25
596: 0,1,24
597: 0,0,27
598: 0,1,27
599: 0,1,24
600: 0,1,18
601: 0,0,24
602: 0,2,25
603: 0,2,26
604: 0,2,27
605: 0,1,24
606: 0,0,24
607: 0,2,24
608: 0,0,48
609: 0,0,27
610: 0,2,26
611: 0,0,24
612: 0,2,27
613: 0,1,24
614: 0,2,25
615: 0,0,48
616: 0,0,27
617: 0,0,24
618: 0,0,27
619: 0,0,24
620: 0,1,24
621: 0,1,24
622: 0,2,26
623: 0,1,47
624: 0,0,47
625: 0,1,27
626: 0,0,27
627: 0,0,24
628: 0,0,48
629: 0,2,24
630: 0,0,27
631: 0,0,28
632: 0,2,25
633: 0,1,27
634: 0,1,24
635: 0,0,27
636: 0,0,27
637: 0,0,24
638: 0,0,24
639: 0,2,27
640: 0,0,24
641: 0,2,24
642: 0,1,24
643: 0,1,24
644: 0,2,24
645: 0,0,24
646: 0,0,24
647: 0,0,27
648: 0,0,24
649: 0,1,24
650: 0,0,27
651: 0,2,38
652: 0,1,24
653: 0,1,28
654: 0,0,27
655: 0,1,27
656: 0,0,49
657: 0,0,27
658: 0,0,48
659: 0,1,24
660: 0,0,24
661: 0,1,24
662: 0,0,24
663: 0,1,25
664: 0,2,25
665: 0,1,24
666: 0,0,27
667: 0,0,24
668: 0,0,24
669: 0,2,38
670: 0,1,49
671: 0,1,24
672: 0,1,24
673: 0,1,18
674: 0,1,27
675: 0,0,48
676: 0,0,48
677: 0,2,26
678: 0,1,28
679: 0,1,24
680: 0,1,24
681: 0,0,27
682: 0,0,27
683: 0,2,27
684: 0,2,38
685: 0,0,24
686: 0,0,48
687: 0,0,24
688: 0,1,24
689: 0,1,24
690: 0,2,24
691: 0,1,24
692: 0,1,27
693: 0,0,24
694: 0,1,24
695: 0,1,24
696: 0,0,24
697: 0,0,24
698: 0,0,24
699: 0,1,18
700: 0,1,47
701: 0,1,27
702: 0,1,47
703: 0,0,47
704: 0,1,27
705: 0,1,24
706: 0,1,24
707: 0,0,24
708: 0,1,24
709: 0,0,47
710: 0,1,24
711: 0,2,48
712: 0,1,28
713: 0,0,27
714: 0,2,27
715: 0,0,27
716: 0,0,48
717: 0,0,27
718: 0,0,24
719: 0,1,28
720: 0,1,18
721: 0,1,28
722: 0,0,27
723: 0,2,25
724: 0,0,27
725: 0,1,28
726: 0,0,28
727: 0,1,24
728: 0,0,27
729: 0,1,28
730: 0,1,24
731: 0,0,27
732: 0,1,24
733: 0,0,24
734: 0,0,27
735: 0,1,24
736: 0,0,24
737: 0,0,27
738: 0,2,26
739: 0,1,24
740: 0,2,38
741: 0,0,27
742: 0,1,24
743: 0,0,48
744: 0,0,24
745: 0,0,24
746: 0,1,24
747: 0,1,28
748: 0,1,28
749: 0,1,24
750: 0,1,28
751: 0,1,24
752: 0,0,24
753: 0,0,24
754: 0,0,27
755: 0,0,24
756: 0,2,25
757: 0,0,24
758: 0,2,25
759: 0,2,34
760: 0,0,27
761: 0,0,27
762: 0,0,27
763: 0,1,24
764: 0,2,26
765: 0,1,24
766: 0,1,24
767: 0,1,27
768: 0,0,24
769: 0,0,27
770: 0,1,25
771: 0,1,24
772: 0,0,24
773: 0,2,26
774: 0,1,24
775: 0,0,27
776: 0,0,27
777: 0,2,48
778: 0,1,28
779: 0,2,26
780: 0,1,27
781: 0,1,28
782: 0,1,27
783: 0,0,24
784: 0,0,27
785: 0,2,27
786: 0,1,18
787: 0,1,24
788: 0,0,48
789: 0,2,26
790: 0,0,24
791: 0,2,27
792: 0,2,26
793: 0,1,24
794: 0,0,48
795: 0,0,24
796: 0,2,24
797: 0,1,27
798: 0,0,27
799: 0,1,47
800: 0,1,27
801: 0,2,25
802: 0,1,24
803: 0,0,24
804: 0,0,24
805: 0,0,24
806: 0,1,24
807: 0,1,24
808: 0,0,24
809: 0,1,24
810: 0,1,27
811: 0,0,47
812: 0,0,24
813: 0,2,25
814: 0,1,24
815: 0,2,25
816: 0,0,24
817: 0,2,24
818: 0,1,24
819: 0,1,27
820: 0,0,24
821: 0,2,24
822: 0,0,27
823: 0,1,24
824: 0,0,27
825: 0,0,24
826: 0,0,27
827: 0,0,24
828: 0,0,24
829: 0,1,47
830: 0,1,27
831: 0,1,24
832: 0,1,24
833: 0,1,24
834: 0,0,27
835: 0,0,24
836: 0,1,24
837: 0,0,24
838: 0,0,24
839: 0,1,24
840: 0,0,24
841: 0,1,47
842: 0,0,48
843: 0,0,27
844: 0,0,24
845: 0,1,27
846: 0,1,28
847: 0,2,26
848: 0,1,24
849: 0,0,28
850: 0,0,24
851: 0,0,24
852: 0,0,47
853: 0,0,27
854: 0,2,26
855: 0,0,48
856: 0,2,24
857: 0,1,27
858: 0,2,26
859: 0,2,27
860: 0,2,34
861: 0,1,18
862: 0,1,18
863: 0,2,24
864: 0,0,27
865: 0,0,27
866: 0,0,27
867: 0,2,26
868: 0,1,27
869: 0,1,24
870: 0,2,27
871: 0,0,28
872: 0,2,27
873: 0,2,25
874: 0,2,36
875: 0,1,24
876: 0,2,26
877: 0,1,24
878: 0,1,24
879: 0,0,24
880: 0,2,26
881: 0,1,27
882: 0,1,47
883: 0,0,48
884: 0,1,24
885: 0,0,27
886: 0,2,26
887: 0,1,24
888: 0,1,24
889: 0,0,48
890: 0,1,27
891: 0,2,26
892: 0,1,27
893: 0,0,28
894: 0,1,24
895: 0,2,25
896: 0,2,26
897: 0,0,24
898: 0,1,24
899: 0,1,24
900: 0,0,24
901: 0,1,24
902: 0,1,24
903: 0,1,24
904: 0,2,25
905: 0,1,27
906: 0,0,27
907: 0,1,24
908: 0,1,24
909: 0,2,26
910: 0,0,27
911: 0,0,49
912: 0,0,24
913: 0,1,27
914: 0,1,24
915: 0,0,27
916: 0,2,25
917: 0,1,25
918: 0,2,34
919: 0,0,27
920: 0,1,47
921: 0,2,27
922: 0,0,27
923: 0,0,24
924: 0,1,24
925: 0,0,27
926: 0,0,27
927: 0,0,24
928: 0,1,24
929: 0,1,24
930: 0,2,24
931: 0,1,24
932: 0,1,25
933: 0,1,24
934: 0,1,24
935: 0,1,24
936: 0,0,24
937: 0,0,27
938: 0,2,27
939: 0,0,24
940: 0,0,27
941: 0,1,24
942: 0,0,24
943: 0,2,28
944: 0,0,27
945: 0,0,24
946: 0,2,48
947: 0,1,28
948: 0,1,27
949: 0,1,24
950: 0,0,24
951: 0,2,38
952: 0,1,24
953: 0,0,24
954: 0,1,24
955: 0,1,24
956: 0,0,24
957: 0,2,27
958: 0,1,24
959: 0,0,24
960: 0,1,24
961: 0,0,24
962: 0,2,27
963: 0,2,25
964: 0,0,24
965: 0,1,24
966: 0,1,27
967: 0,1,24
968: 0,1,25
969: 0,2,38
970: 0,1,47
971: 0,1,24
972: 0,2,48
973: 0,0,27
974: 0,1,24
975: 0,2,25
976: 0,0,24
977: 0,2,28
978: 0,0,24
979: 0,1,24
980: 0,2,27
981: 0,1,27
982: 0,2,25
983: 0,2,25
984: 0,2,26
985: 0,1,24
986: 0,1,24
987: 0,2,48
988: 0,0,49
989: 0,0,27
990: 0,0,24
991: 0,0,47
992: 0,2,25
993: 0,2,25
994: 0,1,24
995: 0,1,27
996: 0,0,24
997: 0,2,24
998: 0,1,24
999: 0,1,24
1000: 0,2,25
1001: 0,1,24
1002: 0,0,28
1003: 0,2,38
1004: 0,2,26
1005: 0,1,27
1006: 0,2,27
1007: 0,0,24
1008: 0,0,24
1009: 0,1,24
1010: 0,0,47
1011: 0,2,34
1012: 0,2,25
1013: 0,1,27
1014: 0,2,27
1015: 0,2,26
1016: 0,2,26
1017: 0,1,24
1018: 0,2,25
1019: 0,2,25
1020: 0,0,28
1021: 0,1,24
1022: 0,2,48
1023: 0,0,27
