0: 2,10,18,25,29,31,32,36,39,43,54,61,64,69,78,79,80,83,91,96,108,119,2,2,2,2,2,2,2,2,2,2,2,2,2,2,2,2,2,2,2,2,2,2,2,2,2,2,2,2,2,2,2,2,2,2,2,2,2,2,2,2,2,2
1: 1,2,10,18,25,29,30,31,32,36,37,39,43,47,51,54,61,64,67,69,78,79,80,83,91,96,108,117,119,1,1,1,1,1,1,1,1,1,1,1,1,1,1,1,1,1,1,1,1,1,1,1,1,1,1,1,1,1,1,1,1,1,1,1
2: 16,26,44,50,59,72,73,77,86,89,92,103,121,16,16,16,16,16,16,16,16,16,16,16,16,16,16,16,16,16,16,16,16,16,16,16,16,16,16,16,16,16,16,16,16,16,16,16,16,16,16,16,16,16,16,16,16,16,16,16,16,16,16,16
3: 1,4,5,11,13,21,24,28,40,45,46,56,58,62,63,66,67,71,82,84,87,90,94,97,99,107,109,110,112,114,117,124,1,1,1,1,1,1,1,1,1,1,1,1,1,1,1,1,1,1,1,1,1,1,1,1,1,1,1,1,1,1,1,1
4: 0,1,4,5,13,21,24,28,30,34,37,40,45,46,51,56,62,63,67,82,84,94,97,107,109,110,112,114,117,124,125,0,0,0,0,0,0,0,0,0,0,0,0,0,0,0,0,0,0,0,0,0,0,0,0,0,0,0,0,0,0,0,0,0
5: 2,10,18,25,29,31,32,36,37,39,43,47,51,54,61,64,69,78,79,80,83,91,96,108,119,2,2,2,2,2,2,2,2,2,2,2,2,2,2,2,2,2,2,2,2,2,2,2,2,2,2,2,2,2,2,2,2,2,2,2,2,2,2,2
6: 0,1,4,5,13,21,24,28,30,34,37,40,45,46,51,56,62,63,67,82,84,94,97,107,109,110,112,114,117,124,125,0,0,0,0,0,0,0,0,0,0,0,0,0,0,0,0,0,0,0,0,0,0,0,0,0,0,0,0,0,0,0,0,0
7: 0,1,4,5,13,21,24,28,30,34,40,45,46,56,62,63,67,82,84,94,97,107,109,112,114,117,124,0,0,0,0,0,0,0,0,0,0,0,0,0,0,0,0,0,0,0,0,0,0,0,0,0,0,0,0,0,0,0,0,0,0,0,0,0
8: 6,8,9,15,17,19,20,22,27,35,48,49,53,68,74,81,85,93,101,102,105,111,115,116,123,6,6,6,6,6,6,6,6,6,6,6,6,6,6,6,6,6,6,6,6,6,6,6,6,6,6,6,6,6,6,6,6,6,6,6,6,6,6,6
9: 0,6,9,15,17,19,27,34,54,62,68,69,74,81,97,101,102,106,113,116,126,0,0,0,0,0,0,0,0,0,0,0,0,0,0,0,0,0,0,0,0,0,0,0,0,0,0,0,0,0,0,0,0,0,0,0,0,0,0,0,0,0,0,0
10: 2,10,18,25,29,31,32,36,39,43,47,54,61,64,69,78,79,80,83,91,96,102,108,116,119,2,2,2,2,2,2,2,2,2,2,2,2,2,2,2,2,2,2,2,2,2,2,2,2,2,2,2,2,2,2,2,2,2,2,2,2,2,2,2
11: 1,4,5,7,13,21,24,28,30,40,45,46,56,58,62,63,67,82,84,90,94,97,99,107,109,110,112,114,117,124,125,1,1,1,1,1,1,1,1,1,1,1,1,1,1,1,1,1,1,1,1,1,1,1,1,1,1,1,1,1,1,1,1,1
12: 26,44,50,59,72,73,77,86,89,103,121,26,26,26,26,26,26,26,26,26,26,26,26,26,26,26,26,26,26,26,26,26,26,26,26,26,26,26,26,26,26,26,26,26,26,26,26,26,26,26,26,26,26,26,26,26,26,26,26,26,26,26,26,26
13: 3,8,23,42,53,60,88,98,100,115,3,3,3,3,3,3,3,3,3,3,3,3,3,3,3,3,3,3,3,3,3,3,3,3,3,3,3,3,3,3,3,3,3,3,3,3,3,3,3,3,3,3,3,3,3,3,3,3,3,3,3,3,3,3
14: 2,10,18,25,29,31,32,36,39,43,54,61,64,69,78,79,80,83,91,96,108,119,2,2,2,2,2,2,2,2,2,2,2,2,2,2,2,2,2,2,2,2,2,2,2,2,2,2,2,2,2,2,2,2,2,2,2,2,2,2,2,2,2,2
15: 2,10,18,25,29,31,32,36,37,39,43,47,51,54,61,64,69,78,79,80,83,91,96,108,119,2,2,2,2,2,2,2,2,2,2,2,2,2,2,2,2,2,2,2,2,2,2,2,2,2,2,2,2,2,2,2,2,2,2,2,2,2,2,2
16: 2,6,9,15,17,19,27,31,43,64,68,74,78,79,80,81,96,101,102,106,108,113,116,126,2,2,2,2,2,2,2,2,2,2,2,2,2,2,2,2,2,2,2,2,2,2,2,2,2,2,2,2,2,2,2,2,2,2,2,2,2,2,2,2
17: 26,44,50,59,72,73,77,86,89,103,121,26,26,26,26,26,26,26,26,26,26,26,26,26,26,26,26,26,26,26,26,26,26,26,26,26,26,26,26,26,26,26,26,26,26,26,26,26,26,26,26,26,26,26,26,26,26,26,26,26,26,26,26,26
18: 3,8,23,42,53,60,88,98,100,115,3,3,3,3,3,3,3,3,3,3,3,3,3,3,3,3,3,3,3,3,3,3,3,3,3,3,3,3,3,3,3,3,3,3,3,3,3,3,3,3,3,3,3,3,3,3,3,3,3,3,3,3,3,3
19: 26,44,50,59,72,73,77,86,89,103,121,26,26,26,26,26,26,26,26,26,26,26,26,26,26,26,26,26,26,26,26,26,26,26,26,26,26,26,26,26,26,26,26,26,26,26,26,26,26,26,26,26,26,26,26,26,26,26,26,26,26,26,26,26
20: 16,26,44,50,59,72,73,77,86,89,92,103,121,16,16,16,16,16,16,16,16,16,16,16,16,16,16,16,16,16,16,16,16,16,16,16,16,16,16,16,16,16,16,16,16,16,16,16,16,16,16,16,16,16,16,16,16,16,16,16,16,16,16,16
21: 0,1,4,5,11,17,21,27,30,34,40,45,54,62,67,69,71,82,84,94,97,112,114,117,0,0,0,0,0,0,0,0,0,0,0,0,0,0,0,0,0,0,0,0,0,0,0,0,0,0,0,0,0,0,0,0,0,0,0,0,0,0,0,0
22: 16,26,44,50,59,72,73,77,86,89,92,103,121,16,16,16,16,16,16,16,16,16,16,16,16,16,16,16,16,16,16,16,16,16,16,16,16,16,16,16,16,16,16,16,16,16,16,16,16,16,16,16,16,16,16,16,16,16,16,16,16,16,16,16
23: 1,4,5,11,13,21,24,28,40,45,46,56,58,62,63,66,67,71,82,84,87,90,94,97,99,107,109,110,112,114,117,124,1,1,1,1,1,1,1,1,1,1,1,1,1,1,1,1,1,1,1,1,1,1,1,1,1,1,1,1,1,1,1,1
24: 2,10,18,25,29,31,32,36,39,43,47,54,61,64,69,78,79,80,83,91,96,102,108,116,119,2,2,2,2,2,2,2,2,2,2,2,2,2,2,2,2,2,2,2,2,2,2,2,2,2,2,2,2,2,2,2,2,2,2,2,2,2,2,2
25: 1,4,5,7,13,21,24,28,30,40,45,46,56,58,62,63,67,82,84,90,94,97,99,107,109,110,112,114,117,124,125,1,1,1,1,1,1,1,1,1,1,1,1,1,1,1,1,1,1,1,1,1,1,1,1,1,1,1,1,1,1,1,1,1
26: 2,10,18,25,29,31,32,36,39,43,47,54,61,64,69,78,79,80,83,91,96,102,108,116,119,2,2,2,2,2,2,2,2,2,2,2,2,2,2,2,2,2,2,2,2,2,2,2,2,2,2,2,2,2,2,2,2,2,2,2,2,2,2,2
27: 0,4,5,11,13,33,34,40,46,62,63,65,71,97,112,124,0,0,0,0,0,0,0,0,0,0,0,0,0,0,0,0,0,0,0,0,0,0,0,0,0,0,0,0,0,0,0,0,0,0,0,0,0,0,0,0,0,0,0,0,0,0,0,0
28: 0,1,4,5,13,21,24,28,30,34,37,40,45,46,51,56,62,63,67,82,84,94,97,107,109,110,112,114,117,124,125,0,0,0,0,0,0,0,0,0,0,0,0,0,0,0,0,0,0,0,0,0,0,0,0,0,0,0,0,0,0,0,0,0
29: 3,8,23,42,53,60,88,98,100,115,3,3,3,3,3,3,3,3,3,3,3,3,3,3,3,3,3,3,3,3,3,3,3,3,3,3,3,3,3,3,3,3,3,3,3,3,3,3,3,3,3,3,3,3,3,3,3,3,3,3,3,3,3,3
30: 0,6,9,15,17,19,27,34,54,62,68,69,74,81,97,101,102,106,113,116,126,0,0,0,0,0,0,0,0,0,0,0,0,0,0,0,0,0,0,0,0,0,0,0,0,0,0,0,0,0,0,0,0,0,0,0,0,0,0,0,0,0,0,0
31: 1,21,25,29,30,32,36,37,39,47,51,61,67,83,84,91,94,117,119,125,1,1,1,1,1,1,1,1,1,1,1,1,1,1,1,1,1,1,1,1,1,1,1,1,1,1,1,1,1,1,1,1,1,1,1,1,1,1,1,1,1,1,1,1
32: 26,44,50,59,72,73,77,86,89,103,121,26,26,26,26,26,26,26,26,26,26,26,26,26,26,26,26,26,26,26,26,26,26,26,26,26,26,26,26,26,26,26,26,26,26,26,26,26,26,26,26,26,26,26,26,26,26,26,26,26,26,26,26,26
33: 1,2,10,18,25,29,30,31,32,36,37,39,43,47,51,54,61,64,67,69,78,79,80,83,91,96,108,117,119,1,1,1,1,1,1,1,1,1,1,1,1,1,1,1,1,1,1,1,1,1,1,1,1,1,1,1,1,1,1,1,1,1,1,1
34: 2,10,18,25,29,31,32,36,39,43,47,54,61,64,69,78,79,80,83,91,96,102,108,116,119,2,2,2,2,2,2,2,2,2,2,2,2,2,2,2,2,2,2,2,2,2,2,2,2,2,2,2,2,2,2,2,2,2,2,2,2,2,2,2
35: 6,9,15,17,19,20,27,68,74,81,93,101,102,106,113,116,126,6,6,6,6,6,6,6,6,6,6,6,6,6,6,6,6,6,6,6,6,6,6,6,6,6,6,6,6,6,6,6,6,6,6,6,6,6,6,6,6,6,6,6,6,6,6,6
36: 1,21,25,29,30,32,36,37,39,47,51,61,67,83,84,91,94,117,119,125,1,1,1,1,1,1,1,1,1,1,1,1,1,1,1,1,1,1,1,1,1,1,1,1,1,1,1,1,1,1,1,1,1,1,1,1,1,1,1,1,1,1,1,1
37: 2,10,18,25,29,31,32,36,39,43,47,54,61,64,69,78,79,80,83,91,96,102,108,116,119,2,2,2,2,2,2,2,2,2,2,2,2,2,2,2,2,2,2,2,2,2,2,2,2,2,2,2,2,2,2,2,2,2,2,2,2,2,2,2
38: 0,1,21,25,30,32,34,37,45,47,51,56,61,67,82,84,91,94,109,114,117,125,0,0,0,0,0,0,0,0,0,0,0,0,0,0,0,0,0,0,0,0,0,0,0,0,0,0,0,0,0,0,0,0,0,0,0,0,0,0,0,0,0,0
39: 14,26,44,50,52,59,72,73,76,77,86,89,103,121,14,14,14,14,14,14,14,14,14,14,14,14,14,14,14,14,14,14,14,14,14,14,14,14,14,14,14,14,14,14,14,14,14,14,14,14,14,14,14,14,14,14,14,14,14,14,14,14,14,14
40: 8,20,22,35,48,49,53,81,85,93,95,105,111,115,123,8,8,8,8,8,8,8,8,8,8,8,8,8,8,8,8,8,8,8,8,8,8,8,8,8,8,8,8,8,8,8,8,8,8,8,8,8,8,8,8,8,8,8,8,8,8,8,8,8
41: 1,2,10,18,25,29,30,31,32,36,37,39,43,47,51,54,61,64,67,69,78,79,80,83,91,96,108,117,119,1,1,1,1,1,1,1,1,1,1,1,1,1,1,1,1,1,1,1,1,1,1,1,1,1,1,1,1,1,1,1,1,1,1,1
42: 6,9,15,17,19,27,68,74,101,102,106,113,116,126,6,6,6,6,6,6,6,6,6,6,6,6,6,6,6,6,6,6,6,6,6,6,6,6,6,6,6,6,6,6,6,6,6,6,6,6,6,6,6,6,6,6,6,6,6,6,6,6,6,6
43: 3,8,23,42,53,60,88,98,100,115,3,3,3,3,3,3,3,3,3,3,3,3,3,3,3,3,3,3,3,3,3,3,3,3,3,3,3,3,3,3,3,3,3,3,3,3,3,3,3,3,3,3,3,3,3,3,3,3,3,3,3,3,3,3
44: 1,2,10,18,25,29,30,31,32,36,37,39,43,47,51,54,61,64,67,69,78,79,80,83,91,96,108,117,119,1,1,1,1,1,1,1,1,1,1,1,1,1,1,1,1,1,1,1,1,1,1,1,1,1,1,1,1,1,1,1,1,1,1,1
45: 2,10,18,25,29,31,32,36,39,43,47,54,61,64,69,78,79,80,83,91,96,102,108,116,119,2,2,2,2,2,2,2,2,2,2,2,2,2,2,2,2,2,2,2,2,2,2,2,2,2,2,2,2,2,2,2,2,2,2,2,2,2,2,2
46: 0,1,4,5,13,21,24,25,28,30,32,34,37,40,45,46,51,56,61,62,63,67,82,84,91,94,97,107,109,112,114,117,124,0,0,0,0,0,0,0,0,0,0,0,0,0,0,0,0,0,0,0,0,0,0,0,0,0,0,0,0,0,0,0
47: 0,1,4,5,11,17,21,27,30,34,40,45,54,62,67,69,71,82,84,94,97,112,114,117,0,0,0,0,0,0,0,0,0,0,0,0,0,0,0,0,0,0,0,0,0,0,0,0,0,0,0,0,0,0,0,0,0,0,0,0,0,0,0,0
48: 0,1,4,5,13,21,24,28,30,34,37,40,45,46,51,56,62,63,67,82,84,94,97,107,109,110,112,114,117,124,125,0,0,0,0,0,0,0,0,0,0,0,0,0,0,0,0,0,0,0,0,0,0,0,0,0,0,0,0,0,0,0,0,0
49: 2,10,18,25,29,31,32,36,37,39,43,47,51,54,61,64,69,78,79,80,83,91,96,108,119,2,2,2,2,2,2,2,2,2,2,2,2,2,2,2,2,2,2,2,2,2,2,2,2,2,2,2,2,2,2,2,2,2,2,2,2,2,2,2
50: 16,26,44,50,59,72,73,77,86,89,92,103,121,16,16,16,16,16,16,16,16,16,16,16,16,16,16,16,16,16,16,16,16,16,16,16,16,16,16,16,16,16,16,16,16,16,16,16,16,16,16,16,16,16,16,16,16,16,16,16,16,16,16,16
51: 8,20,22,35,48,49,53,81,85,93,95,105,111,115,123,8,8,8,8,8,8,8,8,8,8,8,8,8,8,8,8,8,8,8,8,8,8,8,8,8,8,8,8,8,8,8,8,8,8,8,8,8,8,8,8,8,8,8,8,8,8,8,8,8
52: 1,2,10,18,25,29,30,31,32,36,37,39,43,47,51,54,61,64,67,69,78,79,80,83,91,96,108,117,119,1,1,1,1,1,1,1,1,1,1,1,1,1,1,1,1,1,1,1,1,1,1,1,1,1,1,1,1,1,1,1,1,1,1,1
53: 12,38,41,55,57,75,104,118,120,122,127,12,12,12,12,12,12,12,12,12,12,12,12,12,12,12,12,12,12,12,12,12,12,12,12,12,12,12,12,12,12,12,12,12,12,12,12,12,12,12,12,12,12,12,12,12,12,12,12,12,12,12,12,12
54: 14,26,33,52,65,76,86,14,14,14,14,14,14,14,14,14,14,14,14,14,14,14,14,14,14,14,14,14,14,14,14,14,14,14,14,14,14,14,14,14,14,14,14,14,14,14,14,14,14,14,14,14,14,14,14,14,14,14,14,14,14,14,14,14
55: 20,22,35,48,49,81,85,93,95,105,111,123,20,20,20,20,20,20,20,20,20,20,20,20,20,20,20,20,20,20,20,20,20,20,20,20,20,20,20,20,20,20,20,20,20,20,20,20,20,20,20,20,20,20,20,20,20,20,20,20,20,20,20,20
56: 8,19,20,22,35,48,49,53,74,81,85,93,95,105,111,115,123,8,8,8,8,8,8,8,8,8,8,8,8,8,8,8,8,8,8,8,8,8,8,8,8,8,8,8,8,8,8,8,8,8,8,8,8,8,8,8,8,8,8,8,8,8,8,8
57: 20,22,35,48,49,81,85,93,95,105,111,123,20,20,20,20,20,20,20,20,20,20,20,20,20,20,20,20,20,20,20,20,20,20,20,20,20,20,20,20,20,20,20,20,20,20,20,20,20,20,20,20,20,20,20,20,20,20,20,20,20,20,20,20
58: 0,1,4,5,13,21,24,28,30,34,40,45,46,56,62,63,67,82,84,94,97,107,109,112,114,117,124,0,0,0,0,0,0,0,0,0,0,0,0,0,0,0,0,0,0,0,0,0,0,0,0,0,0,0,0,0,0,0,0,0,0,0,0,0
59: 4,13,40,46,56,58,63,70,90,99,109,112,124,4,4,4,4,4,4,4,4,4,4,4,4,4,4,4,4,4,4,4,4,4,4,4,4,4,4,4,4,4,4,4,4,4,4,4,4,4,4,4,4,4,4,4,4,4,4,4,4,4,4,4
60: 6,9,15,17,19,27,68,74,101,102,106,113,116,126,6,6,6,6,6,6,6,6,6,6,6,6,6,6,6,6,6,6,6,6,6,6,6,6,6,6,6,6,6,6,6,6,6,6,6,6,6,6,6,6,6,6,6,6,6,6,6,6,6,6
61: 6,8,20,22,35,48,49,53,81,85,93,95,105,111,115,123,6,6,6,6,6,6,6,6,6,6,6,6,6,6,6,6,6,6,6,6,6,6,6,6,6,6,6,6,6,6,6,6,6,6,6,6,6,6,6,6,6,6,6,6,6,6,6,6
62: 26,44,50,59,72,73,77,86,89,103,121,26,26,26,26,26,26,26,26,26,26,26,26,26,26,26,26,26,26,26,26,26,26,26,26,26,26,26,26,26,26,26,26,26,26,26,26,26,26,26,26,26,26,26,26,26,26,26,26,26,26,26,26,26
63: 1,4,5,11,13,21,24,28,40,45,46,56,58,62,63,66,67,71,82,84,87,90,94,97,99,107,109,110,112,114,117,124,1,1,1,1,1,1,1,1,1,1,1,1,1,1,1,1,1,1,1,1,1,1,1,1,1,1,1,1,1,1,1,1
64: 6,9,15,17,19,27,68,74,81,101,102,106,113,116,126,6,6,6,6,6,6,6,6,6,6,6,6,6,6,6,6,6,6,6,6,6,6,6,6,6,6,6,6,6,6,6,6,6,6,6,6,6,6,6,6,6,6,6,6,6,6,6,6,6
65: 1,4,5,11,13,21,24,28,40,45,46,56,58,62,63,66,67,71,82,84,87,90,94,97,99,107,109,110,112,114,117,124,1,1,1,1,1,1,1,1,1,1,1,1,1,1,1,1,1,1,1,1,1,1,1,1,1,1,1,1,1,1,1,1
66: 6,9,15,17,19,27,68,74,81,101,102,106,113,116,126,6,6,6,6,6,6,6,6,6,6,6,6,6,6,6,6,6,6,6,6,6,6,6,6,6,6,6,6,6,6,6,6,6,6,6,6,6,6,6,6,6,6,6,6,6,6,6,6,6
67: 1,21,25,29,30,32,36,37,39,47,51,61,67,83,84,91,94,117,119,125,1,1,1,1,1,1,1,1,1,1,1,1,1,1,1,1,1,1,1,1,1,1,1,1,1,1,1,1,1,1,1,1,1,1,1,1,1,1,1,1,1,1,1,1
68: 8,19,20,22,35,48,49,53,74,81,85,93,95,105,111,115,123,8,8,8,8,8,8,8,8,8,8,8,8,8,8,8,8,8,8,8,8,8,8,8,8,8,8,8,8,8,8,8,8,8,8,8,8,8,8,8,8,8,8,8,8,8,8,8
69: 12,38,41,55,57,75,104,118,120,122,127,12,12,12,12,12,12,12,12,12,12,12,12,12,12,12,12,12,12,12,12,12,12,12,12,12,12,12,12,12,12,12,12,12,12,12,12,12,12,12,12,12,12,12,12,12,12,12,12,12,12,12,12,12
70: 11,14,33,52,65,66,71,76,87,11,11,11,11,11,11,11,11,11,11,11,11,11,11,11,11,11,11,11,11,11,11,11,11,11,11,11,11,11,11,11,11,11,11,11,11,11,11,11,11,11,11,11,11,11,11,11,11,11,11,11,11,11,11,11
71: 0,1,21,25,30,32,34,37,45,47,51,56,61,67,82,84,91,94,109,114,117,125,0,0,0,0,0,0,0,0,0,0,0,0,0,0,0,0,0,0,0,0,0,0,0,0,0,0,0,0,0,0,0,0,0,0,0,0,0,0,0,0,0,0
72: 0,1,21,25,30,32,34,37,45,47,51,56,61,67,82,84,91,94,109,114,117,125,0,0,0,0,0,0,0,0,0,0,0,0,0,0,0,0,0,0,0,0,0,0,0,0,0,0,0,0,0,0,0,0,0,0,0,0,0,0,0,0,0,0
73: 6,9,15,17,19,27,35,68,74,81,101,102,106,113,116,126,6,6,6,6,6,6,6,6,6,6,6,6,6,6,6,6,6,6,6,6,6,6,6,6,6,6,6,6,6,6,6,6,6,6,6,6,6,6,6,6,6,6,6,6,6,6,6,6
74: 26,44,50,59,72,73,77,86,89,103,121,26,26,26,26,26,26,26,26,26,26,26,26,26,26,26,26,26,26,26,26,26,26,26,26,26,26,26,26,26,26,26,26,26,26,26,26,26,26,26,26,26,26,26,26,26,26,26,26,26,26,26,26,26
75: 1,4,5,11,13,21,24,28,40,45,46,56,58,62,63,66,67,71,82,84,87,90,94,97,99,107,109,110,112,114,117,124,1,1,1,1,1,1,1,1,1,1,1,1,1,1,1,1,1,1,1,1,1,1,1,1,1,1,1,1,1,1,1,1
76: 8,20,22,35,48,49,53,85,93,95,105,111,115,123,8,8,8,8,8,8,8,8,8,8,8,8,8,8,8,8,8,8,8,8,8,8,8,8,8,8,8,8,8,8,8,8,8,8,8,8,8,8,8,8,8,8,8,8,8,8,8,8,8,8
77: 6,8,9,15,17,19,20,22,27,35,48,49,53,68,74,81,85,93,101,102,105,111,115,116,123,6,6,6,6,6,6,6,6,6,6,6,6,6,6,6,6,6,6,6,6,6,6,6,6,6,6,6,6,6,6,6,6,6,6,6,6,6,6,6
78: 6,9,15,17,19,27,68,74,81,101,102,106,113,116,126,6,6,6,6,6,6,6,6,6,6,6,6,6,6,6,6,6,6,6,6,6,6,6,6,6,6,6,6,6,6,6,6,6,6,6,6,6,6,6,6,6,6,6,6,6,6,6,6,6
79: 12,38,41,55,57,75,104,118,120,122,127,12,12,12,12,12,12,12,12,12,12,12,12,12,12,12,12,12,12,12,12,12,12,12,12,12,12,12,12,12,12,12,12,12,12,12,12,12,12,12,12,12,12,12,12,12,12,12,12,12,12,12,12,12
80: 1,2,10,18,25,29,30,31,32,36,37,39,43,47,51,54,61,64,67,69,78,79,80,83,91,96,108,117,119,1,1,1,1,1,1,1,1,1,1,1,1,1,1,1,1,1,1,1,1,1,1,1,1,1,1,1,1,1,1,1,1,1,1,1
81: 3,8,23,42,53,60,88,98,100,115,3,3,3,3,3,3,3,3,3,3,3,3,3,3,3,3,3,3,3,3,3,3,3,3,3,3,3,3,3,3,3,3,3,3,3,3,3,3,3,3,3,3,3,3,3,3,3,3,3,3,3,3,3,3
82: 0,1,4,5,13,21,24,25,28,30,32,34,37,40,45,46,51,56,61,62,63,67,82,84,91,94,97,107,109,112,114,117,124,0,0,0,0,0,0,0,0,0,0,0,0,0,0,0,0,0,0,0,0,0,0,0,0,0,0,0,0,0,0,0
83: 6,9,15,17,19,27,68,74,81,101,102,106,113,116,126,6,6,6,6,6,6,6,6,6,6,6,6,6,6,6,6,6,6,6,6,6,6,6,6,6,6,6,6,6,6,6,6,6,6,6,6,6,6,6,6,6,6,6,6,6,6,6,6,6
84: 11,14,33,52,65,66,71,76,87,11,11,11,11,11,11,11,11,11,11,11,11,11,11,11,11,11,11,11,11,11,11,11,11,11,11,11,11,11,11,11,11,11,11,11,11,11,11,11,11,11,11,11,11,11,11,11,11,11,11,11,11,11,11,11
85: 0,2,10,17,18,25,27,29,31,32,34,36,39,43,54,61,64,69,78,79,80,83,91,96,108,119,0,0,0,0,0,0,0,0,0,0,0,0,0,0,0,0,0,0,0,0,0,0,0,0,0,0,0,0,0,0,0,0,0,0,0,0,0,0
86: 26,44,50,59,72,73,77,86,89,103,121,26,26,26,26,26,26,26,26,26,26,26,26,26,26,26,26,26,26,26,26,26,26,26,26,26,26,26,26,26,26,26,26,26,26,26,26,26,26,26,26,26,26,26,26,26,26,26,26,26,26,26,26,26
87: 12,38,41,55,57,75,104,118,120,122,127,12,12,12,12,12,12,12,12,12,12,12,12,12,12,12,12,12,12,12,12,12,12,12,12,12,12,12,12,12,12,12,12,12,12,12,12,12,12,12,12,12,12,12,12,12,12,12,12,12,12,12,12,12
88: 3,8,20,22,23,35,42,48,53,60,81,85,88,93,95,98,100,111,115,123,3,3,3,3,3,3,3,3,3,3,3,3,3,3,3,3,3,3,3,3,3,3,3,3,3,3,3,3,3,3,3,3,3,3,3,3,3,3,3,3,3,3,3,3
89: 6,9,15,17,19,27,68,74,101,102,106,113,116,126,6,6,6,6,6,6,6,6,6,6,6,6,6,6,6,6,6,6,6,6,6,6,6,6,6,6,6,6,6,6,6,6,6,6,6,6,6,6,6,6,6,6,6,6,6,6,6,6,6,6
90: 0,1,4,5,11,13,17,21,27,34,40,45,46,56,62,63,67,71,82,84,94,97,109,112,114,117,124,0,0,0,0,0,0,0,0,0,0,0,0,0,0,0,0,0,0,0,0,0,0,0,0,0,0,0,0,0,0,0,0,0,0,0,0,0
91: 14,26,33,52,65,76,86,14,14,14,14,14,14,14,14,14,14,14,14,14,14,14,14,14,14,14,14,14,14,14,14,14,14,14,14,14,14,14,14,14,14,14,14,14,14,14,14,14,14,14,14,14,14,14,14,14,14,14,14,14,14,14,14,14
92: 11,14,33,52,65,66,71,76,87,11,11,11,11,11,11,11,11,11,11,11,11,11,11,11,11,11,11,11,11,11,11,11,11,11,11,11,11,11,11,11,11,11,11,11,11,11,11,11,11,11,11,11,11,11,11,11,11,11,11,11,11,11,11,11
93: 12,38,41,55,57,75,104,118,120,122,127,12,12,12,12,12,12,12,12,12,12,12,12,12,12,12,12,12,12,12,12,12,12,12,12,12,12,12,12,12,12,12,12,12,12,12,12,12,12,12,12,12,12,12,12,12,12,12,12,12,12,12,12,12
94: 26,44,50,59,72,73,77,86,89,103,121,26,26,26,26,26,26,26,26,26,26,26,26,26,26,26,26,26,26,26,26,26,26,26,26,26,26,26,26,26,26,26,26,26,26,26,26,26,26,26,26,26,26,26,26,26,26,26,26,26,26,26,26,26
95: 2,10,18,25,29,31,32,36,39,43,47,54,61,64,69,78,79,80,83,91,96,102,108,116,119,2,2,2,2,2,2,2,2,2,2,2,2,2,2,2,2,2,2,2,2,2,2,2,2,2,2,2,2,2,2,2,2,2,2,2,2,2,2,2
96: 2,10,18,25,29,31,32,36,39,43,47,54,61,64,69,78,79,80,83,91,96,102,108,116,119,2,2,2,2,2,2,2,2,2,2,2,2,2,2,2,2,2,2,2,2,2,2,2,2,2,2,2,2,2,2,2,2,2,2,2,2,2,2,2
97: 1,2,10,18,25,29,30,31,32,36,37,39,43,47,51,54,61,64,67,69,78,79,80,83,91,96,108,117,119,1,1,1,1,1,1,1,1,1,1,1,1,1,1,1,1,1,1,1,1,1,1,1,1,1,1,1,1,1,1,1,1,1,1,1
98: 6,9,15,17,19,20,27,68,74,81,93,101,102,106,113,116,126,6,6,6,6,6,6,6,6,6,6,6,6,6,6,6,6,6,6,6,6,6,6,6,6,6,6,6,6,6,6,6,6,6,6,6,6,6,6,6,6,6,6,6,6,6,6,6
99: 3,8,23,42,53,60,88,98,100,115,3,3,3,3,3,3,3,3,3,3,3,3,3,3,3,3,3,3,3,3,3,3,3,3,3,3,3,3,3,3,3,3,3,3,3,3,3,3,3,3,3,3,3,3,3,3,3,3,3,3,3,3,3,3
100: 3,8,23,42,53,60,88,98,100,115,3,3,3,3,3,3,3,3,3,3,3,3,3,3,3,3,3,3,3,3,3,3,3,3,3,3,3,3,3,3,3,3,3,3,3,3,3,3,3,3,3,3,3,3,3,3,3,3,3,3,3,3,3,3
101: 1,4,5,11,13,21,24,28,40,45,46,56,58,62,63,66,67,71,82,84,87,90,94,97,99,107,109,110,112,114,117,124,1,1,1,1,1,1,1,1,1,1,1,1,1,1,1,1,1,1,1,1,1,1,1,1,1,1,1,1,1,1,1,1
102: 1,4,7,13,21,24,28,40,45,46,56,63,67,82,84,94,107,109,110,112,114,117,124,125,1,1,1,1,1,1,1,1,1,1,1,1,1,1,1,1,1,1,1,1,1,1,1,1,1,1,1,1,1,1,1,1,1,1,1,1,1,1,1,1
103: 2,10,18,25,29,31,32,36,39,43,54,61,64,69,78,79,80,83,91,96,108,119,2,2,2,2,2,2,2,2,2,2,2,2,2,2,2,2,2,2,2,2,2,2,2,2,2,2,2,2,2,2,2,2,2,2,2,2,2,2,2,2,2,2
104: 12,38,41,55,57,75,104,118,120,122,127,12,12,12,12,12,12,12,12,12,12,12,12,12,12,12,12,12,12,12,12,12,12,12,12,12,12,12,12,12,12,12,12,12,12,12,12,12,12,12,12,12,12,12,12,12,12,12,12,12,12,12,12,12
105: 3,8,20,22,23,35,42,48,53,60,81,85,88,93,95,98,100,111,115,123,3,3,3,3,3,3,3,3,3,3,3,3,3,3,3,3,3,3,3,3,3,3,3,3,3,3,3,3,3,3,3,3,3,3,3,3,3,3,3,3,3,3,3,3
106: 0,1,4,5,11,17,21,27,30,34,40,45,54,62,67,69,71,82,84,94,97,112,114,117,0,0,0,0,0,0,0,0,0,0,0,0,0,0,0,0,0,0,0,0,0,0,0,0,0,0,0,0,0,0,0,0,0,0,0,0,0,0,0,0
107: 3,8,20,22,23,35,42,48,53,60,81,85,88,93,95,98,100,111,115,123,3,3,3,3,3,3,3,3,3,3,3,3,3,3,3,3,3,3,3,3,3,3,3,3,3,3,3,3,3,3,3,3,3,3,3,3,3,3,3,3,3,3,3,3
108: 0,1,4,5,13,21,24,28,30,34,40,45,46,56,62,63,67,82,84,94,97,107,109,112,114,117,124,0,0,0,0,0,0,0,0,0,0,0,0,0,0,0,0,0,0,0,0,0,0,0,0,0,0,0,0,0,0,0,0,0,0,0,0,0
109: 12,38,41,55,57,75,104,118,120,122,127,12,12,12,12,12,12,12,12,12,12,12,12,12,12,12,12,12,12,12,12,12,12,12,12,12,12,12,12,12,12,12,12,12,12,12,12,12,12,12,12,12,12,12,12,12,12,12,12,12,12,12,12,12
110: 1,4,5,11,13,21,24,28,40,45,46,56,58,62,63,66,67,71,82,84,87,90,94,97,99,107,109,110,112,114,117,124,1,1,1,1,1,1,1,1,1,1,1,1,1,1,1,1,1,1,1,1,1,1,1,1,1,1,1,1,1,1,1,1
111: 6,9,15,17,19,27,68,74,81,101,102,106,113,116,126,6,6,6,6,6,6,6,6,6,6,6,6,6,6,6,6,6,6,6,6,6,6,6,6,6,6,6,6,6,6,6,6,6,6,6,6,6,6,6,6,6,6,6,6,6,6,6,6,6
112: 1,4,7,13,21,24,28,40,45,46,56,63,67,82,84,94,107,109,110,112,114,117,124,125,1,1,1,1,1,1,1,1,1,1,1,1,1,1,1,1,1,1,1,1,1,1,1,1,1,1,1,1,1,1,1,1,1,1,1,1,1,1,1,1
113: 12,38,41,55,57,75,104,118,120,122,127,12,12,12,12,12,12,12,12,12,12,12,12,12,12,12,12,12,12,12,12,12,12,12,12,12,12,12,12,12,12,12,12,12,12,12,12,12,12,12,12,12,12,12,12,12,12,12,12,12,12,12,12,12
114: 0,6,9,15,17,19,27,34,54,62,68,69,74,81,97,101,102,106,113,116,126,0,0,0,0,0,0,0,0,0,0,0,0,0,0,0,0,0,0,0,0,0,0,0,0,0,0,0,0,0,0,0,0,0,0,0,0,0,0,0,0,0,0,0
115: 2,6,9,15,17,19,27,31,43,64,68,74,78,79,80,81,96,101,102,106,108,113,116,126,2,2,2,2,2,2,2,2,2,2,2,2,2,2,2,2,2,2,2,2,2,2,2,2,2,2,2,2,2,2,2,2,2,2,2,2,2,2,2,2
116: 0,4,5,11,13,33,34,40,46,62,63,65,71,97,112,124,0,0,0,0,0,0,0,0,0,0,0,0,0,0,0,0,0,0,0,0,0,0,0,0,0,0,0,0,0,0,0,0,0,0,0,0,0,0,0,0,0,0,0,0,0,0,0,0
117: 12,38,41,55,57,75,104,118,120,122,127,12,12,12,12,12,12,12,12,12,12,12,12,12,12,12,12,12,12,12,12,12,12,12,12,12,12,12,12,12,12,12,12,12,12,12,12,12,12,12,12,12,12,12,12,12,12,12,12,12,12,12,12,12
118: 2,10,18,25,29,31,32,36,39,43,47,54,61,64,69,78,79,80,83,91,96,102,108,116,119,2,2,2,2,2,2,2,2,2,2,2,2,2,2,2,2,2,2,2,2,2,2,2,2,2,2,2,2,2,2,2,2,2,2,2,2,2,2,2
119: 0,4,5,11,13,33,34,40,46,62,63,65,71,97,112,124,0,0,0,0,0,0,0,0,0,0,0,0,0,0,0,0,0,0,0,0,0,0,0,0,0,0,0,0,0,0,0,0,0,0,0,0,0,0,0,0,0,0,0,0,0,0,0,0
120: 2,10,18,25,29,31,32,36,37,39,43,47,51,54,61,64,69,78,79,80,83,91,96,108,119,2,2,2,2,2,2,2,2,2,2,2,2,2,2,2,2,2,2,2,2,2,2,2,2,2,2,2,2,2,2,2,2,2,2,2,2,2,2,2
121: 0,4,5,11,13,33,34,40,46,62,63,65,71,97,112,124,0,0,0,0,0,0,0,0,0,0,0,0,0,0,0,0,0,0,0,0,0,0,0,0,0,0,0,0,0,0,0,0,0,0,0,0,0,0,0,0,0,0,0,0,0,0,0,0
122: 6,8,20,22,35,48,49,53,81,85,93,95,105,111,115,123,6,6,6,6,6,6,6,6,6,6,6,6,6,6,6,6,6,6,6,6,6,6,6,6,6,6,6,6,6,6,6,6,6,6,6,6,6,6,6,6,6,6,6,6,6,6,6,6
123: 8,20,22,35,48,49,53,81,85,93,95,105,111,115,123,8,8,8,8,8,8,8,8,8,8,8,8,8,8,8,8,8,8,8,8,8,8,8,8,8,8,8,8,8,8,8,8,8,8,8,8,8,8,8,8,8,8,8,8,8,8,8,8,8
124: 12,38,41,55,57,75,104,118,120,122,127,12,12,12,12,12,12,12,12,12,12,12,12,12,12,12,12,12,12,12,12,12,12,12,12,12,12,12,12,12,12,12,12,12,12,12,12,12,12,12,12,12,12,12,12,12,12,12,12,12,12,12,12,12
125: 0,4,5,11,13,33,34,40,46,62,63,65,71,97,112,124,0,0,0,0,0,0,0,0,0,0,0,0,0,0,0,0,0,0,0,0,0,0,0,0,0,0,0,0,0,0,0,0,0,0,0,0,0,0,0,0,0,0,0,0,0,0,0,0
126: 3,8,23,42,53,60,88,98,100,115,3,3,3,3,3,3,3,3,3,3,3,3,3,3,3,3,3,3,3,3,3,3,3,3,3,3,3,3,3,3,3,3,3,3,3,3,3,3,3,3,3,3,3,3,3,3,3,3,3,3,3,3,3,3
127: 16,26,44,50,59,72,73,77,86,89,92,103,121,16,16,16,16,16,16,16,16,16,16,16,16,16,16,16,16,16,16,16,16,16,16,16,16,16,16,16,16,16,16,16,16,16,16,16,16,16,16,16,16,16,16,16,16,16,16,16,16,16,16,16
