0.048963,0.507875,0.254269
0.374276,-0.502771,-0.492495
0.356683,-0.701423,0.053442
-0.374357,-0.774145,0.045481
-0.379735,-0.477115,0.062507
0.170471,-0.165470,-0.025608
-0.245490,-0.167836,-0.505580
-0.373803,-0.785629,-0.493009
-0.379522,-0.057419,0.188863
0.363288,-0.174833,-0.309914
-0.381240,-0.165470,-0.035671
0.369906,0.100729,0.202569
0.366917,-0.259806,0.044446
-0.348778,0.385068,0.226315
-0.045500,0.116260,0.192637
-0.015659,-0.165470,-0.002014
0.109507,-0.207392,-0.582933
-0.365357,-0.432137,-0.493305
-0.061497,-0.174833,-0.288011
0.369377,-0.222900,-0.586141
0.348360,0.381092,0.225017
0.128205,-0.151108,0.125910
0.365649,-0.790915,-0.471570
-0.350586,-0.174833,-0.259599
-0.374241,-0.121378,0.169892
-0.084080,-0.219990,-0.594947
0.378520,-0.251447,-0.488543
0.157954,0.229584,0.222071
0.110944,-0.165470,-0.271264
-0.114735,-0.105360,0.177009
-0.298677,0.155571,0.213506
-0.117214,0.340299,0.218559
-0.180729,0.558262,0.247468
-0.039044,-0.165470,-0.076184
-0.020863,-0.165470,-0.472444
0.379184,-0.491024,0.050806
0.164028,0.024554,0.198347
0.207070,-0.165470,-0.441572
0.380612,-0.171453,0.000669
-0.092550,-0.165470,-0.291690
0.201162,0.558466,0.245708
-0.357803,-0.266096,0.060335
-0.205263,-0.165470,0.026383
-0.171829,-0.174833,-0.181583
0.367905,-0.125647,0.171146
-0.367608,-0.606568,-0.469910
-0.357194,-0.260784,-0.482839
-0.366646,-0.174833,-0.081541
0.243977,-0.174833,-0.197007
0.326616,-0.044676,0.181127
0.168098,0.400741,0.225553
-0.361571,-0.211567,-0.587737
-0.381383,-0.167969,0.085937
-0.361047,-0.660762,0.065325
0.373981,-0.174833,-0.133178
-0.333561,0.529649,0.256789
-0.188048,0.026548,0.182257
0.305912,0.237712,0.213502
0.032990,0.347598,0.235725
0.227072,-0.172460,-0.521065
-0.234281,-0.165470,-0.345373
0.253768,-0.171752,0.097230
-0.367704,-0.165470,-0.428757
0.036988,-0.035722,0.180280
-0.152128,0.217572,0.220680
-0.191028,-0.183896,-0.525063
0.102574,-0.165470,0.004012
-0.263190,0.285477,0.228537
0.277356,-0.165470,-0.225943
0.379667,-0.648717,-0.477427
-0.209984,0.421208,0.227921
0.328000,0.524065,0.239822
0.034474,-0.174833,-0.192235
-0.179368,-0.162952,0.093849
-0.007685,0.244639,0.214511
-0.081103,0.455562,0.248216
0.347931,-0.174833,-0.449426
0.228195,0.141711,0.195582
-0.363562,0.080488,0.204819
0.001174,-0.155552,0.136913
0.376134,-0.385793,-0.491161
-0.238509,-0.098806,0.178286
0.066513,-0.174833,-0.407143
-0.106589,-0.174833,-0.379865
0.077062,0.125182,0.197130
-0.175149,-0.174833,-0.046761
-0.249613,-0.182606,-0.545215
-0.061921,0.002836,0.195834
-0.170049,-0.174833,-0.417230
0.000933,-0.224092,-0.587381
0.211498,-0.075093,0.186818
-0.311940,0.487578,0.251921
0.251767,0.443577,0.230509
0.258606,-0.174833,-0.348727
0.275457,-0.165470,0.015631
-0.284579,-0.165470,-0.144036
0.372555,-0.606135,0.045053
0.132736,-0.174833,-0.128433
-0.078291,-0.174257,0.082575
-0.292487,0.009532,0.180288
-0.270580,-0.157943,0.110760
0.050616,0.275933,0.211112
0.041232,-0.198738,0.053258
-0.109946,-0.165470,-0.253072
0.356631,-0.382358,0.053844
-0.380815,-0.181631,-0.543283
-0.356115,0.275769,0.224273
0.253096,0.035169,0.199576
-0.185559,0.117485,0.196010
0.085639,0.427539,0.241123
-0.378781,-0.243196,0.049056
-0.005140,-0.174833,-0.340213
0.258931,0.321081,0.232657
0.166213,0.315519,0.232013
-0.372423,-0.375022,0.068126
0.090025,-0.199057,-0.482583
0.226224,-0.174833,-0.120799
-0.081603,0.551368,0.242981
-0.263325,-0.174833,-0.310778
-0.102510,-0.174833,-0.050903
-0.259339,-0.165470,-0.076036
-0.284074,-0.174833,-0.049786
-0.099835,0.195095,0.201758
0.120752,-0.111930,0.171802
0.145676,-0.174833,-0.342372
-0.380973,-0.695279,-0.478737
0.122674,0.551875,0.243040
0.378799,-0.159575,0.105931
-0.315192,-0.071918,0.185407
-0.106858,0.063319,0.202833
0.047072,-0.174833,-0.080036
-0.378029,-0.349809,-0.490185
-0.357190,-0.513602,-0.480906
0.299658,-0.165470,-0.069194
0.366183,0.175009,0.199435
0.177347,-0.198826,0.053926
-0.048086,-0.174833,-0.179368
0.265410,-0.223466,-0.591608
-0.077948,-0.170348,-0.514660
-0.363578,0.182274,0.215141
0.072558,0.036181,0.199693
-0.038832,0.303615,0.214315
-0.149929,-0.062164,0.183560
-0.171535,-0.174833,-0.280117
-0.366053,-0.560609,0.044668
-0.348911,-0.165470,-0.171633
0.245279,-0.198820,-0.479337
-0.312894,-0.165470,0.031169
0.202188,-0.160725,0.102457
0.316595,-0.176526,-0.531972
0.151751,0.152034,0.213097
-0.178198,0.300057,0.213903
0.358651,-0.788850,0.063431
-0.132065,-0.198930,-0.480171
0.292134,-0.174833,-0.384740
0.070233,-0.174833,-0.234711
0.292721,0.117852,0.209143
0.358767,-0.725311,-0.474678
-0.040789,0.385411,0.223779
0.354930,0.020431,0.197871
0.142563,0.484646,0.249432
-0.215334,-0.161160,0.126691
-0.059568,-0.165470,-0.388849
-0.258922,-0.174833,-0.227032
-0.280727,0.378821,0.239337
-0.228027,0.190228,0.217516
0.009712,0.170904,0.203782
-0.080626,-0.165470,-0.134873
0.128476,-0.035156,0.180232
-0.313358,-0.197625,-0.487694
0.301307,-0.147559,0.132032
0.207942,0.222305,0.211261
0.154107,-0.165470,-0.464067
0.203608,-0.174833,-0.277049
-0.152415,0.483319,0.235107
0.001537,0.068671,0.203452
0.380612,-0.167708,-0.229317
0.354865,0.297902,0.223859
-0.081923,-0.174833,-0.173464
-0.258888,0.461589,0.232593
0.263033,-0.165470,-0.377059
0.229289,0.371357,0.222153
-0.130353,-0.165470,0.002220
0.063818,-0.174833,-0.325514
-0.040053,-0.078567,0.185915
0.178319,0.092079,0.206161
0.096437,0.337635,0.234572
-0.126751,0.280040,0.211587
-0.233432,0.505389,0.237661
-0.160313,-0.165470,-0.103740
0.307106,0.466153,0.233121
-0.141462,-0.193950,0.046545
0.258345,0.519351,0.239276
-0.379489,-0.165470,-0.366895
-0.142418,0.414659,0.227163
-0.207037,0.355707,0.230672
0.297785,0.046938,0.200938
-0.262312,0.090930,0.189706
0.271180,-0.122107,0.170760
0.360529,-0.563670,-0.472744
-0.307501,0.227182,0.221791
0.380612,-0.020622,0.183910
-0.077874,-0.145718,0.134956
-0.180985,-0.224229,-0.590876
-0.011433,0.548969,0.242703
0.051871,-0.103348,0.173039
0.040556,-0.193996,-0.546830
0.299846,-0.165470,-0.132851
-0.285040,-0.174833,-0.408072
0.189876,-0.208008,-0.583641
-0.009306,0.479385,0.234652
-0.228276,-0.021820,0.192981
0.380612,-0.165498,-0.388478
0.098945,-0.165470,-0.234424
0.319622,-0.193586,0.066559
-0.308329,-0.123763,0.172729
0.174747,-0.174833,-0.177132
-0.381383,-0.174710,0.034871
0.365013,-0.442427,-0.470234
0.060875,-0.154318,0.138956
0.072133,0.214825,0.220362
-0.312144,-0.181114,-0.542258
0.006079,-0.197811,0.061788
0.049880,-0.192533,-0.471092
-0.365118,-0.416782,0.067751
-0.003787,-0.018285,0.193391
0.379471,-0.198460,-0.554546
0.139685,0.378529,0.233992
-0.092435,-0.165470,-0.446037
-0.269780,0.557547,0.253644
-0.042163,0.171966,0.215403
0.202392,0.471790,0.250095
0.030233,0.553033,0.259494
-0.232526,-0.174833,-0.442852
-0.166763,0.149373,0.196468
0.129526,-0.165470,0.070897
-0.153172,-0.165470,-0.341823
0.023540,0.420430,0.240088
0.207915,-0.001832,0.195295
0.357768,0.272226,0.210683
0.220046,0.282017,0.228137
-0.363604,0.011396,0.180573
-0.381383,-0.174223,-0.487118
0.289621,0.397645,0.236772
0.116790,0.061238,0.202593
-0.083172,-0.174833,-0.325462
0.380480,-0.174833,0.071247
0.211074,0.058161,0.202236
-0.269910,-0.165470,0.007918
0.233998,-0.165470,-0.054417
-0.133356,0.533966,0.240968
-0.006467,-0.174833,-0.263218
0.378089,-0.303127,-0.474611
0.189239,-0.117025,0.165933
0.253909,0.189419,0.206476
0.111332,0.279768,0.219622
-0.326613,0.452098,0.231495
-0.102787,0.129340,0.210471
-0.313916,0.326386,0.226405
0.154212,-0.165470,-0.393344
-0.136423,-0.015751,0.179422
0.318671,-0.174833,-0.031497
0.044369,-0.174833,-0.290478
0.276980,-0.009107,0.194453
-0.222036,-0.165470,-0.236918
-0.215341,-0.165470,-0.127750
0.364387,-0.315917,0.067767
-0.326742,-0.165470,-0.329791
-0.305854,-0.165470,-0.123367
0.173137,-0.165470,-0.283320
0.300459,-0.195860,-0.473611
0.006905,0.123794,0.209830
0.025743,-0.174833,-0.001669
0.003441,-0.174833,-0.401320
0.140777,-0.174318,-0.526249
-0.028548,-0.174833,0.031601
0.122179,-0.174833,-0.065151
-0.220126,-0.174833,-0.019753
0.311550,0.347658,0.219411
0.362026,-0.546843,0.066667
-0.118014,-0.185151,-0.550218
-0.214110,0.219176,0.220865
0.216131,0.428436,0.228757
-0.042737,-0.200017,-0.556995
-0.072470,0.398661,0.225312
0.267439,-0.194871,0.065558
0.316446,-0.174833,-0.300453
-0.348516,0.124873,0.193634
0.136897,-0.174833,-0.193954
0.374487,-0.174833,-0.484637
-0.069262,0.262173,0.209520
-0.173527,-0.113863,0.167576
-0.134286,-0.140270,0.142675
0.372966,-0.426271,0.067582
0.262263,0.246086,0.207659
-0.270134,-0.197573,0.062364
-0.290523,-0.209223,-0.585040
0.304617,-0.174833,-0.268827
0.075168,0.184399,0.216842
0.312654,-0.165470,-0.188582
-0.088134,-0.039857,0.190895
0.009949,0.276725,0.219180
-0.360546,-0.717713,0.064899
0.206218,-0.174833,-0.386747
-0.244692,0.133010,0.210895
-0.034756,0.504720,0.253905
-0.262373,0.341313,0.228577
-0.315167,0.103818,0.207518
0.018227,-0.170816,-0.516079
-0.077172,-0.174833,0.025467
-0.380356,-0.467337,-0.486485
-0.168939,0.066641,0.203217
-0.361115,-0.557447,-0.472884
-0.200611,-0.198939,0.058029
0.331630,0.066566,0.203208
0.190089,-0.165470,-0.087891
-0.059552,0.342267,0.218787
0.380489,-0.646317,0.057340
0.066951,-0.174833,-0.136315
0.292759,0.298427,0.213714
0.225359,-0.174833,-0.167540
0.319120,0.176831,0.215967
0.025051,0.032868,0.199310
-0.357924,-0.232573,-0.486079
0.070027,-0.174833,-0.042600
0.272874,-0.063005,0.183696
0.176529,0.137510,0.211417
0.217254,-0.198295,-0.571184
-0.370072,-0.314323,0.044355
0.255291,0.087856,0.205672
-0.236245,0.480435,0.234773
0.361130,0.217914,0.210622
0.000323,-0.165470,-0.148205
0.130531,0.444873,0.230659
-0.261810,0.244892,0.214549
0.225407,-0.174833,-0.307628
0.085235,-0.174833,-0.371591
-0.187593,0.525001,0.256251
0.090009,-0.171839,-0.519183
0.099089,-0.069233,0.187496
0.296706,0.162549,0.214315
-0.287133,-0.017723,0.179443
-0.313425,-0.165213,0.079227
-0.305620,0.256252,0.225155
0.209325,-0.165470,0.015042
-0.314532,-0.165470,-0.454142
0.260143,-0.174833,-0.427210
0.182943,-0.199105,-0.481497
0.342630,0.447059,0.234028
-0.314459,0.049177,0.186070
-0.376075,-0.312473,-0.471920
-0.001547,0.320418,0.232580
-0.371738,-0.743877,-0.493686
-0.019936,0.435376,0.229560
-0.328668,-0.158516,0.131816
-0.232557,0.029029,0.198865
0.004570,-0.165470,-0.103839
-0.154558,0.351919,0.219903
-0.212907,-0.188990,-0.469961
-0.022058,-0.174833,-0.193094
-0.337664,-0.010154,0.179424
0.130496,0.101796,0.193726
0.363783,-0.174833,-0.085090
0.058559,-0.215937,-0.592407
-0.127290,0.042632,0.184118
0.232109,-0.152190,0.142097
0.194216,0.176547,0.215934
0.121735,-0.198763,-0.478902
0.132536,0.010367,0.196706
-0.218190,0.276270,0.219113
-0.297037,0.422479,0.228068
-0.296319,0.558558,0.244910
0.087584,-0.172767,0.092267
-0.005323,-0.162167,0.096915
-0.151867,-0.171541,-0.518276
0.058861,0.385909,0.223837
-0.315455,-0.165470,-0.009353
-0.046931,0.225650,0.221614
0.162525,0.536133,0.241218
-0.367386,-0.511101,0.044485
0.314898,-0.206520,-0.581930
0.185099,-0.165470,-0.231502
0.279943,0.557415,0.254778
-0.308214,-0.165470,-0.076390
-0.228560,-0.210178,-0.571448
0.358423,-0.165470,-0.183591
0.268423,0.142254,0.195645
-0.140158,-0.206505,-0.566575
0.045557,0.467553,0.233283
0.038651,-0.165470,-0.136165
-0.182501,-0.174833,-0.347628
0.075049,-0.003444,0.195108
0.268735,-0.174833,-0.011177
-0.093790,0.507509,0.252758
0.114014,-0.196209,0.048611
0.111265,0.391587,0.224494
-0.268856,-0.192404,-0.471050
-0.130713,-0.165365,0.077879
-0.308806,0.388847,0.240497
0.088427,-0.165470,-0.155073
-0.106521,0.241177,0.207090
0.314358,0.012889,0.180790
-0.071520,0.041511,0.183988
-0.122322,-0.165470,-0.200930
-0.165874,0.437664,0.229825
-0.305236,-0.165470,-0.226546
0.377544,-0.058531,0.182973
0.178238,0.272061,0.210663
-0.256303,-0.126792,0.157673
0.204246,-0.185279,0.068339
-0.008482,0.014005,0.197126
0.127350,0.195411,0.218117
-0.347044,-0.198783,0.059205
-0.230108,0.066725,0.203226
0.343499,-0.165470,-0.356792
0.228314,0.527462,0.256536
0.361896,-0.213683,0.066567
-0.080995,0.301907,0.222844
0.265783,-0.169398,-0.511250
-0.000438,0.376143,0.233645
-0.172157,0.262086,0.225830
-0.215473,-0.165470,-0.073740
0.059083,0.082270,0.205026
0.325775,-0.174833,0.007953
0.368804,-0.603992,-0.469744
0.274065,-0.174833,-0.108318
0.059712,0.417907,0.227538
0.100383,0.482562,0.249129
-0.221669,-0.165470,-0.279768
-0.064713,-0.174833,-0.019228
-0.270477,-0.066936,0.184430
-0.380349,-0.647052,-0.477213
-0.049221,-0.174833,-0.446808
0.005159,-0.118164,0.165205
0.236384,-0.183575,0.044762
0.040190,0.132457,0.210833
-0.147619,-0.174833,-0.229382
-0.203378,-0.166426,-0.499338
-0.180122,-0.016208,0.193631
0.210161,-0.174833,-0.356098
-0.266036,0.512735,0.238511
-0.282183,-0.181274,-0.517894
0.063218,-0.165470,-0.455352
0.081693,0.294031,0.229526
-0.214429,-0.165470,-0.182314
-0.165472,0.036260,0.199701
0.220578,0.325210,0.226234
-0.377192,-0.390362,-0.472777
0.127555,-0.165470,-0.432831
0.333483,-0.169903,0.104451
-0.075371,-0.116809,0.166652
-0.190110,0.479925,0.248745
-0.381136,-0.598054,0.054524
-0.278148,-0.174833,-0.349391
-0.128709,-0.174833,-0.096781
0.042758,0.243932,0.223730
-0.362287,0.228483,0.212211
-0.135945,0.183286,0.200392
-0.237872,0.436254,0.229662
0.260023,0.353184,0.236371
0.205495,0.373908,0.238769
-0.143792,0.099096,0.206972
0.307039,0.314002,0.231838
-0.065847,-0.198244,-0.477517
0.072570,0.548842,0.242689
-0.341690,0.417903,0.243860
-0.021234,0.082890,0.205097
0.191579,0.498594,0.236874
-0.195390,-0.073726,0.186976
0.207656,-0.029588,0.192083
-0.161925,0.509469,0.238133
-0.119939,0.446614,0.230860
-0.057873,0.070716,0.203689
0.257706,-0.174833,-0.273449
-0.296420,0.195365,0.201790
-0.381344,-0.165470,-0.136255
-0.245373,-0.165470,0.057646
0.008000,-0.165470,-0.061759
0.072914,0.469199,0.233474
0.172150,0.442253,0.243263
0.197968,0.127505,0.210260
0.116929,0.242183,0.214153
-0.027061,-0.181956,-0.519964
-0.222808,0.302178,0.230469
0.331000,-0.174833,-0.232364
0.327269,0.124390,0.209900
0.357287,-0.535325,-0.477314
-0.360596,-0.447446,0.047843
0.378391,-0.740965,0.049550
0.308735,-0.127428,0.169649
-0.201187,0.392633,0.240935
-0.087300,0.359213,0.237068
0.060457,-0.165470,0.041359
-0.052936,-0.165470,-0.225450
0.116456,-0.165470,-0.318316
-0.353684,0.328677,0.217778
0.235337,0.402236,0.225725
0.163173,-0.161338,0.100152
0.365076,-0.165470,-0.044650
-0.056638,0.480463,0.234777
0.120964,0.507607,0.237918
-0.153372,0.558636,0.244239
-0.188987,0.179439,0.216268
0.085837,-0.198921,0.058161
0.042443,0.309687,0.231339
0.149035,0.189961,0.201164
0.079033,-0.126823,0.170157
0.025889,-0.174833,-0.443081
-0.014483,-0.165470,-0.296956
0.247810,0.483977,0.249334
0.372738,0.061750,0.202651
-0.119925,0.379985,0.239472
0.129626,0.344721,0.235392
0.263443,0.281599,0.211767
0.009463,-0.079353,0.186369
0.152943,-0.192427,-0.562508
0.348374,-0.165470,-0.267201
-0.242193,0.382312,0.239741
0.380038,-0.339099,-0.485393
-0.358068,-0.616418,0.051835
0.003303,-0.192780,-0.563063
0.362421,-0.216386,-0.492409
-0.164310,-0.174833,-0.478319
-0.366878,-0.210047,-0.470007
-0.290587,-0.174833,-0.276252
-0.101679,-0.192557,-0.471107
0.335189,-0.191365,-0.493110
-0.207539,-0.165470,-0.407178
-0.133226,0.301616,0.230404
-0.163431,-0.165470,0.048083
-0.336619,-0.165470,-0.493339
-0.108321,-0.165470,0.056902
-0.330197,0.161062,0.214142
0.014841,0.504787,0.237591
-0.002555,-0.197671,-0.476134
0.367321,-0.687779,-0.493868
0.058368,-0.165470,0.009617
-0.291699,0.464488,0.249249
0.036659,0.176936,0.199657
0.311543,0.423584,0.228196
0.172207,-0.180731,-0.541500
-0.254835,0.219973,0.204637
0.282186,-0.190109,-0.558865
-0.349300,0.046419,0.200877
0.031020,-0.174833,-0.249920
0.348035,-0.165470,0.044737
-0.043926,-0.158091,0.110398
0.035993,-0.165470,-0.335360
0.376889,0.019166,0.181703
-0.285542,0.062108,0.187952
0.215066,-0.174833,-0.483424
0.189899,-0.141739,0.140800
0.218568,0.173086,0.204100
0.186767,-0.174833,-0.325699
-0.183435,-0.165470,-0.319580
-0.075731,0.199455,0.218584
-0.050167,-0.197456,0.062572
-0.138987,-0.174833,-0.163813
0.251300,-0.099713,0.180406
0.166414,-0.055993,0.189027
-0.023791,-0.165470,-0.384140
-0.344547,-0.174833,0.013996
-0.048392,-0.165470,-0.331078
0.184450,-0.165470,-0.123700
-0.343068,-0.174833,-0.390055
-0.324381,0.083818,0.188883
0.056125,-0.178230,-0.508056
-0.243439,-0.165470,-0.397505
-0.132260,-0.165470,-0.443815
-0.051201,-0.041898,0.180819
-0.083549,0.120470,0.209445
-0.315259,-0.165470,-0.191431
0.153787,0.067071,0.186946
0.079088,-0.042334,0.180867
-0.353882,0.107109,0.207899
0.379323,-0.342978,0.051141
0.283160,-0.174833,-0.314511
0.370098,-0.752175,-0.493801
-0.083210,-0.079154,0.186388
0.328162,-0.165470,-0.105459
-0.011276,-0.165470,0.059048
0.320520,-0.009003,0.179440
-0.376264,-0.174833,-0.180088
0.359253,-0.181741,-0.519312
0.350898,0.343599,0.228909
0.225574,0.099565,0.193402
0.358700,-0.463456,0.063495
0.295884,0.517305,0.254184
-0.089009,-0.165470,-0.086159
-0.260656,-0.174833,-0.185296
0.251710,-0.021043,0.193071
0.097200,-0.174833,-0.099007
0.157275,-0.096156,0.182092
0.050668,-0.165470,-0.385903
-0.203826,-0.129362,0.168023
0.255309,-0.193010,-0.545048
-0.117660,0.506576,0.237798
0.115512,0.141679,0.195578
0.155702,0.109517,0.191857
0.335675,0.481363,0.234881
-0.097473,0.010565,0.180408
0.298080,-0.172298,0.094823
0.195108,0.525864,0.255429
0.156438,-0.131976,0.152494
0.343638,-0.142532,0.139657
-0.286746,0.316711,0.224997
-0.320267,-0.195238,0.047534
-0.222907,0.104966,0.194188
0.307505,0.076775,0.188068
0.165269,-0.174833,-0.435575
-0.213604,-0.173352,0.089082
-0.342104,-0.174833,-0.116438
0.074618,-0.187999,-0.555228
0.018803,0.457107,0.248395
0.299846,-0.174833,-0.419458
0.146135,-0.174833,-0.274607
-0.324054,0.195532,0.218129
-0.292456,0.125294,0.193682
-0.039672,0.273897,0.218768
0.090762,0.078900,0.188314
0.217186,-0.165470,-0.208053
-0.208721,0.151243,0.196685
0.043955,0.007673,0.180146
-0.026033,0.042773,0.185138
0.024392,0.211991,0.209760
-0.352371,-0.165470,-0.207438
-0.166116,-0.192240,0.067281
-0.302145,-0.165470,-0.487615
-0.374418,-0.533677,0.067299
-0.212648,0.001497,0.179759
0.032082,0.087261,0.189281
-0.138686,0.257323,0.208958
-0.357357,-0.165470,-0.299533
-0.162529,-0.174833,-0.012111
-0.268292,0.178277,0.216133
-0.173426,-0.198075,-0.553942
-0.217745,0.540450,0.241718
0.167687,0.366826,0.221628
0.064385,0.351673,0.219875
-0.087646,-0.174833,-0.408269
-0.092825,0.421619,0.244289
0.311128,-0.174833,-0.340753
0.307383,0.366739,0.237940
-0.172129,-0.147208,0.132636
-0.034188,-0.115693,0.166625
-0.188147,0.403440,0.225865
0.028422,-0.164854,0.082401
-0.017034,0.152594,0.201119
0.274720,0.455568,0.245201
-0.125860,-0.174833,-0.314578
-0.056910,0.435501,0.229574
0.197792,0.345127,0.235439
-0.081668,0.160537,0.197760
-0.111275,0.093484,0.206323
-0.122400,-0.082717,0.183758
-0.146467,-0.165470,-0.376862
-0.207536,0.256085,0.216176
0.111775,0.318268,0.216010
-0.094370,0.283521,0.228311
-0.015826,-0.174833,-0.434439
-0.118650,-0.165470,-0.343660
-0.034613,-0.174833,-0.137365
-0.348371,-0.165470,0.063105
-0.248159,-0.174833,-0.150118
0.172803,-0.174833,0.016217
0.380001,-0.417519,-0.478232
-0.071760,-0.165470,-0.047757
-0.031111,-0.002559,0.195211
0.262419,-0.165470,-0.163512
0.345514,0.239185,0.223182
0.106035,-0.000017,0.179700
0.150174,0.411928,0.238851
-0.350131,-0.174056,-0.525568
0.289860,-0.165470,0.057396
-0.321589,0.295791,0.229729
0.094683,0.093051,0.206273
0.291447,0.022979,0.181844
-0.109183,-0.168033,0.110174
0.107845,-0.165470,0.048451
-0.253730,-0.174833,-0.259797
0.279115,-0.039297,0.190959
0.165235,0.472491,0.233854
0.321548,-0.174833,-0.461666
0.159363,-0.019598,0.179463
0.356701,-0.513755,0.059499
0.087458,0.250915,0.224539
0.366410,0.137027,0.198853
-0.232421,-0.165470,-0.307243
-0.013540,0.213375,0.209962
-0.019026,-0.165470,-0.231226
-0.084528,0.231454,0.222286
-0.336047,-0.123832,0.160439
-0.016030,0.186638,0.217101
0.079841,-0.165470,-0.186162
-0.026278,-0.193512,-0.492052
0.273027,0.108214,0.191706
-0.297217,0.357535,0.236874
-0.182952,-0.199133,-0.481709
-0.081640,-0.174833,-0.227548
0.224952,-0.165470,-0.016526
0.099700,-0.174833,-0.410258
0.029886,-0.133927,0.163800
0.231620,0.246840,0.224067
-0.179033,-0.165470,-0.130461
0.039926,-0.174833,-0.047040
-0.241128,0.344714,0.219070
0.224204,0.045690,0.185563
-0.044538,0.033816,0.199419
0.346948,0.043841,0.200579
0.142833,0.556167,0.259837
0.099962,0.528232,0.256625
0.333089,0.278525,0.227733
-0.341978,-0.165470,-0.053312
-0.305460,0.033943,0.199434
-0.108290,-0.137553,0.160292
-0.233466,0.557765,0.251766
-0.075356,-0.198101,-0.553983
0.292095,0.199146,0.207890
-0.021006,0.356760,0.220464
0.313113,0.550577,0.242889
0.243857,-0.165470,-0.088164
-0.157040,0.320137,0.232547
0.233009,-0.044270,0.181082
0.006826,-0.165470,-0.029379
0.226649,0.497052,0.253017
0.275069,0.418136,0.243887
0.248009,0.209753,0.219776
-0.380803,-0.174833,-0.230881
-0.016170,0.400990,0.225581
0.221294,0.458842,0.245677
-0.358180,-0.026814,0.192404
0.150089,-0.165470,-0.160793
-0.160597,0.379282,0.234101
0.372580,-0.576657,-0.493198
0.155939,-0.166324,-0.498883
0.146303,0.282521,0.220022
0.190696,0.067804,0.187030
-0.340228,0.482938,0.244536
-0.288024,-0.139143,0.144113
0.354022,-0.174833,-0.415550
0.132705,-0.174833,-0.236483
0.179382,-0.165470,0.073306
0.228818,-0.174833,-0.407403
-0.041401,0.557178,0.256827
-0.115320,0.473335,0.247786
-0.234308,-0.165470,0.015918
0.115185,-0.190872,-0.540810
0.359886,-0.489534,-0.473237
0.116227,0.034055,0.183126
-0.330925,-0.202611,-0.561072
0.020479,-0.165470,0.046099
-0.169833,0.004305,0.196004
-0.049269,-0.165470,-0.475501
-0.062834,-0.165470,0.058159
0.062356,-0.070249,0.185051
-0.116690,-0.048909,0.189847
-0.203553,0.074908,0.189814
0.273281,0.224042,0.211513
0.258664,0.387858,0.224062
0.358895,-0.626970,-0.489204
-0.357092,-0.665743,-0.481651
-0.346565,-0.174833,-0.354625
0.337841,-0.174833,-0.156610
-0.281714,-0.174833,0.044165
-0.066062,-0.174833,-0.102483
-0.380932,-0.282101,-0.478621
-0.378615,-0.206532,0.048839
0.007962,-0.047756,0.189981
-0.031901,0.332981,0.234033
-0.137226,0.131092,0.194353
-0.034541,0.458800,0.245671
-0.375715,-0.734496,0.046189
0.140380,-0.068205,0.184668
-0.292715,0.285744,0.212247
-0.239564,-0.174833,-0.098261
0.344852,-0.195858,0.048154
-0.080980,0.023318,0.198205
-0.229490,-0.145098,0.151694
0.347416,-0.207318,-0.567723
0.138305,0.049486,0.201232
0.223902,-0.108491,0.174722
-0.305489,0.521011,0.239468
-0.269265,-0.174282,0.082350
-0.354127,-0.142373,0.139891
0.380612,-0.167556,-0.444428
0.312093,0.266734,0.217725
0.345484,0.413469,0.235916
0.321510,-0.165470,0.070458
-0.335428,0.228545,0.205629
0.058199,-0.168144,0.109839
0.100806,0.218262,0.210673
0.336768,0.165117,0.198290
-0.246702,0.167632,0.203307
0.089225,0.160740,0.197783
0.161592,-0.174833,-0.107987
0.270058,0.169991,0.203649
0.205801,0.257411,0.208969
-0.077062,-0.174833,-0.359712
-0.363282,-0.360636,0.045816
-0.062029,0.536819,0.257023
0.342975,-0.029896,0.192048
0.194202,-0.168368,-0.507510
-0.040327,-0.174833,-0.253021
-0.244930,-0.165470,-0.471441
0.174086,-0.165470,-0.364450
0.277295,0.370096,0.222007
0.379095,-0.287425,0.062216
-0.329836,0.022912,0.198157
0.196297,0.410983,0.243058
-0.253092,-0.023474,0.179595
0.189469,0.019355,0.181425
-0.194441,0.507586,0.237915
-0.347515,-0.163208,0.092476
-0.256295,0.412225,0.238895
0.165744,0.427302,0.228626
-0.363756,-0.776659,0.067187
-0.185287,0.237369,0.206650
-0.195134,-0.174833,-0.438359
-0.205843,-0.189476,-0.557826
-0.361530,-0.690242,0.047111
-0.184355,-0.174833,-0.079787
-0.177577,0.097353,0.206771
0.234376,0.020184,0.197842
0.008361,0.528175,0.255765
-0.143369,0.073774,0.187721
-0.066973,0.275605,0.227395
-0.316856,-0.034737,0.180196
-0.243777,0.529160,0.256732
0.175017,0.557243,0.256262
0.105005,-0.029211,0.192127
0.039886,0.526704,0.240127
-0.263478,0.031911,0.199198
0.232170,-0.165470,0.071308
0.288768,0.324836,0.216770
-0.178930,0.337936,0.234606
-0.155579,-0.039864,0.190894
0.124280,0.160622,0.197770
0.040000,0.054161,0.186796
-0.366083,-0.726000,-0.470112
-0.236021,-0.198586,-0.485372
-0.120661,-0.224548,-0.587856
-0.367178,-0.594892,-0.493749
-0.263228,0.489438,0.250129
0.198485,0.295691,0.213398
-0.225015,0.452929,0.247912
-0.346272,-0.174833,-0.463895
0.122717,-0.174833,-0.385264
0.179448,0.226630,0.211890
0.243593,-0.165470,-0.224770
0.246097,-0.174833,-0.457755
0.111271,-0.174833,-0.489447
-0.202333,0.314598,0.215586
-0.245453,-0.174833,-0.041259
0.015748,-0.165470,-0.288005
-0.011558,0.508582,0.238031
0.357607,-0.569404,0.051085
-0.357852,-0.484639,0.052356
-0.089413,-0.012371,0.179393
-0.054745,0.516153,0.238907
-0.289992,0.231471,0.205967
0.289484,-0.174833,-0.041424
-0.365824,-0.198633,-0.493499
-0.372001,-0.537920,-0.493652
-0.118086,0.410615,0.238660
0.013591,-0.174833,-0.315725
-0.138129,0.048675,0.201138
0.075992,-0.165470,-0.078148
-0.370110,0.129340,0.205712
0.086305,-0.153678,0.120691
-0.041013,0.360491,0.237216
0.249318,0.549550,0.242770
-0.285159,0.092731,0.192408
-0.372745,0.033136,0.199340
0.025975,0.256848,0.208904
-0.162286,-0.174833,-0.453245
-0.108640,-0.193448,0.046160
-0.136891,-0.125277,0.171457
-0.217782,0.121890,0.209609
-0.289907,-0.165470,-0.316612
0.073141,0.321643,0.232722
-0.098707,0.398636,0.225309
-0.114300,-0.174833,-0.124801
0.138915,0.324642,0.216747
0.029890,-0.174833,-0.488958
0.047531,0.201041,0.218767
0.195206,-0.174833,-0.151612
0.318488,0.493006,0.250648
0.377331,-0.404982,0.048171
-0.324373,0.363934,0.221294
-0.205603,0.462847,0.246260
-0.108146,0.534936,0.257401
-0.380755,-0.497041,-0.478192
-0.203812,-0.031905,0.180015
-0.078999,0.099140,0.193340
-0.149111,-0.157504,0.111831
-0.064906,0.138758,0.199105
-0.248422,0.091484,0.206091
0.089003,0.507630,0.237920
-0.037091,-0.166707,-0.500599
-0.279296,0.258650,0.209112
-0.108233,0.317190,0.232206
-0.327790,0.137888,0.211460
0.311867,0.143966,0.195843
-0.106991,-0.179834,-0.513526
-0.315356,0.001263,0.195652
0.329575,0.148593,0.212700
0.238410,-0.165470,0.021349
0.094855,0.029188,0.182562
-0.358227,-0.219721,0.061358
0.186938,-0.089685,0.180138
-0.136164,0.438476,0.246239
-0.330962,-0.217082,-0.593598
0.379914,-0.549271,-0.485691
0.380344,-0.678549,0.058444
0.256491,0.067730,0.188770
0.174481,0.161930,0.197921
0.115746,-0.174833,-0.354080
0.091465,-0.174833,-0.453498
0.240972,0.057377,0.202146
-0.106686,0.039914,0.200125
-0.380421,-0.174833,-0.336304
0.052778,0.443783,0.246853
0.151646,-0.165470,-0.051457
0.062453,-0.165470,-0.268472
0.196800,0.311702,0.231571
-0.022525,0.525467,0.256305
-0.297530,-0.164449,0.119579
0.291264,0.440379,0.230139
-0.337332,0.348115,0.235784
0.126822,-0.174833,0.031192
-0.379956,-0.639662,0.050812
-0.015887,-0.097380,0.181516
0.370013,-0.174833,0.042886
0.242503,0.425459,0.244734
0.357664,-0.272072,-0.476404
-0.138809,0.015158,0.180939
0.157414,-0.193790,-0.471866
-0.155732,-0.101148,0.179601
-0.057237,0.313592,0.231790
0.074644,0.492181,0.250528
-0.362693,-0.398517,0.046218
-0.369345,-0.165470,-0.006454
0.028534,0.381561,0.239654
-0.319811,-0.174833,-0.252935
0.010303,0.345511,0.219163
-0.185661,0.448827,0.244220
-0.194972,0.276783,0.219188
-0.218065,-0.165470,-0.372240
0.010880,0.009395,0.180272
-0.116266,0.256380,0.225170
-0.158537,0.090579,0.189665
-0.007073,0.294424,0.213251
-0.235163,-0.189782,0.068196
0.137132,0.121399,0.209553
0.187896,-0.165470,-0.478420
-0.237171,-0.165470,-0.203691
0.256255,-0.165470,-0.301831
0.349112,-0.165194,0.079390
0.371906,-0.174833,-0.339837
-0.201879,-0.174833,-0.259833
0.263667,0.019101,0.181395
-0.182679,0.200748,0.218734
-0.226705,-0.046059,0.181280
-0.276093,0.429400,0.245189
0.102004,0.459191,0.232316
0.230690,0.554493,0.259594
-0.287113,-0.174833,-0.096010
-0.207454,0.045891,0.200816
0.004791,0.092419,0.189879
-0.253715,-0.165470,-0.369350
0.224941,0.202941,0.208444
0.345522,0.123161,0.196835
-0.280706,0.347572,0.219400
0.319539,-0.174833,0.045470
0.360945,-0.360484,-0.491292
0.063107,0.253537,0.224842
-0.274965,0.210290,0.219837
-0.163145,0.193564,0.207080
0.171748,0.192185,0.217743
0.318886,0.405418,0.237904
0.289974,0.496896,0.236678
-0.139393,0.339469,0.234784
0.009653,0.483548,0.249272
-0.028641,0.242917,0.223613
-0.050491,-0.165470,0.013726
-0.257827,0.062997,0.202796
-0.110715,-0.006270,0.194781
-0.329019,0.254643,0.208648
0.194487,0.450026,0.231255
-0.286394,-0.165470,-0.201336
0.129493,0.214635,0.204020
-0.185726,0.147457,0.212567
-0.120404,0.155143,0.197136
-0.379834,-0.575375,-0.475970
0.151941,0.446832,0.243930
0.282141,0.079508,0.204706
0.226478,0.080512,0.204823
-0.259125,-0.165470,-0.449289
-0.132085,0.391252,0.224455
0.018382,0.299838,0.230198
0.241616,0.153288,0.213243
-0.233147,0.247028,0.224088
0.302942,-0.177404,-0.505055
0.035231,-0.065976,0.184250
-0.082397,0.068355,0.187094
0.315831,0.047817,0.184718
-0.201067,0.377886,0.222908
0.346248,0.089822,0.191984
0.011399,-0.165470,-0.209097
0.333153,0.315792,0.232045
0.061765,0.151615,0.200976
0.210360,-0.165470,0.054367
0.314856,0.211133,0.219936
0.053851,0.107788,0.194599
-0.149176,0.240240,0.206982
-0.222563,-0.187504,-0.533701
0.253343,-0.165470,-0.484986
-0.023103,-0.188810,0.068323
0.037875,-0.001373,0.195347
-0.154349,0.282657,0.220043
0.157918,-0.165470,-0.317008
0.372055,-0.718765,0.067960
-0.240712,0.262841,0.209597
0.093518,0.398815,0.236943
