-0.154635,-0.455089,-0.295842
-0.811659,-0.274582,-0.331662
-0.401437,-0.201057,0.313211
-0.001647,0.286712,-0.009228
-0.597522,0.159424,-0.145148
0.528217,-0.215299,-0.290811
0.754488,0.341699,0.313211
-0.544930,0.518414,0.184535
0.490991,-0.398750,0.301464
0.333399,0.074315,-0.149782
-0.028530,0.315705,0.313211
-0.794591,0.097215,0.296366
0.778199,-0.452325,-0.131110
-0.206796,-0.233440,-0.299645
-0.748017,-0.453360,0.182357
-0.120916,-0.219295,-0.292757
0.803279,0.092361,0.025813
0.383744,0.500500,0.064156
-0.121404,0.269417,-0.116709
0.190874,-0.153579,-0.030724
0.035883,-0.198121,0.296294
-0.470486,-0.269802,0.040914
-0.576087,-0.222315,-0.294228
0.508817,0.448785,-0.116709
0.185444,-0.452780,-0.317337
0.803279,-0.509039,0.287979
0.317924,0.299871,0.303071
0.628453,-0.199539,-0.283137
0.821192,0.487065,-0.004896
0.294149,-0.238863,-0.302286
-0.794657,0.369593,-0.030724
0.803279,0.133527,0.124906
-0.812506,-0.182721,0.036653
-0.369870,0.407115,-0.030724
0.169125,0.518414,-0.090152
-0.419517,0.518414,-0.115827
-0.041931,-0.269802,0.206389
0.656920,-0.271565,0.060836
0.465830,0.005922,-0.030724
-0.204812,-0.102427,-0.030724
-0.659283,0.306774,0.295299
-0.748017,-0.489938,-0.139260
0.664095,0.261833,-0.009228
0.056386,0.065830,-0.009228
-0.180423,0.500500,0.175971
0.803279,-0.158455,0.290093
0.312447,-0.271565,0.180319
0.424717,0.411805,0.313211
0.067702,0.037083,-0.167912
-0.309687,0.358371,0.295299
-0.659336,-0.018720,-0.030724
0.136538,0.518414,0.216904
-0.714506,-0.205397,0.295299
-0.070865,0.493729,-0.116709
-0.794591,0.091804,0.058652
0.308008,0.295707,-0.009228
0.727845,-0.169932,-0.072482
-0.447352,-0.469805,-0.295842
-0.769513,-0.508021,-0.191183
-0.344289,-0.047019,-0.208866
0.533959,-0.484501,-0.317337
0.270121,0.250622,-0.116709
-0.042812,-0.269802,-0.104979
0.093851,-0.183892,-0.275517
0.603900,0.075822,-0.127152
0.414348,-0.215578,-0.290947
-0.402285,0.115343,-0.030724
-0.593571,-0.462521,-0.317337
-0.514921,0.370670,-0.030724
0.070939,0.500500,0.237617
-0.812506,0.494013,0.216430
0.391602,-0.269773,-0.064677
0.707960,-0.241095,0.313211
-0.737281,-0.205863,-0.156707
0.385013,0.493581,-0.116709
-0.344963,0.417703,0.295299
-0.748017,-0.487898,0.101090
0.648845,0.518414,0.199542
-0.696264,-0.124538,-0.106955
-0.748017,-0.452623,0.283434
-0.794591,0.254596,0.307946
0.634866,0.518414,0.068371
-0.404465,0.292564,-0.116709
0.756704,-0.406033,0.119044
-0.736136,0.500500,0.113401
-0.517897,-0.011276,-0.191461
-0.470682,-0.269773,-0.359992
-0.702642,0.250264,-0.009228
0.208214,0.299871,0.304790
-0.559613,-0.390533,0.295299
-0.413408,0.500500,0.065866
-0.222685,-0.381811,0.295299
0.247776,-0.390229,0.295299
0.803279,-0.160068,0.088110
0.634967,0.420997,0.295299
-0.276551,-0.271565,0.202375
0.793444,-0.269773,-0.285415
-0.260107,-0.227422,-0.296715
0.247458,0.500500,0.224159
-0.794591,0.155906,0.102247
-0.794591,-0.086213,0.204478
0.591038,-0.213266,0.313211
-0.164410,0.122777,-0.030724
-0.254354,-0.269773,-0.092721
-0.434851,-0.073479,-0.009228
0.322385,-0.039753,-0.205328
0.655771,-0.269802,-0.071091
-0.641244,-0.269802,0.078440
0.821192,0.358408,0.154954
-0.247852,-0.271565,0.106784
0.499725,0.416572,-0.009228
0.277198,0.051280,-0.009228
-0.717531,-0.271565,0.075772
0.811228,-0.269773,-0.093795
-0.010964,0.518414,0.108128
0.724408,-0.501764,-0.317337
-0.581083,0.518414,0.311914
-0.003911,-0.156866,-0.030724
0.217649,-0.198359,0.295299
0.267218,-0.027192,-0.009228
0.114938,-0.269802,0.069025
-0.646932,0.500500,0.312343
-0.249200,0.470775,-0.116709
0.010362,-0.439103,-0.295842
-0.228068,0.135239,-0.102966
-0.139264,0.440225,0.295299
0.133374,0.403198,-0.116709
0.163480,-0.269773,-0.127208
-0.120472,-0.011552,-0.191595
0.803279,0.144502,0.311801
-0.008440,-0.394313,0.293507
0.128892,0.400721,-0.009228
0.788025,0.518414,0.242871
0.151071,0.518414,0.114469
-0.737147,0.518414,0.240833
-0.602966,-0.269744,-0.112952
0.444088,0.199873,-0.009228
-0.183110,0.438159,-0.009228
-0.560377,0.106580,-0.030724
0.821192,0.316027,0.054563
-0.377986,-0.395558,0.313211
-0.686144,-0.269773,-0.352107
0.495819,-0.271565,0.195100
0.760905,-0.513395,0.079102
-0.428081,-0.231441,-0.298671
-0.812506,-0.024179,0.219178
0.463955,0.199622,-0.116709
-0.812506,-0.315718,0.232747
0.051285,0.215899,-0.116709
-0.806930,-0.374179,-0.009228
0.490057,-0.365808,-0.317337
-0.404234,0.089974,-0.142157
-0.250362,-0.182882,-0.030724
0.803279,-0.022432,0.212684
0.570405,0.274753,-0.109142
0.576459,-0.178539,-0.030724
0.756704,-0.384295,0.208153
-0.201757,0.282729,-0.030724
0.299491,0.394245,-0.009228
-0.794591,-0.288237,0.170311
0.124955,0.333239,-0.116709
0.149055,0.192410,-0.009228
-0.604850,-0.271565,0.236205
-0.084049,0.097469,-0.138507
0.744299,-0.026338,-0.009228
-0.665371,0.445925,-0.030724
0.352554,-0.271565,0.110670
-0.748991,0.108487,-0.030724
0.521182,0.518414,-0.065465
0.448933,0.518414,0.198776
0.200977,0.215590,-0.030724
-0.683640,-0.271565,0.240134
-0.299304,0.034595,-0.030724
0.155908,-0.292230,-0.340922
0.568211,-0.294130,-0.337028
-0.030549,0.440153,-0.030724
0.521683,-0.174614,-0.009228
0.665353,0.433032,-0.030724
0.654628,-0.395684,0.313211
-0.227790,-0.203512,0.313211
-0.742030,-0.215281,-0.060896
0.686735,0.131081,-0.009228
-0.553896,0.250673,-0.030724
-0.064616,-0.023964,-0.009228
0.821192,-0.383805,-0.029206
0.296202,0.430893,-0.116709
0.497759,-0.074972,-0.222478
-0.199040,0.344938,0.313211
-0.804075,-0.049730,-0.009228
-0.812506,0.234353,-0.004486
-0.411661,-0.269802,-0.131601
-0.794591,0.341711,0.185167
-0.286356,0.500500,0.102275
-0.471420,0.335888,0.313211
0.355419,-0.271744,0.313211
-0.302399,-0.381239,-0.295842
0.317264,-0.357201,-0.317337
-0.357615,0.500500,0.217891
-0.598595,-0.163628,-0.009228
-0.751939,-0.447533,-0.317337
-0.561718,0.456228,-0.108036
-0.021717,-0.047363,-0.209034
-0.001838,-0.269744,-0.242906
0.702653,0.500500,0.059017
-0.769513,-0.345958,-0.186603
0.099930,0.518414,-0.087500
0.508248,-0.269773,-0.186363
0.273373,0.500500,0.042193
-0.812506,-0.046875,0.088397
-0.355818,-0.221414,-0.009228
0.002684,-0.271565,0.044816
0.200647,0.440545,0.295299
0.084619,-0.014560,-0.030724
0.523527,0.332441,0.313211
0.361988,-0.145860,-0.030724
-0.116201,-0.208638,0.313211
0.546797,0.507382,0.313211
-0.812506,0.501413,-0.018298
0.168579,0.135239,-0.095835
-0.340482,0.262441,-0.009228
0.343009,-0.269773,-0.201654
0.713240,-0.140974,-0.179219
0.211455,-0.271565,0.029147
0.031048,0.319658,-0.116709
0.729921,-0.397965,-0.295842
-0.229938,0.068809,-0.152463
-0.578920,0.518414,0.030634
0.803279,-0.253228,0.200293
-0.466800,-0.271565,0.186460
-0.149216,-0.271565,-0.178278
0.383187,-0.269773,-0.359078
0.408961,0.096715,-0.030724
-0.124321,-0.244094,-0.030724
0.573685,0.054319,-0.009228
0.117309,-0.271565,0.274098
0.106640,0.395951,0.313211
-0.423102,0.431797,-0.030724
0.525891,0.500500,0.155424
0.803279,-0.261102,0.048190
0.163895,0.252980,-0.009228
-0.650027,-0.107096,-0.238120
0.098265,-0.271565,0.216693
0.803279,-0.042393,0.065255
0.697401,-0.269802,0.162702
-0.787350,0.404486,0.313211
0.396339,-0.473243,-0.308445
-0.702004,-0.200066,-0.283393
-0.455926,0.518414,0.309658
-0.469911,-0.407086,-0.317337
0.821192,-0.365961,0.310675
0.769955,-0.136266,-0.030724
0.186514,-0.086057,-0.227875
0.379971,0.500500,0.008732
-0.812506,-0.183837,0.306620
-0.561718,0.269510,-0.108012
0.353513,0.515480,0.313211
0.285353,0.500500,0.145941
0.370625,-0.090259,-0.030724
-0.753302,-0.398750,0.226559
0.570405,0.165555,-0.059158
-0.134311,0.518414,0.044604
-0.129583,-0.282093,0.295299
-0.225074,-0.100767,-0.235039
-0.756118,-0.513395,-0.005844
-0.261322,-0.269773,-0.358204
-0.341390,-0.271565,-0.239588
-0.192281,0.394830,-0.116709
0.721971,-0.269773,-0.198194
0.778199,-0.333913,-0.176467
-0.647084,-0.027026,-0.130592
-0.587983,-0.198121,0.303153
0.488434,0.032196,-0.170292
-0.052119,0.518414,0.207198
0.446624,-0.269802,0.006551
-0.550506,-0.221940,-0.030724
0.416124,0.340141,-0.116709
0.803279,0.245363,0.180864
0.635337,-0.051193,-0.210898
0.493510,-0.271565,0.060615
-0.403858,-0.117905,-0.243384
0.183567,0.072199,-0.009228
0.685854,-0.269773,-0.356609
0.034123,-0.335314,-0.317337
-0.284407,0.500500,0.279230
0.803279,-0.445077,0.057250
-0.761035,-0.398750,0.082151
-0.553558,0.392283,0.295299
-0.096959,-0.354969,-0.294050
0.754911,-0.284801,0.008790
-0.416793,0.025569,-0.009228
-0.616921,-0.346723,-0.294050
-0.056611,-0.142338,-0.255282
0.756704,-0.505728,-0.237645
0.591661,-0.271565,0.029073
0.522266,0.303178,-0.030724
0.196391,0.022813,-0.174861
0.122532,-0.393720,0.293507
-0.631957,-0.269802,-0.240652
-0.319008,0.171066,-0.130985
0.816961,0.500500,0.134783
0.451470,-0.280190,0.313211
-0.509310,-0.269773,-0.186277
0.619136,0.380046,-0.009228
-0.508824,0.502091,-0.009228
-0.794591,0.439584,0.109086
-0.674926,-0.398750,0.306891
-0.794591,0.201390,0.211045
-0.371056,0.431765,-0.116709
0.277873,-0.269773,-0.351297
-0.118462,-0.168617,-0.030724
-0.168657,-0.061037,-0.009228
-0.108420,-0.271565,0.083577
0.001438,0.182782,-0.030724
0.042459,0.506751,-0.009228
-0.303179,0.518414,-0.024520
-0.270859,0.190541,-0.009228
-0.756450,-0.513395,0.304598
0.592622,-0.271565,0.229876
-0.689565,0.518414,0.027032
-0.047609,0.426608,0.295299
-0.542091,-0.008226,-0.009228
-0.098605,0.367630,-0.009228
-0.626386,0.329893,-0.009228
-0.489133,-0.297257,0.295299
0.756594,0.381145,-0.030724
-0.794591,0.305026,0.088227
0.057598,-0.269802,-0.064765
-0.162928,-0.271565,0.215637
-0.812506,-0.271194,-0.060900
-0.202229,-0.154048,-0.260984
0.671536,-0.058284,-0.072259
0.803279,0.208783,-0.000707
-0.188033,-0.348989,-0.295842
0.282754,-0.465250,-0.301450
0.091196,-0.178253,-0.030724
-0.371674,0.518414,0.174100
0.598887,-0.269802,-0.175456
0.062349,-0.089392,-0.229500
0.750403,0.446089,0.295299
0.819384,-0.027693,0.313211
0.221766,-0.269773,-0.235625
-0.053479,0.115663,-0.009228
-0.505250,-0.142963,-0.255587
0.794646,-0.180937,-0.030724
0.197866,-0.269802,0.195623
0.310740,0.174052,-0.009228
0.510141,-0.269744,-0.073328
-0.438136,0.222832,-0.009228
0.286572,-0.210392,-0.009228
0.672357,0.514436,0.313211
0.508087,0.500500,0.043369
-0.337134,-0.121685,-0.030724
0.102364,-0.269802,-0.230398
-0.224625,-0.007468,-0.189607
0.558334,-0.087252,-0.030724
-0.146700,0.518414,-0.101466
-0.580779,0.070395,-0.151691
0.253118,0.167735,-0.159701
0.423681,0.364307,-0.030724
0.302316,-0.143099,-0.255653
0.754911,-0.298555,0.264574
-0.746225,-0.289038,0.139314
0.031433,0.437631,-0.116709
0.476381,-0.260423,-0.312784
0.803279,0.251362,0.108098
0.756487,0.254456,-0.030724
0.622405,-0.425045,-0.296563
-0.434116,-0.177427,-0.030724
-0.495041,0.518414,0.140315
0.776238,-0.513395,-0.035895
0.529795,0.099433,-0.009228
-0.029974,-0.269773,-0.358029
0.036118,0.359816,-0.030724
0.463985,0.329694,0.295299
0.821192,-0.300698,0.143659
-0.649863,0.164459,-0.009228
0.789827,-0.266054,0.295299
0.575383,-0.317889,0.293507
-0.367510,-0.269802,0.084422
-0.103241,0.244498,-0.009228
0.359724,-0.398750,0.296392
0.198697,0.453011,-0.030724
-0.812506,0.053876,0.158745
0.283604,-0.269744,-0.084748
0.182408,-0.327096,-0.301284
-0.335979,-0.294284,0.295299
-0.746225,-0.358189,-0.097510
-0.157914,-0.274500,-0.359694
0.646851,0.312476,0.295299
-0.107538,-0.271565,-0.207501
-0.147345,0.022704,-0.009228
0.117429,-0.198121,0.311269
0.286211,0.516535,0.313211
-0.211832,-0.271565,-0.001327
0.821192,-0.134054,0.212284
0.821192,-0.470751,0.189331
0.120177,0.205334,-0.116709
-0.048989,-0.456096,-0.317337
0.821192,-0.096444,0.050470
-0.719323,-0.269773,-0.070110
-0.397147,-0.331222,-0.295842
0.156408,0.518414,0.289095
-0.285492,0.273248,-0.116709
-0.812506,-0.182451,0.166099
0.621143,-0.269773,-0.232708
0.322619,0.315450,-0.116709
-0.534815,-0.365879,-0.295842
-0.473024,0.154933,-0.095213
0.821192,0.116842,0.229413
-0.277486,0.346088,-0.030724
0.644784,-0.005241,-0.108250
0.044634,0.500500,0.161939
0.821192,0.408596,0.045744
-0.528326,-0.086372,-0.030724
-0.187758,0.500500,0.279821
0.782097,-0.269773,-0.356110
0.024105,-0.304648,0.313211
-0.296775,-0.269773,-0.152763
-0.644382,0.518414,0.156088
0.350825,0.175928,-0.116709
0.803279,0.028981,0.101761
-0.308687,0.518414,-0.115873
0.575611,-0.271565,0.121134
0.776650,-0.346161,-0.315788
0.757861,-0.229447,-0.212174
-0.689538,-0.415007,-0.317337
0.470442,0.500500,0.295707
-0.794591,-0.478823,0.036374
0.292530,0.400899,0.295299
0.111037,-0.076473,-0.009228
-0.360884,-0.196350,-0.281584
-0.498431,-0.271565,-0.082673
-0.236617,0.510687,-0.030724
-0.159645,0.143311,-0.095213
-0.754881,-0.269773,-0.263527
0.081972,0.152477,-0.009228
-0.748704,0.336994,0.295299
0.194485,-0.292151,0.313211
-0.464193,-0.354616,0.293507
-0.430426,0.308737,-0.030724
-0.116105,0.373428,0.295299
0.315693,0.518414,-0.088945
-0.253242,-0.285175,0.293507
-0.671094,0.414299,0.313211
0.019975,0.117957,-0.128531
-0.579424,-0.077852,-0.223880
0.652106,-0.137692,-0.009228
-0.761832,-0.312970,0.313211
0.086114,-0.457823,-0.304288
-0.301755,0.121574,-0.009228
-0.468634,0.500500,0.065860
0.358031,0.008563,-0.030724
0.821192,0.213351,0.254977
-0.794591,-0.381355,0.300350
-0.751229,-0.342319,-0.295842
-0.086669,0.490520,-0.030724
-0.367406,-0.271565,0.204953
0.581206,0.160790,-0.153466
0.635515,-0.344885,-0.310529
-0.812506,0.028677,0.264449
0.203079,0.330698,-0.030724
-0.812506,-0.313369,0.076683
0.190872,-0.172200,-0.269824
-0.812506,0.431032,0.028498
0.754911,-0.316600,0.129409
0.803279,-0.348270,0.058884
0.406828,-0.305600,-0.297810
0.407907,-0.271565,0.154000
-0.595387,0.394521,-0.009228
-0.803892,-0.149398,-0.030724
-0.359152,-0.458091,-0.295842
0.455434,0.473420,-0.030724
0.003173,0.518414,-0.085131
0.440007,-0.064111,-0.030724
-0.097291,0.518414,0.296030
-0.421179,0.518414,-0.032128
-0.053773,-0.269773,-0.153011
-0.524289,0.368791,-0.116709
-0.262678,-0.050484,-0.030724
-0.740138,0.473479,0.313211
0.821192,0.303841,0.276496
0.787693,-0.083295,-0.030724
0.173048,-0.018198,-0.009228
-0.542239,-0.271565,0.159980
-0.357495,-0.269773,-0.068536
-0.271960,0.518414,0.181216
-0.564408,-0.269802,0.017564
0.734912,0.518414,0.162444
-0.769513,-0.276777,-0.174665
0.598180,-0.013239,-0.030724
-0.104057,-0.398359,0.293507
0.699136,0.327601,-0.030724
0.803279,-0.170905,0.164270
-0.065132,0.178866,-0.116709
0.645257,0.511028,-0.009228
0.365213,0.518414,0.227289
0.273065,-0.269802,0.066832
0.803279,0.446730,0.185595
0.756704,-0.397098,-0.219977
-0.395974,0.500500,0.298742
0.221412,0.370007,-0.116709
-0.812506,-0.102491,0.289710
0.277566,-0.269802,0.270910
-0.641342,-0.095064,-0.009228
-0.401112,0.325960,0.295299
-0.533287,0.191017,-0.009228
-0.704789,-0.498549,-0.295842
0.425355,-0.271565,-0.182404
0.094766,0.303677,-0.009228
-0.627881,-0.164559,-0.266103
0.072694,-0.269802,-0.183349
0.821192,0.299376,-0.025654
0.252767,0.368713,-0.030724
0.388618,-0.128621,-0.248602
0.228925,0.122160,-0.030724
0.725319,-0.242880,-0.304241
0.307854,-0.210996,0.295299
-0.405883,0.009255,-0.181464
-0.619029,-0.385635,-0.295842
-0.180736,-0.271565,0.124031
0.444773,0.518414,0.050178
-0.048418,-0.271565,0.114492
0.762333,-0.238315,-0.128491
0.087338,-0.276358,-0.295842
-0.660847,-0.200477,-0.030724
0.095115,-0.271565,-0.000552
-0.510841,0.069833,-0.151965
-0.593019,-0.277315,-0.355876
-0.408782,-0.269802,-0.224570
0.026278,0.477364,0.313211
-0.679153,-0.269773,-0.163788
-0.812506,-0.458551,0.223091
0.656864,-0.230945,-0.009228
0.512235,0.427337,0.313211
-0.564496,-0.290490,0.295299
0.756704,-0.437967,0.015760
-0.239668,0.425363,0.295299
-0.734720,0.438142,-0.009228
0.130926,0.043600,-0.009228
-0.636692,0.077868,-0.030724
-0.605886,0.032052,-0.030724
-0.426673,0.518414,0.180150
0.095460,0.124820,-0.125188
0.821192,0.485615,0.080603
-0.120653,0.042952,-0.165054
0.333942,0.088512,-0.009228
-0.092232,0.168434,-0.030724
-0.732817,0.197724,-0.030724
-0.748017,-0.301169,0.006936
-0.213694,0.079277,-0.009228
-0.343232,-0.269773,-0.330361
0.682024,0.500500,0.239873
0.821192,-0.367229,0.192063
-0.185436,0.211368,-0.030724
-0.436126,0.421402,0.313211
0.075083,0.461536,-0.009228
0.119425,0.458746,0.313211
-0.045373,-0.266151,0.313211
-0.453454,0.417693,-0.116709
-0.779294,-0.513395,0.213044
0.167000,0.257026,-0.116709
0.232480,0.098070,-0.138214
0.756704,-0.354027,0.256902
-0.794591,0.022421,0.052428
0.803279,0.049718,0.160031
-0.037260,0.500500,0.035081
0.454712,0.107598,-0.133575
-0.643603,-0.287753,0.313211
0.364658,-0.271565,-0.111483
0.697302,-0.342983,0.313211
-0.498050,0.066200,-0.030724
-0.293224,-0.198121,0.301516
-0.336077,0.500500,0.027074
0.805054,0.011277,-0.030724
0.744957,0.190650,-0.009228
-0.812506,0.112618,-0.019159
-0.338829,-0.031457,-0.009228
-0.812362,0.518414,0.074082
-0.766838,-0.434501,-0.030724
-0.274142,0.400045,-0.116709
0.445260,-0.139096,-0.030724
0.582397,0.312014,-0.009228
0.807830,0.138179,-0.030724
0.177763,0.500500,0.035227
-0.222419,0.518414,0.111214
-0.165496,0.518414,-0.027586
-0.391915,0.197474,-0.116709
-0.045283,-0.219977,-0.030724
-0.769513,-0.431288,-0.129341
-0.259622,-0.269773,-0.228991
-0.532556,-0.269773,-0.289782
-0.051469,-0.269773,-0.279370
0.653617,0.035681,-0.009228
-0.117908,-0.269773,-0.095568
-0.164439,0.322371,-0.116709
0.200096,0.500500,0.157287
-0.309225,-0.240622,-0.030724
-0.610653,0.518414,0.112027
0.327809,-0.269802,-0.003003
-0.794591,0.172876,0.300611
-0.746225,-0.319477,0.185847
-0.287570,0.448403,-0.009228
-0.454663,0.171066,-0.156475
-0.632537,-0.269802,-0.029241
0.492595,0.518414,-0.115336
0.179189,-0.228838,-0.030724
-0.812506,-0.129745,0.088587
-0.812506,-0.270177,0.026858
-0.470493,-0.318325,-0.294050
0.803279,0.406042,0.221171
0.076261,0.518414,0.067582
-0.812506,-0.226904,0.239919
-0.812506,0.340042,0.268520
0.663771,-0.410465,-0.317337
0.103149,-0.355757,-0.310173
-0.508869,0.500500,0.245562
0.273701,-0.269773,-0.158214
0.400179,0.159000,-0.095213
0.778199,-0.372504,-0.078008
0.410244,-0.057789,-0.214111
-0.442431,-0.250767,-0.030724
0.756704,-0.475337,0.165689
-0.103098,-0.075057,-0.222519
0.065696,0.333747,0.295299
0.431582,0.278168,-0.030724
0.191455,0.465441,-0.116709
0.638313,-0.276931,0.313211
0.356299,-0.269802,0.235217
0.386015,-0.391151,-0.295842
0.623012,0.114321,-0.030724
-0.486748,-0.198121,0.306822
0.510974,-0.242249,0.313211
0.729742,0.085474,-0.009228
0.063992,-0.271565,0.132650
0.013915,0.018916,-0.030724
0.533576,0.219604,-0.030724
-0.794591,-0.369224,0.156658
0.596915,-0.393617,0.295299
0.535090,0.518414,0.235577
0.248471,-0.370086,-0.295842
0.769284,-0.442768,0.313211
-0.491858,0.444970,0.295299
-0.268544,-0.439073,-0.295842
-0.322925,0.072911,-0.150466
0.313326,-0.334471,0.293507
0.276497,0.499266,-0.030724
-0.502441,0.518414,-0.103914
0.254017,0.156180,-0.095213
-0.724227,-0.103984,-0.030724
0.257044,-0.145886,-0.009228
-0.792679,-0.398750,0.029828
0.183558,0.371647,0.295299
0.391715,-0.269802,0.012257
-0.647454,-0.271565,0.155913
0.383880,0.343321,0.313211
-0.615005,-0.286677,-0.295842
-0.812506,-0.454165,0.094102
-0.540536,-0.269773,-0.082828
0.803279,-0.055839,0.137951
-0.322641,-0.269802,0.135717
-0.454947,0.227951,-0.116709
-0.273190,0.302211,0.295299
-0.407709,-0.294256,0.293507
-0.194979,-0.196776,-0.030724
-0.747413,0.518414,0.002800
0.551474,0.394393,-0.009228
-0.203004,-0.269773,-0.237382
0.591874,0.500500,0.245927
0.821192,-0.286175,0.247738
0.643361,-0.498368,-0.317337
-0.512436,-0.159010,-0.030724
0.740987,0.514766,-0.009228
-0.794591,0.229182,0.069471
0.213802,-0.081294,-0.009228
-0.383287,0.200538,-0.030724
0.373248,0.215716,-0.030724
0.603846,-0.269802,-0.050819
0.383388,-0.269773,-0.245169
0.740394,-0.271565,-0.079264
-0.046338,0.373736,-0.030724
0.348281,0.455316,-0.030724
0.821192,0.043491,0.262558
0.467265,-0.440534,-0.317337
0.387258,0.518414,0.133188
-0.321674,-0.103341,-0.236293
0.709238,-0.076731,-0.009228
0.791490,0.500500,0.311982
0.400482,-0.336637,0.293507
-0.562912,0.326081,-0.009228
-0.598041,0.171066,-0.050669
-0.261762,-0.318656,-0.295842
0.100675,-0.029988,-0.200572
0.580081,0.518414,0.048394
-0.748017,-0.336783,-0.125877
0.006431,0.518414,0.223984
0.533237,0.344363,-0.116709
0.009710,0.106806,-0.009228
-0.809869,0.023121,-0.030724
-0.098569,-0.088446,-0.030724
0.691722,-0.271565,0.245660
0.550305,-0.269802,-0.259414
-0.225392,0.005992,-0.030724
0.187823,-0.269802,0.094459
-0.437135,-0.271565,0.114391
0.250964,0.518414,-0.116370
-0.812506,0.135458,0.208553
0.821192,-0.244262,-0.025865
-0.794591,0.354758,0.117155
-0.430701,0.086694,-0.009228
-0.730195,0.357072,-0.030724
-0.597448,0.481579,-0.030724
-0.812506,0.427700,0.182646
-0.197130,-0.321771,-0.317337
-0.794591,0.312338,0.009410
0.815936,-0.269773,-0.150089
0.477141,0.116637,-0.030724
0.803279,-0.201818,0.028630
0.563912,0.518414,-0.007647
0.252032,0.356141,0.313211
0.703531,-0.182288,-0.274736
-0.045785,0.005929,-0.183083
0.143216,-0.269802,0.156800
-0.806333,0.500500,0.306599
0.355049,0.345381,-0.030724
0.509318,-0.324463,0.295299
-0.238596,0.388535,-0.009228
0.176240,-0.385296,0.293507
0.803760,-0.291048,-0.206721
0.411012,0.228266,-0.116709
-0.641321,-0.330864,0.293507
-0.084739,-0.305733,-0.317337
0.756704,-0.428059,0.240425
0.522037,0.018638,-0.009228
-0.084958,0.518414,0.088322
0.181889,-0.269744,-0.225521
-0.471077,0.294097,-0.009228
-0.794591,-0.015697,0.148347
0.020954,-0.056564,-0.030724
0.821192,-0.440711,0.126228
0.622276,0.017754,-0.177324
-0.183228,-0.275486,0.295299
0.803279,-0.214267,0.253680
-0.286704,-0.138174,-0.030724
-0.800735,-0.286623,-0.258560
0.076793,0.240560,-0.030724
-0.586738,0.312584,0.295299
-0.036409,-0.340963,0.293507
0.745075,-0.224275,-0.009228
0.398349,0.439606,-0.009228
0.664256,-0.271565,-0.134637
-0.478941,0.160306,-0.030724
-0.812506,-0.469171,0.309432
0.301323,-0.074032,-0.009228
-0.035646,-0.128810,-0.030724
-0.216219,-0.441816,-0.317337
-0.753956,0.041497,-0.009228
-0.528871,0.436493,-0.009228
-0.028194,-0.364318,-0.294050
-0.034514,0.424761,-0.116709
0.061934,-0.281255,-0.353262
0.464094,0.500500,0.131408
0.590808,0.352047,0.313211
0.487402,-0.269744,-0.122287
-0.769513,-0.486509,-0.269093
-0.285854,-0.373212,0.313211
-0.336915,0.361975,-0.116709
-0.572690,-0.269773,-0.179029
0.077446,0.518414,0.307361
-0.001662,0.061971,-0.155793
0.332477,-0.259937,-0.312548
-0.127988,0.171066,-0.136477
-0.624034,0.227255,-0.030724
-0.488145,-0.072478,-0.221263
-0.151856,0.324242,-0.030724
0.744939,0.518414,0.280103
0.493055,-0.066139,-0.009228
-0.812506,-0.022466,0.300083
-0.521781,0.184669,-0.116709
0.383270,0.467477,0.295299
-0.340055,0.335604,-0.009228
0.215647,-0.269773,-0.061407
-0.812506,0.284401,0.152368
0.225834,-0.230619,-0.298271
0.532916,-0.416548,-0.295842
0.203817,0.208625,-0.116709
0.821192,-0.400127,0.031413
0.111830,-0.119825,-0.244319
0.259302,-0.297685,-0.295842
0.625490,0.172553,-0.030724
-0.639875,-0.271565,0.015038
0.541122,0.113614,-0.130645
0.265211,-0.269802,0.142180
0.756704,-0.305657,-0.126962
0.663522,-0.287204,-0.295842
-0.161846,-0.271565,-0.002053
0.416312,-0.269802,0.065705
0.488617,0.349254,-0.030724
0.276130,0.458810,0.295299
-0.249798,0.209623,-0.116709
0.821192,-0.233871,0.108883
-0.810210,-0.484088,-0.030724
0.461310,-0.304812,-0.321085
0.040963,-0.269773,-0.126756
0.821192,-0.498119,0.041178
0.778199,-0.472595,-0.307135
-0.367680,0.482946,-0.030724
0.139242,0.167000,-0.159701
0.778199,-0.337659,-0.243425
0.126548,0.504583,-0.009228
-0.099532,0.067300,-0.030724
0.020032,0.518414,0.034781
0.450231,-0.221971,-0.030724
0.756704,-0.350710,0.001193
0.092459,-0.334132,0.295299
-0.218593,-0.269802,-0.172820
0.132501,-0.145066,-0.030724
-0.052844,-0.269802,0.002674
-0.775309,-0.239892,-0.009228
-0.794591,-0.418346,0.139056
-0.122990,-0.290801,-0.294050
0.719574,-0.305600,-0.310777
-0.466204,-0.271565,0.258674
-0.812506,-0.104405,0.037287
-0.290751,0.252308,-0.030724
0.305087,0.225352,-0.030724
-0.748017,-0.398520,-0.190002
-0.058121,0.297586,-0.116709
-0.682604,-0.269802,-0.265387
-0.001611,0.256354,-0.116709
-0.686055,0.103487,-0.030724
0.129485,0.456668,-0.030724
-0.306532,0.380868,-0.009228
-0.788049,-0.294577,-0.116187
-0.138504,0.518414,0.234389
0.803279,-0.073966,0.261611
-0.645926,0.518414,-0.022494
0.474648,-0.269802,-0.260846
0.483780,0.395243,-0.116709
0.616881,0.518414,0.300568
0.601053,0.471774,-0.030724
0.039504,-0.389498,-0.294050
-0.588890,-0.052665,-0.030724
0.754911,-0.321008,0.194925
0.463902,-0.271565,0.258892
0.564414,0.420255,0.295299
-0.397304,-0.393988,-0.294050
0.706953,-0.337438,-0.294050
-0.686636,-0.338115,-0.307360
-0.114073,-0.406590,-0.306410
-0.112783,0.518414,0.183803
-0.149151,-0.332759,0.313211
0.541978,-0.240858,-0.030724
0.204000,0.517436,-0.030724
-0.769513,-0.479733,-0.090337
-0.812506,-0.378441,0.236551
0.368347,-0.222412,-0.030724
0.695776,-0.106348,-0.121138
0.565915,0.506913,-0.116709
-0.586995,-0.003518,-0.187683
0.562846,-0.269773,-0.117876
-0.794591,0.253093,0.233341
-0.460235,-0.269773,-0.265038
0.803279,0.185956,0.170458
0.609367,-0.118295,-0.030724
0.798089,-0.294054,-0.039749
0.308934,-0.269773,-0.238094
0.426456,0.518414,-0.060168
-0.330112,-0.321455,-0.295842
0.220622,0.518414,0.083826
0.025839,-0.269802,0.194562
-0.503435,-0.205086,-0.285838
0.257041,-0.019513,-0.195472
0.229246,0.271385,-0.009228
0.821192,0.417812,-0.019810
0.800948,0.392643,0.313211
0.260674,0.032459,-0.170164
-0.525278,-0.443855,-0.317337
0.036245,-0.216956,-0.030724
-0.182309,-0.269773,-0.119890
-0.812506,0.433062,0.244775
0.543521,0.455341,-0.030724
0.803279,-0.353512,0.138365
-0.322445,-0.253306,0.313211
-0.801996,0.322439,0.313211
0.048711,-0.129848,-0.009228
0.251251,-0.242926,-0.030724
0.444956,-0.330528,0.313211
-0.812506,-0.510728,0.130346
-0.794591,0.372706,0.054017
-0.401109,-0.104012,-0.030724
-0.303600,-0.271565,0.067103
0.324703,0.500500,0.018506
-0.144102,0.395968,-0.030724
0.618775,-0.280472,-0.317337
0.565007,-0.083347,-0.226556
-0.716399,-0.356064,0.313211
-0.812506,-0.201479,0.106740
0.131109,0.058709,-0.157381
-0.176706,-0.282322,-0.295842
-0.696851,-0.271565,-0.015289
0.316690,0.011120,-0.030724
-0.036291,0.228761,-0.030724
-0.769513,-0.340743,-0.048461
0.255668,-0.323215,0.313211
-0.651151,-0.305600,-0.319953
-0.695605,-0.123231,-0.203673
0.145902,0.125917,-0.009228
0.541292,-0.344011,-0.295842
0.754911,-0.384832,-0.132289
0.212238,-0.269802,0.260176
0.034282,-0.251980,-0.308673
0.080697,-0.253896,0.313211
0.750917,0.500500,0.105157
0.710682,-0.263786,-0.030724
-0.157333,0.213345,-0.116709
0.014591,-0.266803,-0.030724
0.055131,-0.398750,0.301575
0.803279,0.261967,0.015761
0.551864,0.014197,-0.179057
-0.557807,-0.271565,0.080884
-0.219639,0.137716,-0.030724
-0.152455,0.317959,0.295299
0.221895,0.500500,0.285731
-0.501658,0.295928,-0.116709
0.596627,0.500500,0.114994
0.008992,0.166256,-0.158845
-0.732009,-0.264546,0.313211
-0.063180,0.297488,-0.030724
-0.022193,-0.300957,-0.295842
-0.162296,0.500500,0.107646
0.398815,0.066918,-0.153384
-0.088031,-0.332022,0.293507
0.803279,-0.396070,0.252693
-0.492791,-0.020398,-0.030724
0.221193,0.294421,-0.116709
0.803279,-0.106793,0.152730
-0.748017,-0.287185,-0.055828
0.130177,-0.414339,-0.301560
-0.748017,-0.311202,-0.239047
-0.660588,0.281766,-0.030724
0.145220,-0.269744,-0.054281
-0.703725,-0.197471,-0.009228
0.821192,-0.454984,0.255998
0.756704,-0.501910,-0.094470
-0.053634,-0.198121,0.303806
0.038698,0.414789,0.313211
-0.599553,0.067216,-0.091220
-0.335858,0.009888,-0.181155
-0.356226,0.098372,-0.009228
-0.794591,-0.143111,0.242155
-0.746225,-0.328671,0.063774
-0.748017,-0.389652,0.169481
-0.341214,-0.356273,0.293507
-0.262624,-0.269773,-0.034402
-0.138891,-0.141957,-0.255097
0.227726,-0.294396,-0.317337
0.803279,0.456485,0.259079
-0.518783,-0.271565,0.249012
0.636231,-0.340412,0.295299
-0.005498,0.518414,0.284923
0.473270,0.292337,-0.009228
0.473910,-0.203556,0.295299
0.424201,-0.355757,-0.309619
0.073601,0.402879,-0.116709
-0.330907,-0.073525,-0.030724
0.682077,-0.005383,-0.030724
-0.268504,-0.061088,-0.215717
-0.343774,0.509899,0.313211
0.249373,0.436015,-0.009228
0.704545,-0.166774,-0.009228
-0.605195,0.122978,-0.009228
0.009414,-0.269773,-0.181955
-0.473720,-0.269802,-0.126876
-0.555889,-0.146146,-0.030724
0.008558,-0.104684,-0.236946
0.701800,0.302983,0.313211
0.810058,-0.325658,-0.009228
-0.363282,0.018176,-0.030724
0.598766,-0.351150,-0.313462
-0.344514,0.518414,0.103230
0.778199,-0.447675,-0.225673
0.554648,-0.269802,-0.213226
0.153740,-0.269802,-0.194280
0.627457,-0.271565,0.152671
0.249333,-0.082676,-0.226229
0.425784,-0.269773,-0.325318
0.691169,-0.126865,-0.247748
0.224195,0.003406,-0.030724
0.727430,0.441947,-0.030724
-0.561718,0.403507,-0.074114
0.356226,-0.305600,-0.303426
0.821192,0.063052,-0.026596
-0.236692,0.332819,-0.009228
0.821192,0.036049,0.046309
-0.285193,0.128204,-0.123541
-0.786519,0.168497,-0.009228
-0.170484,-0.271565,-0.076032
-0.347862,0.299871,0.312790
-0.453839,-0.269773,-0.203102
0.517083,-0.294296,-0.295842
-0.530242,0.488869,0.295299
-0.401473,0.135239,-0.099333
0.261022,-0.269802,0.225582
0.723933,-0.387009,0.293507
0.202833,-0.269773,-0.166327
-0.159691,-0.045599,-0.208174
0.282345,-0.282800,0.313211
-0.746225,-0.387603,-0.278736
0.343831,-0.269773,-0.074608
0.309703,-0.129231,-0.009228
-0.240717,0.167346,-0.159701
-0.635597,0.518414,0.258617
-0.812506,-0.421387,-0.025972
0.726321,-0.271565,0.108589
-0.662074,-0.469434,-0.317337
-0.398237,-0.349319,0.293507
0.581248,0.195555,-0.009228
0.606712,0.268215,-0.030724
0.570405,0.340206,-0.067821
-0.017263,0.500500,0.168719
-0.579194,-0.402932,-0.317337
-0.149775,-0.382177,0.313211
-0.812506,-0.278519,0.278193
0.803279,0.234512,0.052776
