-0.084749,0.882999,-0.281850
-0.122075,-0.825474,0.241519
0.093427,0.330988,0.265002
0.033099,-0.200558,-0.246441
0.311337,0.907291,0.067397
-0.307152,0.851796,0.239249
0.295990,-0.422488,0.193957
-0.291741,0.322135,-0.130985
-0.269525,-0.213011,0.161083
0.178663,-0.828521,-0.230462
0.311337,0.344933,-0.248083
-0.294615,-0.616510,-0.274377
0.254511,0.032273,0.109040
-0.287745,0.349651,0.280415
0.000425,-0.741285,-0.080044
0.100457,0.792864,0.265002
0.295938,0.486659,0.138774
0.269741,-0.818282,0.101150
0.301297,-0.472389,-0.183134
0.241525,0.882463,-0.266438
-0.034535,0.477038,-0.281850
-0.307152,0.727876,-0.098032
-0.094117,-0.489699,0.257955
-0.241090,-0.028644,-0.156949
-0.023041,-0.828521,-0.045773
-0.046411,0.011892,0.237832
0.040751,0.145491,-0.258639
-0.287665,-0.591062,0.088807
-0.262585,-0.278261,-0.183846
-0.001712,-0.581530,-0.263964
0.288782,0.258345,0.070648
0.267900,-0.158295,-0.134371
-0.274673,0.101954,0.096605
-0.102646,0.570761,0.280415
0.311337,0.648406,-0.115808
0.144990,-0.647795,0.251391
0.103377,-0.232723,0.234471
-0.133476,-0.741285,-0.134195
0.211223,-0.684568,-0.246646
-0.291741,0.613780,0.192947
0.275830,0.082925,-0.237795
0.131314,-0.741285,0.002856
0.033903,0.407733,-0.281850
-0.194841,0.162707,-0.261136
-0.259901,-0.828521,-0.010819
-0.266335,-0.813584,-0.207526
0.197891,0.557825,0.280415
-0.021921,-0.783404,-0.249280
-0.292392,0.545800,-0.281850
0.143139,0.645073,-0.266438
0.305306,-0.603271,0.194220
0.211207,0.147611,0.243353
-0.127475,-0.383422,-0.264120
-0.301955,0.916196,-0.182589
-0.104265,0.910161,0.265002
0.311337,0.348632,0.251267
0.049072,-0.828521,0.203870
-0.127769,-0.741285,0.119406
-0.307152,0.522720,-0.007930
0.283516,-0.640683,-0.001479
-0.268714,-0.205390,-0.095463
-0.115721,-0.330429,0.243400
0.169233,-0.414209,-0.252496
0.299522,0.856207,0.280415
-0.292712,-0.431029,0.207358
0.295938,0.712294,0.099870
0.260322,-0.214401,0.088380
-0.291741,0.759083,0.094305
-0.154512,0.704086,-0.266438
-0.168418,-0.078979,0.233253
-0.297496,-0.476023,-0.084327
-0.074617,0.327617,0.280415
-0.279011,-0.557627,0.279527
0.291377,0.180402,-0.044246
0.145120,-0.046278,-0.218880
-0.270594,0.166020,0.004910
0.265071,-0.261395,-0.153448
0.268226,-0.827442,0.240144
-0.084601,-0.661567,0.249077
0.118881,-0.436501,0.253094
-0.133331,-0.129599,-0.226493
-0.210067,0.730729,0.265002
-0.258719,-0.111413,0.095380
-0.184819,0.373365,-0.266438
-0.104341,-0.632278,-0.255435
0.003428,0.115792,0.252898
0.311337,0.394223,0.132495
-0.293080,0.916196,-0.038189
0.295938,0.429593,-0.056941
0.278904,-0.398270,-0.002587
-0.277053,-0.654201,-0.084014
-0.228758,0.157930,0.259008
0.142896,-0.040374,0.217584
-0.307152,0.363663,0.094064
0.113961,-0.580769,-0.279751
0.263588,-0.828521,-0.036950
0.295938,0.913147,-0.097875
0.286301,0.532052,-0.281850
-0.264806,-0.822827,0.199146
0.262464,-0.235597,0.219262
-0.281872,-0.329108,0.030827
-0.282373,0.150222,-0.109591
0.183424,0.270669,-0.276792
-0.181494,0.573878,0.280415
0.304853,-0.606011,-0.182169
0.102229,0.821234,-0.281850
-0.264190,-0.826550,-0.081290
-0.064855,0.424968,0.265002
0.247862,-0.011587,-0.071599
0.219033,-0.374898,-0.248905
-0.072485,-0.335570,0.258059
-0.077399,0.746273,0.265002
-0.292061,-0.424910,-0.251723
0.292807,0.686601,0.265002
0.045965,-0.741285,0.157921
-0.012244,-0.005918,-0.236683
0.304131,0.709605,-0.281850
-0.072858,0.270190,-0.261593
0.109751,-0.828521,0.055298
0.304574,0.265744,0.274643
0.203269,-0.218954,-0.234656
-0.307152,0.746773,-0.228820
-0.061898,-0.828521,0.090893
-0.015088,0.626353,-0.266438
0.208094,-0.741285,0.175254
0.264124,-0.122787,-0.008272
0.025992,0.616747,0.265002
0.261619,-0.828521,-0.111896
0.106962,-0.741285,-0.219894
-0.291741,0.439839,-0.173417
-0.236493,-0.705192,0.241744
0.188795,0.476276,-0.266438
-0.168324,-0.517288,-0.277061
0.055913,-0.643381,0.268901
0.189031,0.083381,-0.249633
-0.257788,-0.003896,-0.029420
-0.056060,-0.196867,0.244650
-0.074339,0.050329,-0.231462
-0.236436,0.915565,-0.266438
-0.292267,0.269770,-0.276662
0.311337,0.785503,-0.025572
0.195943,-0.038048,-0.232024
0.246437,-0.537875,0.262357
-0.144065,0.613589,-0.281850
-0.246090,-0.741285,0.038504
-0.307152,0.599058,-0.141868
0.029495,-0.369615,-0.248421
-0.110547,0.170788,0.260873
0.295210,0.300741,-0.106050
0.261230,0.076594,0.008325
-0.259894,-0.165576,-0.243059
-0.307152,0.449890,0.172198
0.288898,-0.497157,0.102239
0.174585,0.621066,0.265002
0.110792,-0.828521,-0.079242
-0.300331,0.916196,0.088525
0.177755,0.915879,0.280415
0.074592,0.482019,0.280415
-0.291741,0.633236,0.068077
-0.148960,-0.270619,-0.239377
0.242161,-0.548926,-0.280120
-0.114553,-0.828521,-0.174403
0.064360,-0.741285,-0.150454
0.280445,-0.753571,-0.244551
-0.170822,0.470008,-0.266438
0.311337,0.800984,-0.202545
-0.013808,0.767802,-0.281850
0.198184,0.432097,0.265002
-0.307152,0.641938,0.012743
-0.278602,-0.739420,0.114211
0.198663,0.209111,-0.253222
0.295938,0.552927,0.019188
-0.182744,-0.719038,-0.258959
-0.285766,0.266124,0.182376
0.060763,0.293973,-0.280172
0.295938,0.527220,-0.157552
-0.291741,0.673132,0.206933
-0.298057,0.510807,0.280415
-0.063153,-0.741285,0.035843
0.293574,0.194173,-0.166282
-0.244861,-0.314740,0.241966
-0.257341,-0.006693,0.166544
-0.168518,-0.013794,-0.235541
0.288763,-0.354513,0.104072
-0.090312,0.362475,-0.266438
0.310017,0.476504,0.280415
-0.281550,-0.465953,0.040752
-0.268822,-0.339997,-0.085118
0.261557,-0.098648,0.228874
0.002186,-0.331576,-0.244946
-0.254854,-0.201749,-0.001281
0.089254,-0.151128,-0.228459
-0.207189,-0.464490,0.270523
0.305363,-0.510630,-0.051548
0.094777,0.530156,-0.266438
-0.109405,0.799824,-0.266438
0.139942,-0.828521,0.102363
-0.059490,0.200888,0.250656
0.016655,-0.095007,0.234802
0.164421,-0.255977,-0.238039
0.277538,0.184174,0.161371
-0.179203,0.044532,0.242565
0.295938,0.584376,0.222200
-0.192635,0.414864,0.265002
0.055255,0.912551,0.265002
-0.305887,-0.554916,-0.168562
0.295938,0.830585,0.158624
-0.307152,0.651606,-0.190543
-0.212301,0.869819,0.265002
-0.305119,-0.579108,-0.007051
0.085152,-0.828521,-0.201198
0.109659,0.206836,0.251471
0.311337,0.663797,-0.022574
-0.299408,0.257004,-0.024680
0.237385,-0.692376,0.243899
0.248700,-0.099406,0.130044
-0.291741,0.383110,-0.036145
0.065972,0.074330,0.233307
0.262572,-0.254840,-0.251689
0.021871,-0.505795,0.259426
-0.054519,-0.466594,-0.257282
0.020555,0.718547,0.280415
0.268304,0.035737,0.217724
0.281292,-0.284244,-0.040963
0.221599,-0.359456,0.246052
-0.284397,-0.494133,0.162306
0.266629,-0.741115,0.078502
-0.258460,-0.108976,-0.200734
-0.268494,0.063217,-0.197068
0.003397,-0.779846,0.248380
0.210755,0.774752,-0.281850
0.233985,-0.741285,-0.114468
0.304842,0.264821,-0.275016
-0.025495,0.305943,0.265002
0.295938,0.772084,-0.092202
0.185000,0.908992,-0.266438
-0.213186,-0.188075,0.243800
-0.307152,0.769171,0.209902
0.063728,-0.354620,0.245611
-0.282364,0.243679,0.084658
0.311337,0.389303,0.030587
-0.120347,-0.719562,0.239329
0.218863,0.339421,0.280415
-0.150944,-0.828521,0.002483
-0.143756,0.703505,0.265002
-0.187337,-0.828521,0.117244
-0.267720,-0.329084,0.133856
0.227038,0.629772,-0.266438
-0.167011,0.265565,0.259522
-0.167529,-0.741285,-0.028032
-0.307152,0.812719,-0.032804
0.217097,0.770710,0.280415
-0.153137,-0.581616,0.278189
-0.282148,-0.717985,-0.228199
0.311337,0.552024,-0.106240
-0.274701,0.193119,-0.160531
0.032574,0.896228,-0.266438
0.163144,-0.780877,0.248225
0.311337,0.796080,0.034320
-0.236293,0.795390,-0.281850
0.295938,0.619399,-0.236171
0.306378,0.274457,-0.004708
-0.280404,-0.634262,0.172664
-0.291741,0.520381,0.075621
0.279351,-0.265990,0.175732
0.087295,0.043418,-0.230515
0.158272,0.377400,-0.281850
0.125976,-0.557586,0.279522
-0.061739,0.146713,-0.244671
-0.052073,-0.222333,-0.248546
-0.137118,-0.040983,0.217500
0.137163,0.693351,0.265002
0.276495,-0.374429,-0.141249
-0.307152,0.794212,-0.176683
-0.300074,0.420502,-0.281850
-0.098936,-0.392626,0.249083
0.295938,0.311113,0.164667
-0.252187,0.044571,-0.084706
-0.258305,-0.107520,-0.121176
-0.049797,0.829904,0.265002
0.185564,-0.256368,0.236631
0.282081,-0.614746,-0.258382
-0.059774,-0.828521,-0.140163
-0.050177,-0.130051,-0.226534
-0.232581,0.652685,-0.281850
0.064917,-0.482903,-0.273738
0.311337,0.605698,0.115166
0.028140,-0.686995,-0.246238
-0.258461,-0.531379,-0.263201
-0.282794,0.246512,0.252867
0.299851,-0.458788,-0.265915
0.311337,0.454370,-0.170015
0.256476,-0.176344,-0.035291
0.069293,0.710120,-0.281850
-0.263855,-0.159708,0.133311
0.302390,-0.620905,0.272214
-0.154034,-0.791254,-0.248100
0.285392,0.142875,0.080230
-0.270562,0.165806,0.161008
0.311337,0.787721,0.279620
0.008364,-0.265941,0.237507
0.293296,-0.582529,0.082866
0.258579,0.059109,-0.144883
0.311337,0.741397,0.205991
-0.224062,-0.418381,-0.267500
-0.280080,-0.730487,-0.051258
-0.182655,0.081952,-0.235796
0.133510,-0.150871,0.240203
-0.187426,0.267287,-0.261195
-0.250072,0.030621,0.055198
0.219770,0.223403,0.268502
0.267308,0.441299,-0.281850
0.244778,-0.031935,0.033630
0.311337,0.894054,-0.210333
-0.287673,-0.383655,-0.157382
0.021690,-0.085878,-0.222498
-0.182955,-0.601959,-0.276564
0.218097,0.822237,0.280415
0.277657,-0.675532,-0.086272
-0.291741,0.704658,0.017300
-0.291741,0.360343,-0.243687
-0.215258,-0.741285,0.107561
-0.072309,0.572700,-0.281850
0.149463,-0.741285,0.077078
-0.237826,0.657023,0.265002
-0.016368,0.569033,0.265002
0.050651,-0.741285,-0.004420
0.158867,0.034315,0.227822
0.266401,-0.144205,-0.216293
-0.197841,-0.195970,-0.232557
-0.307152,0.725981,0.192508
-0.050901,-0.555872,0.264003
0.200976,-0.828521,-0.153036
0.211922,-0.461010,0.255333
0.277907,0.095945,0.162997
-0.197880,0.123412,0.254003
0.298266,-0.443878,0.103745
0.295938,0.893351,-0.026286
-0.268771,-0.703472,0.211970
0.296589,0.916196,0.197653
0.291007,-0.518026,0.213857
0.048627,-0.828521,0.010347
-0.232712,-0.741285,-0.130447
-0.049138,-0.741285,0.183040
0.204755,-0.741285,-0.162922
-0.273567,-0.251024,-0.145544
0.052211,-0.005559,0.235300
0.258602,-0.070855,-0.140523
-0.254031,-0.322890,-0.244153
-0.291741,0.539340,-0.213880
0.014228,-0.707893,0.259200
-0.221108,-0.828521,0.229554
-0.056267,-0.828521,0.176847
-0.307152,0.870404,-0.129419
0.222200,-0.779775,-0.249826
0.273151,-0.702322,0.171348
-0.301178,-0.510639,0.249634
-0.253671,0.054363,0.202739
-0.292045,-0.424761,-0.018607
-0.292321,-0.656482,-0.167097
-0.206966,0.494635,0.265002
0.202036,-0.828521,0.035558
0.295938,0.473804,0.067981
-0.059707,0.655284,0.280415
-0.183417,-0.828521,-0.103437
0.126679,-0.659538,-0.267906
0.145935,-0.318035,0.256364
0.128217,0.112622,0.238557
-0.291741,0.353172,0.184808
-0.307152,0.452900,-0.075854
-0.098948,-0.741285,-0.047478
-0.130596,0.334613,-0.281850
-0.307152,0.870594,-0.274069
-0.134815,-0.217018,0.233036
0.089625,-0.741285,0.233509
-0.258543,-0.109759,0.217354
-0.080203,-0.118560,0.224038
-0.078685,-0.581771,-0.263924
-0.080164,-0.291006,0.239797
0.298561,0.225439,-0.124608
0.295938,0.703647,-0.172218
0.274244,-0.439556,0.268112
-0.291741,0.489899,0.219247
-0.082500,0.755017,-0.266438
-0.142703,0.819584,0.280415
0.308331,-0.538543,-0.260236
-0.273070,-0.677894,0.066444
-0.276900,-0.419932,0.122368
0.295938,0.910480,-0.241305
0.006256,-0.418611,0.251459
0.267660,0.119006,-0.090204
-0.288290,-0.532667,-0.087923
0.136992,0.730453,-0.281850
-0.284555,-0.495700,0.105582
-0.288606,0.198910,-0.266386
-0.179377,-0.382729,0.248179
-0.161575,-0.656986,0.249846
0.006796,0.208031,-0.267708
-0.291741,0.484583,-0.218620
-0.248649,0.020209,-0.240472
-0.291741,0.839325,0.139545
0.295938,0.704356,-0.064499
0.273576,-0.345548,-0.221265
0.038993,0.270130,0.260148
0.043324,0.409608,0.280415
-0.307152,0.329911,0.024984
-0.307152,0.438849,0.042337
0.005564,0.505748,0.265002
-0.115525,0.195645,-0.265913
0.131710,-0.344545,-0.246131
-0.291741,0.541830,-0.092478
0.019852,0.521240,-0.281850
-0.077762,-0.708628,-0.242602
0.284662,-0.728080,-0.007561
-0.265597,-0.818044,0.075788
0.264282,-0.253588,0.031242
0.029483,-0.828521,0.134879
0.169706,0.284831,0.277410
0.137335,-0.741285,-0.088542
-0.291741,0.830024,0.061286
-0.137448,0.371020,0.265002
0.006352,-0.741285,0.046453
0.099841,0.199713,-0.266502
-0.256689,-0.092320,-0.041610
0.092310,-0.251024,-0.251320
0.110961,0.576468,0.265002
0.311337,0.349866,-0.058023
-0.263929,0.122048,-0.042785
-0.291741,0.502823,0.130882
-0.266312,-0.182812,-0.174664
0.311294,-0.566412,-0.103250
0.300717,-0.466932,-0.111726
0.170014,-0.484458,-0.258914
0.311337,0.806398,-0.280693
-0.260552,-0.258142,0.072092
-0.284769,0.581222,0.280415
-0.300361,0.630055,-0.281850
0.242926,-0.089466,-0.235702
-0.248924,0.023039,0.125079
0.275930,-0.685801,-0.181495
0.307739,-0.532976,0.268856
0.295938,0.375564,-0.138802
-0.196558,0.543067,-0.281850
0.261777,-0.100718,-0.059454
0.082551,-0.101058,0.235387
-0.133686,0.425602,-0.266438
-0.040684,-0.281641,-0.254281
0.290294,-0.510971,0.022817
-0.226711,-0.066701,-0.233501
0.255570,-0.167383,0.172296
-0.261789,-0.634070,0.253698
-0.124138,0.094096,0.236017
-0.121925,0.006233,-0.225419
-0.118876,0.486665,0.280415
-0.018161,0.896206,0.265002
0.200026,-0.156387,0.227495
-0.289026,-0.582964,-0.202926
-0.169921,0.856112,-0.266438
0.137256,-0.828521,0.188210
-0.289155,-0.410001,0.265254
-0.263836,0.810613,0.280415
0.015919,0.190619,0.263748
0.302548,-0.619943,-0.075983
-0.284764,-0.356306,0.207022
-0.275596,-0.662871,-0.010256
0.295938,0.573702,-0.260212
0.311337,0.631573,0.045428
-0.307152,0.632689,-0.060630
-0.304525,0.289081,-0.209686
-0.046701,0.123033,0.239984
0.273513,-0.344925,-0.043437
0.149343,0.474875,0.265002
-0.091821,0.654158,-0.281850
0.148180,0.830334,-0.266438
0.231514,0.645944,0.280415
-0.268521,0.437720,0.280415
-0.220133,0.330336,0.265002
0.249046,0.316779,-0.266438
-0.265657,0.133444,-0.238568
-0.306232,-0.558159,-0.269780
-0.003586,0.353727,-0.281850
-0.241885,-0.043398,0.059999
0.120136,-0.741285,0.140366
0.295938,0.416306,0.229497
-0.291741,0.728811,-0.153062
0.151731,-0.595822,0.276052
-0.009669,-0.610378,0.257680
-0.292872,0.705236,0.280415
-0.136493,0.630741,0.265002
0.071185,0.657814,0.265002
-0.035629,-0.043580,0.217186
0.306405,0.274625,-0.194509
0.118581,0.410382,0.265002
0.030245,0.809542,0.265002
-0.066418,-0.741285,-0.176976
0.180264,0.016667,-0.226848
-0.131940,-0.458452,-0.271374
0.176440,0.551917,-0.266438
0.269529,-0.819568,-0.205906
-0.254768,-0.074264,0.141800
-0.280378,-0.454358,-0.158207
-0.236495,-0.662638,-0.250332
0.273966,-0.349414,0.048973
-0.299064,0.254850,-0.117270
-0.272306,-0.239170,0.245228
-0.103348,-0.828521,-0.241056
0.280448,-0.753553,0.206973
0.212569,0.496520,0.280415
-0.290467,-0.554208,0.160257
-0.036065,0.703756,-0.281850
0.294179,0.197965,0.251297
0.109622,0.431402,-0.266438
0.025768,-0.200978,0.245047
0.033796,0.561771,-0.266438
-0.307152,0.416060,0.244199
-0.013207,0.085514,-0.236283
-0.189376,-0.255087,0.250278
-0.176879,-0.741285,0.039351
-0.234065,0.447416,-0.266438
-0.115293,0.503589,-0.281850
0.252270,0.373464,-0.281850
-0.067451,-0.048718,-0.231762
0.273885,-0.348609,0.206856
-0.307152,0.713369,-0.270675
0.275728,-0.231929,-0.111172
0.311337,0.666815,0.165658
0.061044,-0.613954,-0.258515
-0.277313,0.905056,0.265002
-0.291741,0.595415,0.118811
0.311337,0.480699,-0.113446
-0.004804,-0.503053,-0.275685
0.153808,-0.115565,-0.238224
-0.286031,-0.600781,-0.078298
0.138859,0.248114,0.272087
0.261672,-0.005843,-0.204438
0.281760,0.212024,0.045671
-0.062571,-0.376132,-0.263415
0.278752,-0.763808,0.126552
0.230860,0.143018,-0.258281
0.210110,-0.039172,0.217748
0.042728,0.643958,-0.281850
0.208818,0.704389,-0.281850
-0.242707,-0.017780,0.233529
0.112786,0.865477,0.280415
-0.153309,0.916196,-0.266829
0.308796,-0.542917,-0.179260
0.205568,-0.741285,0.027955
-0.143717,-0.828521,-0.070677
0.295938,0.515771,-0.044693
0.182146,-0.828521,-0.038327
-0.272571,-0.775879,-0.146617
0.311337,0.845410,-0.108432
0.282950,-0.696123,-0.262405
0.252369,0.916196,0.265029
-0.205734,-0.324942,-0.258466
-0.172633,-0.741285,-0.189205
0.252432,-0.136333,0.072222
0.295938,0.547358,0.070742
0.016851,-0.828521,-0.145830
0.209346,0.693948,0.280415
-0.291741,0.321840,-0.050134
0.123474,-0.788131,-0.248569
0.067503,-0.303659,-0.256409
-0.307152,0.547413,0.173641
0.273084,-0.798069,0.052675
0.094784,-0.431752,-0.254098
-0.197440,0.798477,0.280415
-0.272020,-0.684144,0.157853
0.268789,0.213327,-0.268477
-0.291741,0.669230,-0.087751
-0.236791,-0.260654,-0.238466
0.272630,0.151793,-0.200679
0.256231,-0.039957,0.157090
-0.276032,-0.754958,-0.020266
-0.260753,0.101087,0.228987
-0.307152,0.390139,-0.117606
0.295231,-0.664183,0.068141
-0.259382,-0.117653,0.020986
0.257190,0.102080,0.237111
-0.241957,0.317742,-0.266438
-0.213959,-0.592903,0.276491
-0.142659,-0.164024,0.228193
-0.211225,0.260550,0.273890
0.268304,0.372625,0.280415
-0.168083,0.916196,0.265483
0.298805,0.226978,0.105565
0.311337,0.721344,-0.212731
0.299160,-0.640429,0.129071
0.099086,0.348424,-0.266438
0.092328,-0.793500,0.246327
-0.274090,0.189085,0.219478
0.252923,0.495849,-0.281850
0.279882,-0.756974,-0.051858
0.001888,-0.828521,0.069127
0.283749,-0.446204,-0.030400
-0.288399,0.807887,-0.266438
-0.291741,0.902712,0.177682
0.014309,-0.438319,-0.254698
-0.009989,0.378821,0.280415
0.147698,-0.492387,0.258200
0.031918,-0.020675,-0.221731
-0.030793,-0.686103,0.262477
0.145674,0.147395,-0.244764
0.221529,-0.598085,0.275712
-0.018863,0.827193,-0.281850
-0.235871,-0.741285,0.189777
-0.300237,-0.501786,-0.210049
-0.122748,0.114715,-0.254176
0.311337,0.553311,0.177028
0.118804,-0.382383,0.262585
0.029817,0.334174,0.265002
0.197480,-0.159546,-0.229229
0.254703,-0.828521,0.169790
0.293971,-0.403499,-0.085156
-0.291741,0.418582,0.106863
-0.290172,-0.551285,0.041730
0.225037,0.575367,-0.281850
-0.261563,-0.268152,0.182591
-0.111565,-0.192636,-0.245676
-0.257996,0.593523,-0.281850
0.204407,-0.621878,-0.273570
-0.307152,0.372532,-0.189906
0.295938,0.483819,0.204331
0.283199,-0.302186,0.239267
-0.274288,-0.394084,0.060964
-0.114346,-0.326968,-0.258662
0.001297,-0.155528,0.227417
-0.165585,-0.767618,0.250219
0.286970,0.628335,0.280415
-0.307152,0.770829,0.022457
-0.014847,-0.828521,0.236425
-0.039171,-0.648945,-0.269499
-0.291741,0.307764,0.240558
0.260886,-0.219981,-0.195634
-0.267305,-0.192143,0.069223
0.295938,0.736334,0.026936
0.295938,0.596917,-0.027883
0.128542,0.481963,-0.266438
0.295938,0.402059,-0.213204
-0.166840,-0.674095,-0.248406
-0.274061,-0.391834,0.147968
0.265666,0.541225,0.280415
-0.002663,-0.329503,0.243316
-0.307152,0.585697,-0.020282
0.287834,0.252085,0.208443
-0.212042,-0.828521,0.037135
-0.271614,0.172748,0.067052
-0.306099,0.298943,0.127293
-0.283803,-0.707979,-0.117185
-0.052718,0.212017,-0.268286
0.284867,-0.317863,-0.102179
0.144172,0.800276,0.280415
-0.273217,0.092828,0.034015
-0.206260,-0.828521,-0.177334
0.063399,-0.472873,0.271333
0.295938,0.357482,-0.009780
0.116822,0.267780,-0.276373
0.072128,0.147462,0.257490
-0.221168,-0.112200,-0.237899
0.252693,0.020282,0.002046
0.131010,-0.828521,-0.151773
-0.307152,0.615166,-0.231031
-0.132158,-0.828521,0.068857
0.287229,-0.480639,0.153976
0.129027,-0.704063,0.241934
0.100571,-0.086329,-0.222540
0.261260,-0.008427,-0.139402
-0.016427,0.295933,-0.265121
-0.224129,-0.473047,-0.272784
-0.172744,0.198459,0.264886
0.311337,0.854345,0.228120
0.054219,0.769981,-0.266438
-0.291741,0.747757,-0.038626
-0.307152,0.455137,-0.005526
0.292914,-0.584792,0.023988
0.311337,0.775474,0.141097
0.309366,-0.548285,0.134880
0.311337,0.585533,-0.183445
0.205945,0.063618,0.245332
0.311337,0.409534,0.078050
-0.040244,0.075402,0.233454
-0.186447,-0.528460,0.276707
0.183452,-0.549109,-0.264821
0.311337,0.766368,0.090900
0.110218,0.590907,-0.281850
0.295061,0.203496,-0.226864
-0.292692,0.214900,-0.082739
0.176312,-0.703734,0.241989
-0.291741,0.872056,0.020596
0.186714,-0.741285,-0.037272
0.271339,0.143280,0.004911
-0.247638,-0.738210,-0.256076
0.311337,0.313563,0.099498
-0.275690,-0.270983,0.012686
0.227343,-0.305179,-0.242535
0.311337,0.351217,0.200311
0.201175,-0.828521,0.225698
0.274747,0.766387,-0.266438
0.270378,-0.181608,0.027255
-0.291741,0.662613,0.120446
0.239663,-0.480534,-0.273509
0.257612,-0.031303,0.094354
0.274228,0.072880,-0.056503
-0.274840,-0.262984,0.117949
-0.274327,-0.258176,-0.058995
0.093308,0.740124,0.265002
0.267307,-0.152721,0.234862
0.042506,0.473410,-0.266438
0.118541,0.916196,-0.269889
0.311337,0.329875,0.058158
-0.149723,-0.828521,0.180865
-0.001825,-0.657556,-0.268204
-0.038342,-0.456307,0.254904
-0.307152,0.503828,-0.142944
0.029427,-0.824651,-0.243078
0.185019,0.377880,0.265002
0.290954,0.177747,-0.103304
-0.286097,-0.368842,-0.033433
-0.032833,-0.741285,0.128018
0.053539,0.098052,-0.251760
-0.267693,0.058200,-0.142800
0.311337,0.487973,0.014786
-0.242885,-0.016801,-0.099574
-0.109925,0.015798,0.238397
0.070587,-0.741285,0.061259
-0.014828,0.768075,0.280415
-0.173735,-0.741285,0.173424
0.311337,0.478992,-0.250852
-0.044304,-0.252370,0.236266
-0.246350,0.379686,-0.266438
-0.008889,0.140796,-0.243860
0.295696,-0.568252,-0.037123
0.283374,-0.735863,-0.095921
-0.107472,-0.544980,0.278304
-0.307152,0.640653,0.260119
0.311337,0.860959,0.031955
-0.286393,0.270264,0.027197
-0.291741,0.802975,-0.116302
-0.243229,-0.797659,-0.247137
-0.103689,-0.608639,0.274125
-0.302711,-0.525055,-0.023483
0.030507,-0.563968,0.280139
0.295938,0.644818,0.217241
-0.171477,-0.828521,-0.209056
-0.193015,0.752874,-0.266438
-0.274484,-0.764318,-0.097770
-0.243449,-0.763357,0.250860
0.151579,0.151844,0.258126
0.016767,-0.148086,-0.241369
0.270670,0.138865,-0.145342
0.149063,-0.198841,-0.232819
0.188861,-0.828521,0.149347
0.137800,0.370699,0.265002
-0.219942,0.711019,-0.281850
0.058946,-0.162913,0.228092
-0.023177,-0.741285,-0.011631
-0.302038,0.479619,-0.281850
-0.089970,-0.265520,-0.252722
-0.291741,0.830879,0.199558
0.260279,-0.750890,0.252735
-0.070177,0.434165,-0.266438
0.262787,0.304070,0.264800
-0.264707,-0.299264,-0.112418
0.267515,0.452690,0.265002
0.247344,0.822143,-0.266438
-0.131001,-0.561853,-0.281370
0.295938,0.429379,0.177015
0.311337,0.753466,-0.145203
0.295938,0.669258,-0.233459
0.092555,-0.013685,0.221242
0.222105,-0.208230,0.245748
-0.058571,-0.523326,-0.277645
0.266743,-0.147419,-0.086390
0.275114,0.168181,0.217592
-0.062503,0.255738,0.273191
-0.291741,0.356927,-0.081018
0.073003,-0.297594,0.254388
-0.291741,0.854470,-0.188139
-0.263574,-0.157067,-0.071692
0.280943,-0.280967,0.114962
0.170615,-0.200617,0.245013
0.243468,0.259730,-0.260159
0.108887,-0.525229,-0.277830
-0.288730,-0.393595,-0.080176
0.063986,0.846999,0.265002
-0.068118,0.522839,0.265002
-0.138697,-0.460016,0.255242
0.249341,-0.417468,-0.267411
-0.291741,0.411139,-0.235255
0.002752,-0.741285,0.195935
-0.301210,-0.510944,-0.147531
-0.286093,-0.368803,-0.224027
0.131179,0.063719,-0.246781
-0.133525,0.310767,0.280415
-0.263755,0.120901,-0.159313
-0.128591,-0.726922,-0.257773
0.016777,0.696709,-0.266438
0.041564,0.832522,-0.281850
-0.307152,0.699083,0.072325
-0.284305,-0.611054,0.226155
0.003213,0.667634,0.280415
-0.239705,0.252319,-0.274131
0.156093,-0.741285,0.203284
-0.043428,-0.828521,-0.213485
-0.126577,-0.741285,0.018057
-0.288355,0.187718,0.108957
-0.264258,-0.163492,0.220549
0.160438,0.740307,0.280415
-0.268779,0.065009,-0.028830
0.311337,0.604336,-0.073562
-0.159565,-0.304822,0.241060
-0.109828,0.861380,0.265002
-0.291741,0.866842,-0.048925
-0.294326,-0.644357,0.118958
-0.278656,0.219217,0.148747
0.311337,0.884301,0.139720
-0.291741,0.382356,0.024218
-0.237100,-0.379914,0.262346
-0.110975,0.665304,0.265002
0.097377,0.128594,-0.256189
-0.225695,0.220751,0.253379
-0.261496,0.081382,-0.249342
-0.282050,-0.330790,-0.195383
-0.234315,-0.828521,0.139878
-0.138582,0.550530,-0.266438
-0.220952,0.845743,-0.266438
0.024339,-0.274890,-0.239767
0.175102,0.856979,0.265002
0.206835,0.364340,-0.266438
0.167876,0.690966,-0.266438
-0.032249,-0.406215,-0.266324
0.278760,-0.396834,0.131253
0.260385,-0.087621,0.055862
-0.037926,-0.380341,0.247962
0.124871,0.637735,0.265002
0.295938,0.551000,0.121999
0.293905,-0.402875,-0.242330
0.183075,-0.103236,0.235598
0.282464,-0.433499,0.036773
0.056463,-0.429672,0.267156
-0.250511,0.388108,0.265002
0.259199,-0.021353,0.207278
-0.166091,-0.741285,-0.086242
0.276182,-0.779340,-0.141277
-0.073059,0.099674,-0.238224
0.085653,-0.379529,-0.249327
0.133086,-0.828521,-0.005564
-0.131076,0.277598,-0.262608
-0.181604,0.315829,-0.266438
-0.132802,0.761818,0.280415
-0.192414,-0.010177,0.234630
0.104434,-0.198859,-0.232821
0.074000,-0.581235,0.278246
0.151656,-0.741285,-0.144353
0.122691,-0.296957,-0.241783
-0.233144,-0.619626,-0.257562
0.016613,-0.739771,-0.255841
0.041401,-0.828521,-0.099687
0.284457,-0.635090,0.223782
0.311337,0.392395,-0.260081
0.294070,0.293223,-0.058993
0.281350,-0.422469,-0.172441
-0.281342,0.236937,-0.224073
-0.273514,-0.770177,0.179066
-0.172609,-0.091096,-0.235859
-0.085991,-0.428485,-0.253800
0.281277,-0.653998,-0.138116
-0.200985,0.622479,0.280415
0.238545,-0.278263,0.238632
-0.258959,0.089256,0.140924
0.295938,0.857971,-0.258037
-0.009055,0.424605,0.265002
0.310495,0.542195,0.280415
-0.302698,0.277625,-0.075117
0.309527,-0.549790,0.057064
-0.290388,-0.409182,0.018382
0.186150,-0.402327,0.249970
0.277753,-0.386880,0.247517
-0.018245,0.237679,0.255699
0.306177,0.273190,0.158920
0.264583,-0.256563,-0.019489
-0.285995,-0.600997,-0.135378
0.295938,0.685491,0.053166
-0.191830,0.626965,-0.266438
0.192079,-0.732442,-0.238599
-0.190233,-0.269477,-0.253104
0.273661,0.069323,0.074508
-0.067532,0.872222,0.280415
0.165087,0.602540,-0.281850
-0.104994,-0.741285,0.178186
0.212830,0.279299,0.276609
-0.262505,-0.740748,-0.182880
0.024256,0.861090,0.265002
0.244033,0.586139,0.265002
0.276471,0.086940,-0.181506
0.272732,-0.337196,0.160749
0.292364,-0.681513,-0.035718
-0.096648,0.708138,-0.281850
0.295938,0.406381,-0.014467
-0.277586,-0.426722,-0.120675
-0.156582,-0.346322,0.244852
-0.291741,0.563544,0.224965
0.065301,0.367464,0.265002
0.263952,0.727898,0.280415
-0.263107,0.029451,0.004966
0.222263,-0.650218,0.267873
-0.306886,-0.564320,-0.056105
0.099383,-0.020279,-0.234600
0.311337,0.419091,-0.125990
0.070699,-0.714884,-0.259584
-0.281284,0.143393,0.220574
-0.307152,0.325962,-0.280446
0.295938,0.493541,-0.205258
0.109096,0.694278,-0.266438
-0.158433,0.787579,-0.281850
0.295938,0.598847,-0.132867
0.184269,0.189076,0.249037
-0.166212,-0.381937,-0.249548
0.053552,0.215918,0.252716
-0.249168,0.176910,-0.248809
-0.081935,0.378387,0.280415
0.251404,0.011774,0.168980
0.311337,0.731532,0.265464
-0.277222,0.209748,0.027077
0.292997,-0.584297,0.249086
-0.262536,0.513699,-0.266438
0.247593,-0.088455,0.180353
0.250939,0.674838,-0.281850
0.246168,-0.188577,-0.231881
-0.224138,-0.555902,-0.265442
0.294847,0.298346,0.234591
-0.107713,-0.828521,0.121499
0.301095,0.241331,-0.071958
-0.230993,-0.363797,-0.262222
-0.168176,0.090085,0.235467
-0.123282,-0.741285,-0.213310
0.156854,0.529446,0.265002
-0.291741,0.382526,0.140829
-0.031726,-0.730686,-0.238894
-0.028597,-0.075895,-0.234390
0.287675,-0.485057,0.242943
-0.040843,0.721024,0.265002
-0.028230,0.621828,0.265002
-0.241090,-0.043398,-0.195250
0.311337,0.848314,-0.177401
-0.100899,0.788678,0.265002
-0.276827,-0.281680,0.225888
-0.247901,0.529685,0.280415
-0.296717,0.240133,-0.176037
0.165550,0.770961,-0.266438
-0.307152,0.585874,0.071980
-0.290654,-0.411693,-0.191891
0.144927,-0.732722,-0.256902
0.244179,-0.035885,-0.216972
-0.181546,0.033667,-0.242423
0.300868,-0.468349,0.044782
-0.107792,0.428722,0.265002
-0.229549,-0.741285,-0.060968
0.052436,0.530755,0.265002
-0.307152,0.790450,0.266792
-0.024699,0.544236,-0.281850
0.281675,0.119568,-0.041901
-0.230896,-0.546437,0.278444
-0.049010,-0.504894,0.274429
0.275424,-0.783932,-0.009101
0.037670,0.056453,-0.232301
0.075492,-0.828521,0.157239
0.311337,0.839065,-0.016207
0.101764,-0.659251,0.266514
0.284560,0.137660,0.171107
-0.014082,0.425322,-0.266438
-0.028349,-0.828521,0.133261
-0.084267,-0.103337,-0.224093
0.008225,-0.009210,0.234771
-0.220681,-0.636806,0.253238
0.295322,0.916196,0.270868
-0.272110,0.085885,-0.109533
0.028800,0.043337,0.229059
0.257770,0.053768,-0.206887
0.257430,0.765449,0.280415
-0.128708,-0.828521,-0.121282
0.069373,-0.691064,0.261730
0.133656,0.317704,-0.281850
0.311337,0.338984,0.133251
0.295938,0.848107,-0.217004
-0.270475,-0.788556,0.120461
-0.238898,-0.423473,0.266557
0.311337,0.705103,0.151518
-0.291741,0.661735,-0.242327
-0.300013,-0.604074,0.274812
0.171837,-0.741285,0.131425
0.178263,-0.320500,-0.243934
0.258850,-0.828521,0.017365
0.223135,0.881543,0.280415
-0.291741,0.484983,0.037617
-0.305550,-0.551746,0.125309
-0.242677,-0.043398,-0.004487
-0.240939,-0.064030,0.202235
-0.291741,0.410492,-0.074731
-0.246028,-0.114404,0.170003
0.056645,0.228199,-0.270633
0.240781,-0.646418,-0.253058
-0.225041,-0.240720,0.235202
-0.115548,0.268142,0.259875
0.249256,-0.104912,-0.177208
0.295938,0.802864,0.201191
-0.281414,0.287188,0.277752
0.195734,-0.305694,0.241140
0.257794,-0.329925,0.257513
-0.181885,0.522557,0.280415
0.138414,-0.447085,-0.270275
0.295938,0.626426,0.169406
0.236900,-0.741285,0.117149
-0.000606,0.871430,-0.281850
0.276185,-0.236225,-0.062641
-0.286906,-0.689217,0.109573
-0.295587,-0.460610,0.270147
0.246000,-0.023871,-0.022463
0.277110,-0.773731,-0.197938
-0.282990,-0.339623,-0.131757
-0.134712,-0.259781,0.250732
0.268988,-0.300153,0.005320
0.094101,0.270354,0.275311
-0.291849,-0.659332,0.205719
