-0.152920,0.684985,0.319104
-0.169951,0.683148,0.320980
-0.163157,0.675876,0.328366
-0.227549,0.181509,0.111751
-0.227549,0.104661,0.141105
-0.227549,0.221541,0.173636
-0.227549,-0.092244,-0.251671
-0.227549,0.147735,0.243595
-0.227549,0.157915,0.126103
-0.227549,0.409452,0.299471
-0.227549,0.233156,0.104174
-0.227549,-0.037478,-0.073155
-0.227549,0.092242,0.130600
-0.227549,-0.058011,-0.124515
-0.227549,0.056707,-0.006104
-0.227549,0.098384,0.242792
-0.227549,-0.020409,-0.053178
-0.227549,0.006323,-0.051685
-0.227549,0.262376,0.135805
-0.227549,-0.092014,-0.076638
-0.227549,0.065414,0.092884
-0.227549,0.128044,0.164891
-0.227549,0.023316,-0.106432
-0.227549,-0.022304,0.057234
-0.227549,0.317410,0.122219
-0.227549,-0.093871,-0.181865
-0.227549,0.067921,0.219504
-0.227549,0.069413,0.062229
-0.227549,0.188207,0.230985
-0.227549,0.360101,0.239213
-0.227549,0.079631,0.008305
-0.227549,0.161723,0.089937
-0.227549,0.133460,0.280240
-0.227549,-0.060192,0.075470
-0.227549,0.074082,0.126830
-0.227549,0.048058,0.097189
-0.227549,-0.091613,0.052584
-0.227549,0.009366,-0.026560
-0.227549,0.089371,-0.108996
-0.227549,0.097542,0.073595
-0.227549,-0.067100,0.164317
-0.227549,0.144673,-0.065119
-0.227549,-0.034302,-0.189442
-0.227549,0.350361,0.175741
-0.227549,0.376807,0.206625
-0.227549,0.365804,0.138579
-0.227549,0.117482,0.017566
-0.227549,-0.019031,0.078169
-0.227549,0.183480,0.267151
-0.227549,0.523194,0.235731
-0.227549,0.339014,0.216155
-0.227549,-0.072324,-0.172775
-0.227549,0.461711,0.253221
-0.227549,0.294524,0.098567
-0.227549,0.278335,0.049905
-0.227549,0.591412,0.279589
-0.227549,-0.048940,-0.220289
-0.227549,0.167808,0.185404
-0.227549,0.517070,0.295587
-0.227549,0.032367,0.165714
-0.227549,0.111397,0.234123
-0.227549,0.195516,0.016705
-0.227549,-0.000987,0.264070
-0.227549,0.013422,0.207640
-0.227549,-0.003780,-0.033143
-0.227549,0.262032,0.082321
-0.227549,-0.094081,0.140378
-0.227549,0.291500,0.083086
-0.227549,-0.072324,-0.163667
-0.227549,-0.014152,0.051876
-0.227549,0.101006,0.274021
-0.227549,0.431209,0.313517
-0.227549,0.382681,0.175262
-0.227549,-0.024676,0.036147
-0.227549,0.508919,0.248551
-0.227549,0.227320,0.230296
-0.227549,0.235625,0.008094
-0.227549,0.256654,0.043380
-0.227549,0.541219,0.295357
-0.227549,-0.077663,0.193805
-0.227549,0.078139,0.094568
-0.227549,0.017288,0.033219
-0.227549,0.073604,0.153735
-0.227549,0.002286,-0.064678
-0.227549,-0.028963,0.120841
-0.227549,-0.026246,-0.193518
-0.227549,0.169301,0.128304
-0.227549,0.199190,0.168201
-0.227549,0.329484,0.081823
-0.227549,0.100049,0.087889
-0.227549,0.068342,0.245719
-0.227549,-0.061264,-0.036855
-0.227549,-0.044118,0.260588
-0.227549,-0.013788,0.025928
-0.227549,0.142951,0.077709
-0.227549,0.298313,0.142368
-0.227549,-0.010229,0.098184
-0.227549,0.083229,0.179032
-0.227549,-0.071291,-0.108174
-0.227549,-0.005445,-0.147306
-0.227549,0.022646,0.008324
-0.227549,-0.080074,-0.074170
-0.227549,0.200032,0.191853
-0.227549,0.203458,-0.020954
-0.227549,0.060840,0.176812
-0.227549,-0.079844,0.119501
-0.227549,0.358590,0.206779
-0.227549,0.095571,-0.070056
-0.227549,0.250665,0.177788
-0.227549,-0.014956,-0.183395
-0.227549,0.575778,0.318951
-0.227549,0.018914,0.228612
-0.227549,0.087420,0.214720
-0.227549,-0.039813,0.039725
-0.227549,-0.042760,0.224154
-0.227549,0.084473,0.258846
-0.227549,0.396401,0.184352
-0.227549,-0.073759,-0.125510
-0.227549,0.256903,0.237242
-0.227549,0.013556,-0.084560
-0.227549,0.047331,0.046710
-0.227549,-0.003493,0.055206
-0.227549,0.059769,0.075987
-0.227549,0.155963,-0.013816
-0.227549,-0.087192,0.004707
-0.227549,0.028520,0.150348
-0.227549,0.289032,0.106011
-0.227549,0.407538,0.152204
-0.227549,-0.050720,-0.006162
-0.227549,-0.061302,0.017145
-0.227549,0.198329,0.120496
-0.227549,0.214480,0.001837
-0.227549,0.537258,0.318186
-0.227549,0.054487,0.264338
-0.227549,0.510277,0.318243
-0.227549,0.039447,-0.064066
-0.227549,-0.071520,0.100825
-0.227549,0.009117,0.025488
-0.227549,0.025401,0.139957
-0.227549,0.219953,0.207754
-0.227549,0.371946,0.260645
-0.227549,0.063864,0.237357
-0.227549,0.020560,0.198837
-0.227549,0.432855,0.224422
-0.227549,0.282009,0.164891
-0.227549,0.369229,0.290076
-0.227549,0.358226,0.303337
-0.227549,0.178352,0.088196
-0.227549,0.153303,0.163666
-0.227549,0.116697,-0.010199
-0.227549,0.041992,-0.035803
-0.227549,0.269820,0.045581
-0.227549,0.348869,0.135900
-0.227549,0.376921,0.112000
-0.227549,-0.045802,-0.137872
-0.227549,-0.031412,-0.013606
-0.227549,0.024693,0.265697
-0.227549,0.005673,-0.076581
-0.227549,0.190445,0.109340
-0.227549,0.388039,0.189824
-0.227549,0.315362,0.224364
-0.227549,-0.019433,-0.100845
-0.227549,0.204338,0.067835
-0.227549,0.208490,0.212003
-0.227549,0.096452,0.122276
0.419233,-0.843047,0.298285
0.396156,-0.843047,0.282555
0.443497,-0.843047,0.295797
-0.156269,-0.354937,0.337742
-0.188244,0.223971,0.337742
-0.162449,-0.587147,0.337742
-0.188359,-0.033823,0.337742
-0.157800,-0.690976,0.337742
-0.177720,-0.141097,0.337742
-0.192358,0.108124,0.337742
-0.184130,0.043063,0.337742
-0.157015,-0.744307,0.337742
-0.164057,-0.048041,0.337742
-0.161454,-0.424743,0.337742
-0.194329,0.031429,0.337742
-0.177681,-0.003972,0.337742
-0.159809,-0.260120,0.337742
-0.196874,0.146606,0.337742
-0.183326,-0.225810,0.337742
-0.212317,0.367756,0.337742
-0.155733,-0.069147,0.337742
-0.165683,-0.006574,0.337742
-0.220258,0.543420,0.337742
-0.183881,0.126648,0.337742
-0.156307,-0.251586,0.337742
-0.190445,-0.079021,0.337742
-0.201696,0.205601,0.337742
-0.138281,-0.094559,-0.064449
-0.176476,-0.094559,0.034367
0.008680,-0.094559,0.025450
-0.090500,-0.094559,0.116248
0.131186,-0.094559,0.081651
0.005388,-0.094559,0.009529
-0.014800,-0.094559,0.000440
0.130860,-0.094559,0.065769
-0.078406,-0.094559,-0.056029
-0.025286,-0.094559,0.085497
-0.148327,-0.094559,-0.063090
0.195998,-0.094559,0.238218
-0.060725,-0.094559,0.166403
0.092073,-0.094559,0.045466
0.173839,-0.094559,0.155840
-0.126704,-0.094559,0.023249
-0.113214,-0.094559,-0.014294
0.099000,-0.094559,0.176238
0.003839,-0.094559,0.121855
0.032618,-0.094559,0.027440
-0.110764,-0.094559,-0.005358
0.002537,-0.094559,0.220881
0.042397,-0.094559,0.013567
-0.033897,-0.094559,0.009013
0.272329,-0.094559,0.242256
-0.108009,-0.094559,-0.062497
-0.137382,-0.094559,0.192963
0.034915,-0.094559,0.225895
0.053457,-0.094559,0.082570
-0.143792,-0.094559,-0.019270
0.204551,-0.094559,0.215447
-0.127336,-0.094559,0.173980
-0.011164,-0.094559,0.085421
-0.128733,-0.094559,-0.043668
0.142552,-0.094559,0.163417
-0.182083,-0.094559,0.043227
-0.207705,-0.094559,-0.166977
0.139031,-0.094559,0.199966
0.165630,-0.094559,0.198263
0.077625,-0.094559,0.070017
-0.015833,-0.094559,0.220920
-0.096642,-0.094559,0.136532
-0.024788,-0.094559,0.259114
-0.008772,-0.094559,0.236362
-0.067614,-0.094559,0.049389
0.050797,-0.094559,0.241414
0.055332,-0.094559,0.010658
0.130631,-0.094559,0.157906
0.012488,-0.094559,-0.022121
-0.141228,-0.094559,-0.178879
0.100224,-0.094559,0.194551
-0.168190,-0.094559,0.133241
-0.172362,-0.094559,-0.130141
-0.156250,-0.094559,-0.137183
0.264159,-0.094559,0.193958
-0.108162,-0.094559,0.157294
-0.037781,-0.094559,0.106259
-0.139219,-0.094559,0.150195
0.086715,-0.094559,0.118257
0.049400,-0.094559,-0.000134
-0.168764,-0.094559,0.091563
0.313375,-0.094559,0.217303
-0.051061,-0.094559,-0.094377
0.183483,-0.094559,0.220327
0.299100,-0.094559,0.212883
-0.149476,-0.094559,0.027306
-0.021975,-0.094559,0.024245
-0.103455,-0.094559,-0.119999
0.236297,-0.094559,0.257124
0.019090,-0.094559,0.027612
0.086504,-0.094559,0.075356
0.053935,-0.094559,0.048872
-0.165109,-0.094559,-0.182534
-0.059864,-0.094559,0.135633
-0.101503,-0.094559,0.209687
-0.077755,-0.094559,0.014256
-0.124446,-0.094559,0.156663
-0.156594,-0.094559,-0.166384
-0.032787,-0.094559,-0.067778
0.184880,-0.094559,0.129681
-0.186560,-0.094559,-0.120152
0.002116,-0.094559,0.254962
0.085337,-0.094559,0.029602
0.154512,-0.094559,0.134446
0.008201,-0.094559,0.147420
0.311653,-0.094559,0.247365
-0.035121,-0.094559,-0.021241
-0.088357,-0.094559,0.204214
-0.077698,-0.094559,-0.046308
-0.106574,-0.094559,0.262157
0.042186,-0.094559,0.056277
-0.181049,-0.094559,-0.082991
0.099976,-0.094559,0.224326
0.218252,-0.094559,0.238199
-0.145610,-0.094559,0.143689
-0.046258,-0.094559,0.040854
0.107879,-0.094559,0.183778
0.075023,-0.094559,0.046671
-0.152097,-0.094559,0.073499
-0.169530,-0.094559,0.008974
0.033192,-0.094559,0.169177
-0.082960,-0.094559,0.196158
-0.083802,-0.094559,0.039706
-0.057835,-0.094559,0.123577
-0.082099,-0.094559,0.112268
-0.014646,-0.094559,0.076772
-0.201276,-0.094559,-0.080810
-0.096527,-0.094559,-0.100692
-0.146605,-0.094559,0.219772
-0.059462,-0.094559,-0.068429
0.408058,-0.702171,0.263114
0.389592,-0.821634,0.263114
0.393802,-0.736347,0.263114
0.427079,-0.568451,0.263114
0.396003,-0.767136,0.263114
0.400461,-0.721632,0.263114
0.440320,-0.460565,0.263114
0.421912,-0.779306,0.263114
0.431346,-0.408631,0.263114
0.405111,-0.491469,0.263114
0.434943,-0.489326,0.263114
0.418927,-0.790099,0.263114
0.441679,-0.796490,0.263114
0.422869,-0.458652,0.263114
0.422371,-0.430197,0.263114
0.407962,-0.580756,0.263114
0.390932,-0.796719,0.263114
0.425605,-0.609823,0.263114
0.430026,-0.584123,0.263114
0.431671,-0.263412,0.263114
0.418181,-0.730606,0.263114
0.406030,-0.779918,0.263114
0.438962,-0.218749,0.263114
0.397572,-0.830341,0.263114
0.406259,-0.841478,0.263114
0.436034,-0.615487,0.263114
-0.227549,0.716386,-0.242505
-0.227549,0.728155,-0.129682
-0.227549,0.724901,-0.204693
-0.227549,0.743674,-0.003770
-0.227549,0.728633,-0.142579
-0.227549,0.719084,-0.252819
-0.227549,0.729073,-0.195298
0.379106,-0.281763,-0.333801
0.377766,-0.299578,-0.333801
0.376503,-0.414410,-0.333801
0.381173,-0.424399,-0.333801
0.398375,-0.085317,-0.333801
0.394988,-0.273802,-0.333801
0.408594,-0.066602,-0.333801
0.383909,-0.116776,-0.333801
0.421663,-0.194524,-0.333801
0.374150,-0.766390,-0.333801
0.370112,-0.679954,-0.333801
0.395409,-0.240640,-0.333801
0.411043,-0.165074,-0.333801
0.381823,-0.597136,-0.333801
0.392405,-0.504271,-0.333801
0.405226,-0.307653,-0.333801
0.381689,-0.262608,-0.333801
0.380331,-0.721995,-0.333801
0.416994,-0.070353,-0.333801
0.405494,-0.360563,-0.333801
0.423979,-0.044348,-0.333801
0.392922,-0.430656,-0.333801
0.393955,-0.195098,-0.333801
0.419099,-0.108796,-0.333801
-0.227549,0.766426,-0.028704
-0.227549,0.772205,0.074494
-0.227549,0.778251,-0.135805
-0.227549,0.775247,-0.086416
0.389669,-0.360429,0.263114
0.371452,-0.490340,0.263114
0.383775,-0.572374,0.263114
0.411062,-0.359147,0.263114
0.378283,-0.248352,0.263114
0.374800,-0.664053,0.263114
0.380924,-0.270530,0.263114
0.426658,-0.220835,0.263114
0.370552,-0.200360,0.263114
0.377652,-0.105390,0.263114
0.396883,-0.420629,0.263114
0.375240,-0.710590,0.263114
0.388961,-0.536380,0.263114
0.397648,-0.530353,0.263114
0.376599,-0.408421,0.263114
0.415042,-0.194351,0.263114
0.416784,-0.295751,0.263114
0.430332,-0.145824,0.263114
0.379240,-0.332835,0.263114
0.378474,-0.350746,0.263114
0.394185,-0.481978,0.263114
0.418716,-0.182239,0.263114
0.404805,-0.407445,0.263114
0.404786,-0.273190,0.263114
0.377786,-0.320952,0.337742
0.395218,-0.389840,0.337742
0.378819,-0.600637,0.337742
0.378073,-0.411961,0.337742
0.391525,-0.567055,0.337742
0.372600,-0.239396,0.337742
0.376427,-0.820945,0.337742
0.408364,-0.754143,0.337742
0.413454,-0.699664,0.337742
0.374016,-0.560950,0.337742
0.373614,-0.721632,0.337742
0.419769,-0.658102,0.337742
0.394223,-0.379124,0.337742
0.399925,-0.456317,0.337742
0.385057,-0.327764,0.337742
0.369615,-0.345924,0.337742
0.382589,-0.293148,0.337742
0.394931,-0.535328,0.337742
0.414411,-0.738107,0.337742
0.381134,-0.707854,0.337742
-0.182657,0.759805,0.220958
-0.139908,0.758484,0.223407
-0.140539,0.765928,0.209611
-0.200453,0.643996,-0.333801
-0.124791,0.627119,-0.333801
-0.157283,0.122055,-0.333801
-0.140539,0.432108,-0.333801
-0.209963,0.487735,-0.333801
-0.149514,0.547151,-0.333801
-0.154030,-0.015625,-0.333801
-0.198941,0.599659,-0.333801
-0.142319,0.398372,-0.333801
-0.138779,0.419594,-0.333801
-0.152059,0.244848,-0.333801
-0.184934,0.314884,-0.333801
-0.125422,0.651517,-0.333801
-0.192722,0.401645,-0.333801
-0.174467,0.268021,-0.333801
-0.155618,0.053531,-0.333801
-0.151772,0.392421,-0.333801
-0.139334,0.297279,-0.333801
-0.145323,0.523978,-0.333801
-0.133823,0.462668,-0.333801
-0.190464,0.438825,-0.333801
-0.176878,0.630027,-0.333801
-0.204490,0.442652,-0.333801
-0.135239,0.589460,-0.333801
-0.163999,0.321065,-0.333801
-0.139697,0.634256,-0.333801
-0.207973,0.623158,-0.333801
-0.129747,0.518486,-0.333801
-0.195190,0.529910,-0.333801
-0.147926,0.480464,-0.333801
-0.196874,0.577673,-0.333801
-0.166028,0.054794,-0.333801
-0.150375,0.001635,-0.333801
-0.139315,0.325504,-0.333801
-0.120696,0.781122,0.093936
-0.120696,0.785523,0.014237
-0.120696,0.782978,-0.106777
-0.122360,0.376596,-0.333801
-0.140865,0.047292,-0.333801
-0.136138,0.246130,-0.333801
-0.123910,0.509129,-0.333801
-0.120791,0.092797,-0.333801
-0.142568,0.033496,-0.333801
-0.133459,-0.010172,-0.333801
-0.124848,0.235204,-0.333801
-0.130895,0.087037,-0.333801
-0.122667,0.409949,-0.333801
-0.139774,0.720462,-0.275916
-0.149916,0.730853,-0.261851
-0.136808,0.727140,-0.266884
0.443995,-0.800891,-0.332385
0.443995,-0.761587,-0.280681
0.443995,-0.543556,-0.289215
0.443995,-0.531539,-0.312656
0.443995,-0.449926,-0.296735
0.443995,-0.676146,-0.314436
0.443995,-0.804106,-0.280355
0.443995,-0.655384,-0.276356
0.443995,-0.627695,-0.279992
0.443995,-0.180191,-0.331371
0.443995,-0.193146,-0.329113
0.443995,-0.457618,-0.302782
0.443995,-0.760324,-0.296257
0.443995,-0.813654,-0.330222
0.443995,-0.612693,-0.286211
0.443995,-0.470860,-0.315794
0.443995,-0.699760,-0.292124
0.443995,-0.482093,-0.316598
0.443995,-0.601671,-0.325037
0.443995,-0.643941,-0.279054
0.443995,-0.832541,-0.316675
0.443995,-0.596236,-0.294535
0.443995,-0.660455,-0.284202
0.443995,-0.505036,-0.328577
0.443995,-0.591031,-0.308886
0.443995,-0.581215,-0.324788
-0.164727,0.807108,0.095888
-0.162564,0.800831,0.125127
-0.219971,0.801291,0.122965
-0.198597,0.803587,0.112306
-0.167616,0.699815,0.304045
-0.184685,0.691146,0.312847
0.076209,-0.071004,-0.333801
-0.091074,-0.065033,-0.333801
-0.076359,-0.091689,-0.333801
-0.057835,-0.068305,-0.333801
0.028313,-0.048692,-0.333801
0.062738,-0.091727,-0.333801
0.104415,-0.071712,-0.333801
0.111457,-0.080571,-0.333801
-0.092394,-0.045247,-0.333801
0.146188,-0.093851,-0.333801
0.048922,-0.053495,-0.333801
-0.051923,-0.078466,-0.333801
0.204188,-0.091000,-0.333801
0.041440,-0.062373,-0.333801
-0.127623,-0.089144,-0.333801
0.146724,-0.074027,-0.333801
0.407426,-0.532496,-0.333801
0.427691,-0.261632,-0.333801
0.409263,-0.409110,-0.333801
0.416975,-0.816046,-0.333801
0.388023,-0.821672,-0.333801
0.414507,-0.835469,-0.333801
0.442866,-0.520574,-0.333801
0.415578,-0.343532,-0.333801
0.433279,-0.814286,-0.333801
0.437622,-0.365653,-0.333801
0.405915,-0.722320,-0.333801
0.438139,-0.316628,-0.333801
0.375776,-0.779000,-0.333801
0.438177,-0.114843,-0.333801
0.441335,-0.777986,-0.333801
0.430868,-0.735007,-0.333801
0.410105,-0.435211,-0.333801
0.433987,-0.225064,-0.333801
0.430179,-0.433909,-0.333801
0.377250,-0.788625,-0.333801
0.427748,-0.745628,-0.333801
0.417587,-0.596332,-0.333801
0.414698,-0.457657,-0.333801
0.388540,-0.648017,-0.333801
-0.205179,0.805271,-0.100500
-0.220296,0.804486,-0.104193
-0.203821,0.801291,-0.118985
0.219898,-0.094559,0.272126
0.105831,-0.094559,0.298667
0.242478,-0.094559,0.319430
0.096780,-0.094559,0.294266
0.302449,-0.094559,0.322836
0.086485,-0.094559,0.290879
0.066259,-0.094559,0.273064
0.292537,-0.094559,0.300485
0.224873,-0.094559,0.297156
0.341275,-0.094559,0.285253
0.128947,-0.094559,0.263649
0.195902,-0.094559,0.286076
0.366400,-0.094559,0.318052
0.320341,-0.094559,0.271476
0.346996,-0.094559,0.301213
0.229485,-0.094559,0.279379
0.238804,-0.094559,0.302629
0.387985,-0.843047,-0.310723
0.376408,-0.843047,-0.263382
0.400538,-0.843047,-0.272318
0.427404,-0.676414,0.337742
0.411005,-0.328262,0.337742
0.383890,-0.234249,0.337742
0.409799,-0.378971,0.337742
0.443382,-0.438961,0.337742
0.429700,-0.149345,0.337742
0.443248,-0.066756,0.337742
0.434408,-0.097564,0.337742
0.437584,-0.476122,0.337742
0.424170,-0.507830,0.337742
0.397112,-0.365615,0.337742
0.428686,-0.319230,0.337742
0.425165,-0.472085,0.337742
0.409225,-0.416132,0.337742
0.411273,-0.360008,0.337742
0.417071,-0.232431,0.337742
0.429872,-0.258857,0.337742
0.422065,-0.443745,0.337742
0.420649,-0.521225,0.337742
0.389420,-0.267621,0.337742
0.429471,-0.090082,0.337742
0.430427,-0.285781,0.337742
0.434618,-0.180287,0.337742
0.441143,-0.235837,0.337742
0.435058,-0.212434,0.337742
0.425337,-0.162567,0.337742
0.435843,-0.460202,0.337742
0.415942,-0.060690,0.337742
0.409589,-0.104874,0.337742
-0.141994,0.699509,-0.300409
-0.137707,0.679110,-0.321152
-0.162851,0.691089,-0.308963
0.443995,-0.029786,-0.285790
0.443995,-0.074180,0.066783
0.443995,-0.027107,-0.309269
0.443995,-0.070372,-0.091487
0.443995,-0.086082,0.191719
0.443995,-0.090254,-0.167915
0.443995,-0.062259,-0.118564
0.443995,-0.076993,-0.188428
0.443995,-0.086216,-0.021317
0.443995,-0.063177,-0.100615
0.443995,-0.077318,-0.271916
0.443995,-0.092876,-0.001531
0.443995,-0.062527,-0.218662
0.443995,-0.055791,-0.192504
0.443995,-0.057111,-0.071797
0.443995,-0.093871,-0.079815
0.443995,-0.086714,0.085402
-0.227549,0.680182,-0.215562
-0.227549,0.677273,-0.206109
-0.227549,0.708158,0.209515
-0.227549,0.693481,-0.094071
-0.227549,0.704465,-0.215811
-0.227549,0.702570,-0.140130
-0.227549,0.709268,-0.118067
-0.227549,0.679397,-0.270424
-0.227549,0.707565,0.068103
-0.227549,0.698074,-0.051226
-0.227549,0.705900,0.148147
-0.227549,0.796813,0.073365
-0.227549,0.797043,-0.026407
-0.227549,0.792220,-0.043381
0.062374,-0.094559,-0.310322
0.146800,-0.094559,-0.304236
0.235685,-0.094559,-0.286440
0.240277,-0.094559,-0.314895
0.178967,-0.094559,-0.323468
0.079615,-0.094559,-0.317076
0.133023,-0.094559,-0.328041
0.364104,-0.094559,-0.274615
0.189683,-0.094559,-0.319392
0.318025,-0.094559,-0.283149
0.336472,-0.094559,-0.312675
0.014459,-0.094559,-0.330854
0.251376,-0.094559,-0.293616
0.354899,-0.094559,-0.311871
-0.004160,-0.094559,-0.315622
0.158052,-0.094559,-0.325879
-0.227549,0.720481,0.254847
-0.227549,0.711928,0.257985
-0.227549,0.716539,-0.049772
-0.227549,0.716023,-0.210549
-0.227549,0.712004,0.187509
-0.227549,0.724404,-0.095353
-0.227549,0.730642,0.033219
-0.227549,0.725629,0.134504
-0.227549,0.729130,0.152223
-0.227549,0.687817,-0.012285
-0.227549,0.677885,0.306073
-0.227549,0.701078,0.253737
-0.227549,0.666825,-0.145469
-0.227549,0.680526,0.274059
-0.227549,0.680220,0.217169
-0.227549,0.673561,-0.019710
-0.227549,0.673044,-0.094760
-0.227549,0.688716,0.156203
-0.227549,0.672221,0.238811
-0.227549,0.684755,0.190532
-0.227549,0.682306,0.144703
-0.120696,0.751768,0.204961
-0.120696,0.773506,-0.011290
-0.120696,0.759192,0.160815
-0.120696,0.773850,-0.112613
-0.120696,0.763804,0.200655
0.102348,-0.094559,-0.284182
-0.090194,-0.094559,-0.265984
0.053400,-0.094559,-0.292104
0.033709,-0.094559,-0.270233
0.064785,-0.094559,-0.297577
0.016411,-0.094559,-0.307241
0.080304,-0.094559,-0.283934
0.273152,-0.094559,-0.260033
0.122804,-0.094559,-0.265506
-0.034700,-0.094559,-0.260607
-0.039676,-0.094559,-0.307489
0.135013,-0.094559,-0.274500
-0.060495,-0.094559,-0.267630
0.043774,-0.094559,-0.300658
-0.076244,-0.094559,-0.263822
0.099727,-0.094559,-0.273773
-0.011413,-0.094559,-0.290440
0.118231,-0.094559,-0.290631
-0.005021,-0.051887,0.337742
-0.089830,-0.090484,0.337742
-0.082539,-0.033192,0.337742
0.168060,-0.069281,0.337742
-0.053032,-0.058986,0.337742
-0.053893,-0.073396,0.337742
0.275353,-0.083557,0.337742
0.236546,-0.075003,0.337742
0.301645,-0.092301,0.337742
-0.109961,-0.024638,0.337742
-0.005729,-0.090082,0.337742
-0.103110,-0.044405,0.337742
-0.000984,-0.040138,0.337742
-0.029515,-0.056059,0.337742
0.278893,-0.094081,0.337742
-0.134492,-0.068975,0.337742
0.009847,-0.052098,0.337742
-0.226726,0.674843,-0.325477
-0.190521,0.690936,-0.309135
-0.164306,0.678938,-0.321324
0.369366,-0.160022,0.301614
0.369366,-0.246515,0.277427
0.369366,-0.318675,0.275399
0.369366,-0.365959,0.285808
0.369366,-0.698420,0.268472
0.369366,-0.218883,0.268988
0.369366,-0.529664,0.268452
0.369366,-0.389362,0.272988
0.369366,-0.114996,0.266328
0.369366,-0.156482,0.291664
0.369366,-0.183578,0.315411
0.369366,-0.779210,0.264300
0.369366,-0.098042,0.272662
0.369366,-0.136849,0.310398
0.369366,-0.133558,0.286153
0.369366,-0.248658,0.316196
0.369366,-0.411750,0.291606
0.369366,-0.230728,0.270959
0.369366,-0.143221,0.302074
0.369366,-0.652514,0.275762
0.369366,-0.598188,0.279245
0.369366,-0.299769,0.272318
-0.198654,-0.221352,-0.259172
-0.156288,-0.158664,-0.259172
-0.173988,-0.223724,-0.259172
-0.167980,-0.467779,-0.259172
-0.170065,-0.140236,-0.259172
-0.167367,-0.529128,-0.259172
-0.184360,-0.130860,-0.259172
-0.153513,-0.434694,-0.259172
-0.184302,-0.448185,-0.259172
-0.159101,-0.603910,-0.259172
-0.176878,-0.261613,-0.259172
-0.169357,-0.577847,-0.259172
-0.154948,-0.809751,-0.259172
-0.168688,-0.374513,-0.259172
-0.183786,-0.419596,-0.259172
-0.203132,-0.264081,-0.259172
-0.215168,-0.211593,-0.259172
-0.184589,-0.278950,-0.259172
-0.216297,-0.099209,-0.259172
-0.154738,-0.778617,-0.259172
-0.217732,-0.187482,-0.259172
-0.184589,-0.356621,-0.259172
-0.175538,-0.100396,-0.259172
-0.160938,-0.682059,-0.259172
-0.181394,-0.326846,-0.259172
-0.204031,-0.174929,-0.259172
0.252180,-0.094559,0.127098
0.065857,-0.094559,-0.017509
0.345829,-0.094559,0.241835
0.298335,-0.094559,0.193211
0.213258,-0.094559,0.094262
0.248429,-0.094559,0.150252
0.250974,-0.094559,0.137986
0.391678,-0.094559,0.229167
0.019912,-0.094559,-0.060870
0.403925,-0.094559,0.241261
0.340376,-0.094559,0.230334
-0.089237,-0.094559,-0.146885
0.328378,-0.094559,0.209668
0.170701,-0.094559,0.052776
0.286107,-0.094559,0.182170
0.080170,-0.094559,0.000574
0.101889,-0.094559,0.003789
-0.120696,0.801004,0.054134
-0.222554,0.717152,-0.280413
-0.176304,0.722261,-0.273486
-0.166525,0.720673,-0.275629
0.369366,-0.832981,-0.312101
0.369366,-0.267928,-0.259402
0.369366,-0.427690,-0.282403
0.369366,-0.670387,-0.313996
0.369366,-0.162108,-0.262808
0.369366,-0.512078,-0.300639
0.369366,-0.829690,-0.265257
0.369366,-0.798078,-0.317670
0.369366,-0.345159,-0.259364
0.369366,-0.609306,-0.306590
0.369366,-0.489020,-0.280661
0.369366,-0.370322,-0.259536
0.369366,-0.823050,-0.281523
0.369366,-0.491106,-0.264588
0.369366,-0.705462,-0.291282
0.369366,-0.842779,-0.305863
0.369366,-0.481997,-0.262444
0.369366,-0.747828,-0.307968
0.369366,-0.617228,-0.301825
0.369366,-0.807780,-0.288737
0.369366,-0.765127,-0.261143
0.369366,-0.653930,-0.313555
0.369366,-0.300573,-0.273715
0.369366,-0.581445,-0.304906
0.369366,-0.723564,-0.315622
0.073415,-0.094559,-0.094606
0.293895,-0.094559,-0.236764
0.150245,-0.094559,-0.228326
0.063733,-0.094559,-0.228498
0.095096,-0.094559,-0.136552
0.345255,-0.094559,-0.107255
0.332166,-0.094559,0.094740
0.180307,-0.094559,-0.219791
0.137443,-0.094559,-0.012649
0.088686,-0.094559,-0.073978
-0.038776,-0.094559,-0.139919
0.347551,-0.094559,0.128323
0.227667,-0.094559,0.088253
0.295732,-0.094559,-0.185098
0.208819,-0.094559,-0.097917
0.174700,-0.094559,-0.233033
-0.086405,-0.094559,-0.229742
0.371720,-0.094559,0.110986
0.360315,-0.094559,0.098184
0.436168,-0.094559,0.252646
0.158052,-0.094559,-0.255977
-0.105636,-0.094559,-0.252762
0.204073,-0.094559,-0.230852
-0.069489,-0.094559,-0.257680
-0.136425,-0.094559,-0.238314
0.101047,-0.094559,-0.180716
0.074927,-0.094559,-0.078667
0.426007,-0.094559,0.197306
-0.052037,-0.094559,-0.234947
-0.008982,-0.094559,-0.180219
0.432685,-0.094559,-0.220557
-0.143697,-0.094559,-0.249662
0.427270,-0.094559,-0.138350
0.060078,-0.094559,-0.246275
0.072746,-0.094559,-0.138140
0.347016,-0.094559,-0.051437
-0.030108,-0.094559,-0.128897
-0.019851,-0.094559,-0.211391
0.026744,-0.094559,-0.069922
0.241770,-0.094559,-0.250293
0.182584,-0.094559,-0.099524
0.190640,-0.094559,-0.204024
0.142208,-0.094559,-0.061253
-0.080358,-0.094559,-0.180161
0.205451,-0.094559,0.018312
0.213641,-0.094559,-0.056565
0.405302,-0.094559,0.126964
0.372581,-0.094559,0.036147
0.306008,-0.094559,-0.128017
0.281419,-0.094559,0.084388
0.253806,-0.094559,0.104633
0.185932,-0.094559,-0.192925
0.240832,-0.094559,-0.202359
-0.118476,-0.094559,-0.245586
0.365041,-0.094559,0.141584
0.317221,-0.094559,-0.157294
0.232298,-0.094559,-0.175818
0.306965,-0.094559,-0.180678
-0.164937,-0.094559,-0.221628
0.428169,-0.094559,-0.007214
0.409914,-0.094559,-0.252207
0.432992,-0.094559,-0.039745
0.122881,-0.094559,0.010716
0.315327,-0.094559,-0.083546
0.399466,-0.094559,-0.196465
0.167792,-0.094559,-0.107772
0.202236,-0.094559,-0.131825
0.385574,-0.094559,-0.064736
0.287313,-0.094559,0.101877
0.440148,-0.094559,0.096577
0.364276,-0.094559,-0.137011
0.098081,-0.094559,-0.051819
0.245788,-0.094559,-0.065425
0.247185,-0.094559,0.020762
0.124584,-0.094559,-0.009721
0.161228,-0.094559,-0.042653
0.286509,-0.094559,-0.005339
0.115169,-0.094559,-0.109647
-0.107492,-0.094559,-0.207104
0.043124,-0.094559,-0.067683
0.300899,-0.094559,-0.174095
0.203308,-0.094559,-0.034903
0.165840,-0.094559,-0.186342
0.382378,-0.094559,0.088655
-0.061050,-0.094559,-0.134829
0.342289,-0.094559,0.107809
0.195060,-0.094559,-0.015290
0.435900,-0.094559,-0.166499
0.164826,-0.094559,-0.234277
0.133214,-0.094559,-0.172125
0.244889,-0.094559,0.047973
0.439249,-0.094559,0.143995
0.046243,-0.094559,-0.084426
0.009426,-0.094559,-0.251996
0.021386,-0.094559,-0.174363
0.345753,-0.094559,0.071720
0.337964,-0.094559,-0.209190
0.239340,-0.094559,-0.214184
0.416325,-0.094559,0.086779
0.316781,-0.094559,0.144052
0.208972,-0.094559,-0.182974
0.218597,-0.094559,-0.093592
0.333487,-0.094559,-0.159801
0.385363,-0.094559,-0.031861
0.379948,-0.094559,-0.110412
0.042531,-0.094559,-0.222298
0.158224,-0.094559,-0.084847
-0.062217,-0.094559,-0.234373
0.293627,-0.094559,-0.152817
0.312112,-0.094559,0.018485
0.373978,-0.094559,0.063358
0.152790,-0.094559,-0.142292
0.403906,-0.094559,0.169082
0.136620,-0.094559,-0.048164
0.160329,-0.094559,-0.065597
0.158836,-0.094559,-0.153582
0.060174,-0.094559,-0.120152
0.355550,-0.094559,0.146923
0.427308,-0.094559,0.175702
0.314255,-0.094559,-0.122831
0.018707,-0.094559,-0.161275
0.269880,-0.094559,-0.051322
0.255222,-0.094559,0.000076
0.355129,-0.094559,-0.221973
-0.131201,-0.094559,-0.184524
0.180881,-0.094559,-0.202761
-0.060074,-0.094559,-0.145717
0.348030,-0.094559,-0.012859
0.140294,-0.094559,-0.151898
0.164558,-0.094559,0.039706
0.035355,-0.094559,-0.145182
0.364869,-0.094559,-0.071089
0.306391,-0.094559,-0.049179
0.086581,-0.094559,-0.110929
0.248295,-0.094559,-0.014696
0.260867,-0.094559,-0.063798
0.336721,-0.094559,-0.123520
0.443784,-0.094559,0.204827
0.268598,-0.094559,-0.033870
0.284347,-0.094559,-0.209496
0.298507,-0.094559,0.074380
-0.135315,0.793885,-0.140704
-0.121748,0.797655,-0.130524
-0.138415,0.788661,-0.154883
-0.125173,0.788278,-0.155917
-0.174065,0.814226,0.058497
-0.141343,0.815260,0.043725
-0.193487,0.815164,0.045179
0.375260,-0.843047,0.313115
0.427040,-0.843047,0.326969
-0.195018,0.757547,-0.221207
-0.213905,0.760283,-0.216136
-0.205543,0.764608,-0.208119
-0.178313,0.769296,-0.199431
-0.122973,0.773927,-0.190820
-0.206251,-0.843047,-0.278308
-0.217235,-0.843047,-0.292277
-0.187192,-0.843047,-0.291626
-0.152920,-0.218998,-0.290478
-0.152920,-0.582019,-0.260875
-0.152920,-0.428035,-0.292028
-0.152920,-0.204225,-0.287818
-0.152920,-0.244333,-0.281216
-0.152920,-0.552320,-0.274213
-0.152920,-0.391103,-0.263726
-0.152920,-0.458805,-0.278786
-0.152920,-0.215133,-0.318110
-0.152920,-0.159907,-0.313709
-0.152920,-0.188993,-0.321152
-0.152920,-0.341045,-0.287703
-0.152920,-0.329295,-0.308982
-0.152920,-0.690345,-0.268625
-0.152920,-0.300726,-0.265372
-0.152920,-0.334347,-0.260014
-0.152920,-0.168327,-0.317957
-0.152920,-0.540322,-0.262234
-0.152920,-0.304151,-0.277581
-0.152920,-0.418831,-0.280891
-0.152920,-0.215554,-0.278576
-0.152920,-0.327133,-0.274347
-0.152920,-0.338940,-0.304504
-0.227300,0.745262,0.246274
-0.211513,0.724634,0.274193
-0.195324,0.741205,0.251766
-0.213331,-0.094559,0.116382
-0.176323,-0.094559,0.186533
-0.210499,-0.094559,0.035668
-0.198137,-0.094559,-0.008803
-0.227396,-0.094559,0.210797
-0.210346,-0.094559,-0.064564
-0.216622,-0.094559,0.252130
-0.195267,-0.094559,0.241892
-0.202979,-0.094559,0.255727
-0.210748,-0.094559,-0.131289
-0.159043,-0.094559,0.247997
-0.221999,-0.094559,0.063377
-0.224104,-0.094559,0.111675
-0.209217,-0.094559,0.147879
-0.204261,-0.094559,-0.033449
-0.216737,-0.094559,-0.147229
-0.213101,-0.094559,0.193843
-0.152920,-0.793103,-0.280183
-0.152920,-0.539442,-0.295740
-0.152920,-0.520938,-0.292411
-0.152920,-0.827681,-0.266080
-0.152920,-0.474496,-0.308504
-0.152920,-0.782942,-0.304294
-0.152920,-0.672836,-0.306820
-0.152920,-0.363070,-0.312312
-0.152920,-0.346403,-0.325152
-0.152920,-0.691914,-0.278595
-0.152920,-0.717269,-0.285885
-0.152920,-0.759922,-0.317402
-0.152920,-0.574843,-0.333514
-0.152920,-0.621916,-0.323563
-0.152920,-0.615793,-0.297596
-0.152920,-0.423251,-0.331294
-0.152920,-0.754889,-0.293425
-0.152920,-0.662235,-0.299280
-0.152920,-0.426772,-0.305882
-0.152920,-0.820677,-0.283321
-0.152920,-0.583014,-0.287321
-0.152920,-0.553641,-0.298534
-0.152920,-0.786425,-0.272701
-0.152920,-0.781239,-0.332901
-0.152920,-0.835258,-0.294018
-0.152920,-0.471434,-0.326721
0.416305,-0.237119,-0.259172
0.443612,-0.487125,-0.259172
0.397993,-0.379048,-0.259172
0.426332,-0.493364,-0.259172
0.441794,-0.540112,-0.259172
0.401781,-0.145958,-0.259172
0.441641,-0.106003,-0.259172
0.432743,-0.261613,-0.259172
0.410584,-0.476276,-0.259172
0.440780,-0.608100,-0.259172
0.418870,-0.205220,-0.259172
0.441239,-0.165323,-0.259172
0.425988,-0.142877,-0.259172
0.390568,-0.113695,-0.259172
0.402815,-0.422141,-0.259172
0.403925,-0.292632,-0.259172
0.431269,-0.527846,-0.259172
0.427423,-0.504367,-0.259172
0.439000,-0.149325,-0.259172
0.393553,-0.302812,-0.259172
0.389764,-0.280959,-0.259172
0.422448,-0.613573,-0.259172
0.389745,-0.141078,-0.259172
0.418200,-0.574096,-0.259172
-0.151293,-0.087594,0.337742
-0.175921,0.290295,0.337742
-0.144539,-0.011703,0.337742
-0.183900,0.378242,0.337742
-0.167635,0.232907,0.337742
-0.125422,-0.014171,0.337742
-0.180628,0.351605,0.337742
-0.138473,0.024253,0.337742
-0.190560,0.315592,0.337742
-0.175959,0.261974,0.337742
-0.132981,-0.026781,0.337742
-0.163732,0.816178,-0.026733
-0.142855,0.817977,-0.001340
-0.142261,0.815145,-0.041505
-0.183709,-0.742508,0.263114
-0.213503,-0.824390,0.263114
-0.177949,-0.571226,0.263114
-0.177394,-0.511657,0.263114
-0.195037,-0.744307,0.263114
-0.157149,-0.405378,0.263114
-0.167386,-0.365557,0.263114
-0.188244,-0.647233,0.263114
-0.189220,-0.562672,0.263114
-0.167827,-0.344872,0.263114
-0.158909,-0.314102,0.263114
-0.194368,-0.793141,0.263114
-0.165970,-0.400097,0.263114
-0.162277,-0.688661,0.263114
-0.156269,-0.433259,0.263114
-0.209772,-0.703663,0.263114
-0.173108,-0.393782,0.263114
-0.167865,-0.834723,0.263114
-0.219971,-0.780626,0.263114
-0.173567,-0.667134,0.263114
-0.162603,-0.611028,0.263114
-0.161263,-0.762945,0.263114
-0.165683,-0.752000,0.263114
-0.191038,-0.602570,0.263114
-0.120696,0.792909,0.140302
-0.120696,0.795033,0.078475
-0.120696,0.787073,0.082952
-0.120696,0.219053,-0.273313
-0.120696,0.024942,0.194245
-0.120696,0.230286,-0.039898
-0.120696,0.151466,-0.187318
-0.120696,0.439074,-0.119215
-0.120696,0.443762,-0.311240
-0.120696,0.078675,0.002449
-0.120696,-0.014822,-0.009740
-0.120696,0.064400,-0.308772
-0.120696,0.387025,-0.145584
-0.120696,0.250282,-0.085440
-0.120696,0.068782,0.214777
-0.120696,0.321677,-0.163494
-0.120696,0.292572,-0.047074
-0.120696,0.110593,-0.326415
-0.120696,0.341272,-0.091124
-0.120696,0.040633,0.090779
-0.120696,0.119893,-0.158117
-0.120696,0.488635,-0.170900
-0.120696,0.049608,0.179319
-0.120696,0.464658,-0.182477
-0.120696,0.320854,-0.029699
-0.120696,0.386508,-0.313230
-0.120696,0.072379,0.110010
-0.120696,0.226899,-0.152874
-0.120696,0.328489,-0.284948
-0.120696,0.457865,-0.200694
-0.120696,0.531020,-0.311699
-0.120696,0.242877,-0.169809
-0.120696,0.233367,-0.014601
-0.120696,0.344200,-0.051819
-0.120696,0.062869,0.023116
-0.120696,-0.006708,-0.023097
-0.120696,-0.017711,-0.268166
-0.120696,0.344850,-0.272873
-0.120696,0.457520,-0.311336
-0.120696,0.298389,-0.140283
-0.120696,0.240179,0.015978
-0.120696,0.222478,-0.311278
-0.120696,0.212011,-0.037391
-0.120696,0.400650,-0.243921
-0.120696,0.264749,-0.065329
-0.120696,0.177797,0.039553
-0.120696,0.288821,-0.037755
-0.120696,0.541353,-0.279781
-0.120696,0.153246,0.003712
-0.120696,0.380155,-0.230641
-0.120696,0.361096,-0.049198
-0.120696,0.153361,-0.220805
-0.120696,0.109693,-0.001416
-0.120696,0.199382,-0.130639
-0.120696,0.441159,-0.284106
-0.120696,0.200606,-0.057675
-0.120696,0.015240,0.193326
-0.120696,0.231376,0.056124
-0.120696,0.427133,-0.285043
-0.120696,0.031027,0.089669
-0.120696,0.183308,0.117703
-0.120696,0.228276,-0.322320
-0.120696,0.208280,0.003482
-0.120696,0.087534,-0.167455
-0.120696,-0.003933,0.210376
-0.120696,0.149304,-0.105743
-0.120696,0.534541,-0.222834
-0.120696,0.218613,0.074016
-0.120696,0.316415,-0.115675
-0.120696,0.052899,-0.278863
-0.120696,0.156614,0.106049
-0.120696,0.015853,-0.063282
-0.120696,0.093715,-0.081652
-0.120696,0.129212,0.115062
-0.120696,0.141745,0.001607
-0.120696,0.026205,0.103542
-0.120696,-0.005943,-0.250083
-0.120696,0.212585,-0.249930
-0.120696,0.369363,-0.293042
-0.120696,0.497609,-0.241185
-0.120696,0.127260,-0.274959
-0.120696,0.079172,0.148894
-0.120696,0.079306,0.237855
-0.120696,0.077718,-0.163839
-0.120696,0.192742,-0.047839
-0.120696,0.477039,-0.242792
-0.120696,0.150108,-0.138618
-0.120696,0.047120,0.069519
-0.120696,0.179347,-0.253795
-0.120696,0.036921,-0.191662
-0.120696,0.492979,-0.320655
-0.120696,0.126571,-0.106738
-0.120696,0.063577,-0.077499
-0.120696,0.309239,-0.181386
-0.120696,0.108794,-0.310054
-0.120696,0.305029,-0.000766
-0.120696,0.214595,-0.069749
-0.120696,0.527729,-0.276069
-0.120696,0.097963,0.142139
-0.120696,0.011815,-0.241644
-0.120696,0.160766,-0.048222
-0.120696,0.178026,-0.327582
-0.120696,0.217580,-0.166441
-0.120696,0.473728,-0.253776
-0.120696,0.557006,-0.270558
-0.120696,0.110191,0.120707
-0.120696,0.201640,0.056277
-0.120696,0.421565,-0.309460
-0.120696,0.514085,-0.213744
-0.120696,0.114917,0.012648
-0.120696,0.463357,-0.238008
-0.120696,0.314482,-0.217189
-0.120696,-0.008105,-0.082168
-0.120696,0.096069,-0.191184
-0.120696,0.097466,-0.244821
-0.120696,0.113138,-0.176755
-0.120696,0.232104,-0.222585
-0.120696,0.154872,0.089535
-0.120696,0.191689,-0.101227
-0.120696,-0.002364,0.009778
-0.120696,0.118783,0.144818
-0.120696,0.360982,-0.186974
-0.120696,0.000295,0.291243
-0.120696,-0.008296,-0.126429
-0.120696,0.136617,-0.040721
-0.120696,0.342229,-0.101706
-0.120696,0.414580,-0.301940
-0.120696,0.035907,-0.015672
-0.120696,0.319132,-0.226336
-0.120696,0.402161,-0.102816
-0.120696,-0.014726,-0.164834
-0.120696,0.374128,-0.244285
-0.120696,0.106766,0.026981
-0.120696,0.113980,0.082359
-0.120696,0.296093,-0.261124
-0.120696,0.575395,-0.245299
-0.120696,0.237194,-0.085957
-0.120696,0.126169,-0.309709
-0.120696,0.440318,-0.330835
-0.120696,0.000716,0.260473
-0.120696,0.486798,-0.237817
-0.120696,0.138052,0.136819
-0.120696,-0.010803,0.173827
-0.120696,0.244369,0.035496
-0.120696,0.384710,-0.266118
-0.120696,0.347166,-0.165389
-0.120696,0.062773,0.119980
-0.120696,0.145860,-0.014122
-0.120696,0.159159,-0.017969
-0.120696,0.037686,0.102184
-0.120696,0.081794,-0.093382
-0.120696,-0.009138,-0.214854
-0.120696,0.106096,-0.155878
-0.120696,0.099973,-0.013070
-0.120696,0.024559,-0.051188
-0.120696,0.000028,0.280106
-0.120696,0.201659,-0.114393
-0.120696,0.158240,-0.116325
-0.120696,0.133402,0.032856
-0.120696,0.327934,-0.139288
-0.120696,0.312703,-0.321152
-0.120696,0.494701,-0.282077
-0.120696,0.103838,-0.138025
-0.120696,0.577232,-0.275380
-0.120696,0.529700,-0.287321
-0.120696,0.042623,-0.208673
-0.120696,0.586245,-0.272318
-0.120696,0.311535,-0.049389
-0.120696,0.091132,-0.032454
-0.120696,0.252272,-0.239711
-0.120696,0.151141,-0.065042
-0.120696,0.164019,-0.028283
-0.120696,0.596157,-0.309460
-0.120696,0.202941,-0.182649
-0.120696,0.279675,-0.258828
-0.120696,0.444795,-0.275437
-0.120696,0.153361,-0.158290
-0.120696,0.437237,-0.154405
-0.120696,0.193450,-0.316923
-0.120696,0.111645,-0.274251
-0.120696,0.325619,-0.197383
-0.120696,0.259314,-0.191777
-0.120696,0.227033,-0.178899
-0.120696,0.489132,-0.331734
-0.120696,0.333445,-0.123176
-0.120696,0.361422,-0.328060
-0.120696,0.177893,-0.270845
-0.120696,0.492979,-0.298419
-0.120696,0.216891,-0.092310
-0.120696,-0.020237,0.295204
-0.120696,0.348065,-0.229876
-0.120696,0.181949,-0.204368
-0.120696,0.623674,-0.312713
-0.120696,0.116888,0.159552
-0.120696,0.033457,-0.083470
-0.160842,-0.665564,-0.333801
-0.169262,-0.394394,-0.333801
-0.156154,-0.740308,-0.333801
-0.159177,-0.374053,-0.333801
-0.178619,-0.472506,-0.333801
-0.190540,-0.493804,-0.333801
-0.174122,-0.622758,-0.333801
-0.177739,-0.367318,-0.333801
-0.157991,-0.691225,-0.333801
-0.191459,-0.784339,-0.333801
-0.180533,-0.442406,-0.333801
-0.209982,-0.708007,-0.333801
-0.156364,-0.677007,-0.333801
-0.173223,-0.777431,-0.333801
-0.161282,-0.328128,-0.333801
-0.166277,-0.308074,-0.333801
-0.153628,-0.802460,-0.333801
-0.185489,-0.459647,-0.333801
-0.164975,-0.464603,-0.333801
-0.178485,-0.584583,-0.333801
0.369366,-0.639693,-0.318320
0.369366,-0.319153,-0.322090
0.369366,-0.454384,-0.301519
0.369366,-0.483164,-0.308446
0.369366,-0.284442,-0.308064
0.369366,-0.168097,-0.298400
0.369366,-0.554062,-0.318224
0.369366,-0.161017,-0.328079
0.369366,-0.168308,-0.321152
0.369366,-0.196686,-0.272491
0.369366,-0.161381,-0.276987
0.369366,-0.114173,-0.269505
0.369366,-0.149268,-0.278556
0.369366,-0.570767,-0.310704
0.369366,-0.175312,-0.270787
0.369366,-0.299980,-0.293674
0.369366,-0.353062,-0.332480
0.369366,-0.520861,-0.332060
0.369366,-0.358936,-0.304313
0.369366,-0.359204,-0.295262
0.369366,-0.281954,-0.293693
0.369366,-0.332740,-0.296831
0.369366,-0.290584,-0.329400
0.369366,-0.316226,-0.302151
-0.120696,0.745855,-0.053082
-0.120696,0.720558,0.196407
-0.120696,0.736823,-0.018657
-0.120696,0.731637,0.194034
-0.120696,0.725763,0.217514
-0.120696,0.745893,-0.189691
-0.152920,-0.687034,0.282249
-0.152920,-0.723660,0.298285
-0.152920,-0.556166,0.276202
-0.152920,-0.241119,0.266539
-0.152920,-0.699243,0.315985
-0.152920,-0.756822,0.291032
-0.152920,-0.604905,0.286784
-0.152920,-0.577656,0.276202
-0.152920,-0.414142,0.289253
-0.152920,-0.539193,0.284622
-0.152920,-0.666617,0.271093
-0.152920,-0.840100,0.284756
-0.152920,-0.668894,0.315048
-0.152920,-0.797427,0.306379
-0.152920,-0.581770,0.267036
-0.152920,-0.705902,0.289674
-0.152920,-0.662598,0.297462
-0.152920,-0.653490,0.280240
-0.152920,-0.606646,0.296888
-0.152920,-0.689484,0.297845
-0.152920,-0.253365,0.267017
-0.152920,-0.760936,0.301289
-0.152920,-0.370647,0.275054
-0.152920,-0.624461,0.263745
-0.152920,-0.553832,0.267075
-0.191210,-0.372944,0.337742
-0.203170,-0.640401,0.337742
-0.211781,0.278699,0.337742
-0.192665,-0.476390,0.337742
-0.219110,-0.172728,0.337742
-0.178925,-0.782310,0.337742
-0.217789,-0.074065,0.337742
-0.216660,-0.434350,0.337742
-0.223798,0.562192,0.337742
-0.226381,-0.497114,0.337742
-0.209599,-0.702496,0.337742
-0.223779,-0.376484,0.337742
-0.172897,-0.497420,0.337742
-0.209083,0.211265,0.337742
-0.201199,0.063998,0.337742
-0.199017,-0.178067,0.337742
-0.201314,-0.728941,0.337742
-0.223052,0.090634,0.337742
-0.172993,-0.573905,0.337742
-0.197927,-0.752880,0.337742
-0.207667,-0.377364,0.337742
-0.196434,0.006534,0.337742
-0.217770,-0.095995,0.337742
-0.181528,-0.328052,0.337742
-0.226247,0.274049,0.337742
-0.209446,-0.451744,0.337742
-0.224984,0.486415,0.337742
-0.226764,-0.071635,0.337742
-0.200261,-0.211191,0.337742
-0.166583,-0.762850,0.337742
-0.212451,0.160728,0.337742
-0.208222,0.232754,0.337742
-0.209772,0.197564,0.337742
-0.175557,-0.814190,0.337742
-0.188914,-0.616042,0.337742
-0.191134,-0.114786,0.337742
-0.194234,-0.767442,0.337742
-0.218593,0.017403,0.337742
-0.173204,-0.613707,0.337742
-0.209829,0.080665,0.337742
-0.224640,-0.541528,0.337742
-0.185106,-0.300228,0.337742
-0.171347,-0.639578,0.337742
-0.200108,-0.444625,0.337742
-0.225903,-0.431173,0.337742
-0.120696,0.774654,-0.156242
-0.120696,0.753165,0.123788
-0.120696,0.761546,-0.036415
-0.120696,0.764895,-0.129797
-0.120696,0.750160,-0.042309
-0.120696,0.757222,-0.185137
-0.120696,0.750486,0.016035
0.369366,-0.491488,0.314971
0.369366,-0.545680,0.321018
0.369366,-0.437086,0.325649
0.369366,-0.569255,0.299318
0.369366,-0.559496,0.301423
0.369366,-0.533931,0.316023
0.369366,-0.674290,0.329935
0.369366,-0.740729,0.305384
0.369366,-0.673161,0.290975
0.369366,-0.801255,0.315335
0.369366,-0.726626,0.318702
0.369366,-0.728157,0.332939
0.369366,-0.761701,0.329476
0.369366,-0.827910,0.305269
0.369366,-0.778273,0.331045
0.369366,-0.622222,0.325802
0.369366,-0.686288,0.293329
0.369366,-0.430446,0.336843
0.369366,-0.577751,0.307987
0.369366,-0.268119,0.328710
0.369366,-0.602130,0.316502
0.369366,-0.686633,0.332595
0.443995,-0.066430,0.146081
0.443995,-0.027011,0.221283
0.443995,-0.032541,0.321668
0.443995,-0.032790,0.032894
0.443995,-0.047505,0.082627
0.443995,-0.085011,0.250905
0.443995,-0.070678,0.078570
0.443995,-0.038186,-0.143670
0.443995,-0.061512,0.016973
0.443995,-0.023701,-0.043955
0.443995,-0.038052,-0.155324
0.443995,-0.072324,0.180142
0.443995,-0.052844,0.252149
0.443995,-0.070659,0.251747
0.443995,-0.043353,-0.058593
0.443995,-0.069989,0.136551
0.443995,-0.036062,0.213993
0.443995,-0.024523,-0.101706
0.443995,-0.035966,-0.078781
0.443995,-0.040559,0.024532
-0.120696,0.718185,-0.201574
-0.120696,0.715200,0.217131
-0.120696,0.738450,-0.196216
-0.120696,0.715468,0.027249
-0.120696,0.711047,-0.023078
-0.120696,0.733570,-0.108480
-0.120696,0.718625,-0.126352
-0.120696,0.734814,-0.069367
-0.120696,0.714587,-0.210530
-0.154680,-0.843047,-0.308293
-0.170582,-0.843047,-0.326931
-0.153992,-0.843047,-0.288966
0.433355,-0.843047,-0.292334
0.426849,-0.843047,-0.308102
-0.120696,0.213944,0.111751
-0.120696,0.359527,0.204903
-0.120696,0.531786,0.181730
-0.120696,0.180476,0.330509
-0.120696,0.542961,-0.022599
-0.120696,0.589422,-0.141125
-0.120696,0.230994,0.117167
-0.120696,0.205409,0.210548
-0.120696,0.604482,-0.178688
-0.120696,0.337043,0.240400
-0.120696,0.134244,0.291396
-0.120696,0.504116,0.323065
-0.120696,0.453789,-0.121167
-0.120696,0.469652,0.216882
-0.120696,0.642332,0.270385
-0.120696,0.504498,0.238295
-0.120696,0.634371,-0.072275
-0.120696,0.459109,0.050192
-0.120696,0.310598,0.095065
-0.120696,0.422904,-0.045524
-0.120696,0.472829,0.065290
-0.120696,0.389627,0.077460
-0.120696,0.646561,-0.096329
-0.120696,0.559781,-0.227541
-0.120696,0.229291,0.202971
-0.120696,0.592751,-0.038195
-0.120696,0.481574,0.294400
-0.120696,0.649928,-0.133184
-0.120696,0.421871,-0.063090
-0.120696,0.421775,0.245643
-0.120696,0.386260,0.306724
-0.120696,0.577022,-0.110967
-0.120696,0.252847,0.260205
-0.120696,0.526906,-0.172067
-0.120696,0.661333,-0.103160
-0.120696,0.464447,-0.048872
-0.120696,0.446632,-0.095563
-0.120696,0.156250,0.282517
-0.120696,0.360063,0.276834
-0.120696,0.400190,0.303337
-0.120696,0.521357,0.317535
-0.120696,0.583337,0.097113
-0.120696,0.506240,0.105762
-0.120696,0.118668,0.261353
-0.120696,0.530944,-0.059780
-0.120696,0.413853,0.144263
-0.120696,0.484961,0.088196
-0.120696,0.401109,0.045983
-0.120696,0.625894,0.007673
-0.120696,0.537909,0.104365
-0.120696,0.660396,-0.078781
-0.120696,0.040231,0.314244
-0.120696,0.549180,-0.117626
-0.120696,0.648187,0.103676
-0.120696,0.475068,-0.040108
-0.120696,0.206079,0.159992
-0.120696,0.194694,0.233817
-0.120696,0.310043,0.211218
-0.120696,0.386145,-0.039362
-0.120696,0.083382,0.333265
-0.120696,0.657219,0.023479
-0.120696,0.336737,0.250408
-0.120696,0.495179,-0.068372
-0.120696,0.609744,0.194800
-0.120696,0.563818,-0.005971
-0.120696,0.630525,0.336594
-0.120696,0.431783,0.016629
-0.120696,0.335149,0.186227
-0.120696,0.352294,0.064601
-0.120696,0.627693,-0.025393
-0.120696,0.360828,0.057636
-0.120696,0.528475,0.125567
-0.120696,0.486645,-0.134332
-0.120696,0.325122,0.035190
-0.120696,0.434960,0.296792
-0.120696,0.258989,0.126639
-0.120696,0.522639,-0.182745
-0.120696,0.527078,0.029717
-0.120696,0.456678,0.064046
-0.120696,0.532895,0.234716
-0.120696,0.657851,-0.207851
-0.120696,0.460582,0.034291
-0.120696,0.481057,0.241337
-0.120696,0.655038,0.090721
-0.120696,0.159886,0.293654
-0.120696,0.201640,0.251326
-0.120696,0.084052,0.263764
-0.120696,0.347548,0.256703
-0.120696,0.407787,-0.056067
-0.120696,0.339435,0.299643
-0.120696,0.420665,0.301346
-0.120696,0.524036,0.133987
-0.120696,0.249364,0.198531
-0.120696,0.207744,0.268548
-0.120696,0.339320,0.319659
-0.120696,0.282947,0.276202
-0.120696,0.426616,0.191949
-0.120696,0.660836,0.333073
-0.120696,0.402161,0.202913
-0.120696,0.266299,0.063855
-0.120696,0.325179,0.133470
-0.120696,0.117941,0.320329
-0.120696,0.231185,0.173751
-0.120696,0.628477,-0.222202
-0.120696,0.474896,0.166058
-0.120696,0.656358,0.152701
-0.120696,0.652359,-0.003885
-0.120696,0.662998,-0.186342
-0.120696,0.515788,0.030942
-0.120696,0.046355,0.337168
-0.120696,0.290352,0.185997
-0.120696,0.583719,-0.050595
-0.120696,0.622641,0.032760
-0.120696,0.531671,0.012132
-0.120696,0.559666,0.146348
-0.120696,0.562728,0.263343
-0.120696,0.554021,0.033085
-0.120696,0.368617,0.227732
-0.120696,0.549773,0.230258
-0.120696,0.586877,-0.015596
-0.120696,0.614183,-0.015596
-0.120696,0.396478,0.030483
-0.120696,0.632611,0.245815
-0.120696,0.629109,0.171588
-0.120696,0.592637,0.140627
-0.120696,0.621110,0.160930
-0.120696,0.541258,0.003329
-0.120696,0.408074,0.007941
-0.120696,0.636074,-0.002947
-0.120696,0.303173,0.221494
-0.120696,0.576391,0.326644
-0.120696,0.450804,-0.082073
-0.120696,0.483296,-0.000651
-0.120696,0.249900,0.249508
-0.120696,0.374893,0.155878
-0.120696,0.283004,0.197919
-0.120696,0.340927,0.067395
-0.120696,0.283923,0.159169
-0.120696,0.523021,0.108077
-0.120696,0.410256,0.262922
-0.120696,0.286889,0.306532
-0.120696,0.508440,-0.128706
-0.120696,0.594340,-0.256474
-0.120696,0.666328,-0.068850
-0.120696,0.554385,0.042251
-0.120696,0.525700,0.047303
-0.120696,0.098671,0.249355
-0.120696,0.122055,0.222393
-0.120696,0.454631,0.203564
-0.120696,0.170047,0.253087
-0.120696,0.301700,0.120267
-0.120696,0.560393,0.055952
-0.120696,0.373190,0.309862
-0.120696,0.070083,0.334317
-0.120696,0.177127,0.261104
-0.120696,0.515176,0.157926
-0.120696,0.281894,0.224804
-0.120696,0.500709,0.297003
-0.120696,0.408246,0.280776
-0.120696,0.111358,0.212137
-0.120696,0.417814,0.024302
-0.120696,0.488042,0.041409
-0.120696,0.651995,0.258598
-0.120696,0.207495,0.336039
-0.120696,0.520017,0.208960
-0.120696,0.602262,0.057119
-0.120696,0.496978,0.148587
-0.120696,0.633357,-0.094664
-0.120696,0.412590,0.076791
-0.120696,0.567875,-0.077882
-0.120696,0.661563,0.113761
-0.120696,0.581538,0.123979
-0.120696,0.330173,0.301959
-0.120696,0.153303,0.203047
-0.120696,0.296801,0.088444
-0.120696,0.497456,0.309422
-0.120696,0.466093,-0.092042
-0.120696,0.470399,-0.027383
-0.120696,0.304264,0.033353
-0.120696,0.476063,0.124323
-0.120696,0.474283,0.188963
-0.120696,0.231549,0.232650
-0.120696,0.348754,0.097936
-0.120696,0.075039,0.263401
-0.120696,0.599793,0.172602
-0.120696,0.503159,0.070782
-0.120696,0.647938,0.037429
-0.120696,0.348161,0.206109
-0.120696,0.583222,-0.201612
-0.120696,0.237385,0.323869
-0.120696,0.155963,0.249566
-0.227549,0.180399,0.300218
-0.227549,0.337387,0.320999
-0.227549,0.009614,0.299739
-0.227549,0.630908,0.334508
-0.227549,-0.039334,0.287932
-0.227549,-0.537892,0.266998
-0.227549,0.378337,0.316425
-0.227549,-0.165476,0.267572
-0.227549,-0.069894,0.291473
-0.227549,-0.095497,0.299950
-0.227549,-0.190620,0.281886
-0.227549,-0.588065,0.264511
-0.227549,-0.213870,0.289808
-0.227549,-0.430312,0.278058
-0.227549,-0.125693,0.273485
-0.227549,0.422713,0.320846
-0.227549,0.521452,0.324634
-0.227549,-0.156195,0.273313
-0.227549,0.128236,0.310111
-0.227549,0.110861,0.289138
-0.227549,-0.239263,0.282785
-0.227549,-0.090197,0.289291
-0.227549,0.059960,0.286536
-0.227549,-0.313030,0.263898
-0.227549,-0.023413,0.300160
0.372160,-0.793065,-0.259172
0.374858,-0.473673,-0.259172
0.382282,-0.383449,-0.259172
0.389458,-0.492177,-0.259172
0.397935,-0.478093,-0.259172
0.425739,-0.694593,-0.259172
0.377020,-0.434866,-0.259172
0.400232,-0.787860,-0.259172
0.395046,-0.409588,-0.259172
0.382990,-0.327554,-0.259172
0.388234,-0.394012,-0.259172
0.419004,-0.734051,-0.259172
0.424515,-0.826839,-0.259172
0.397859,-0.685083,-0.259172
0.377211,-0.617343,-0.259172
0.396481,-0.651634,-0.259172
0.410699,-0.787668,-0.259172
0.418506,-0.704639,-0.259172
0.430906,-0.712064,-0.259172
0.378627,-0.534428,-0.259172
-0.193851,0.817460,0.012782
-0.176380,0.817116,0.017585
-0.218402,0.814360,0.056641
-0.227549,-0.304151,0.337704
-0.227549,-0.173934,0.316425
-0.227549,-0.434522,0.327620
-0.227549,-0.124373,0.329074
-0.227549,-0.307596,0.309575
-0.227549,0.228334,0.321573
-0.227549,-0.592811,0.277427
-0.227549,-0.832790,0.304083
-0.227549,-0.752976,0.315526
-0.227549,-0.074104,0.313899
-0.227549,-0.742413,0.328366
-0.227549,-0.729879,0.320597
-0.227549,-0.024944,0.326204
-0.227549,0.343032,0.333226
-0.227549,-0.168652,0.333399
-0.227549,-0.613458,0.315430
-0.227549,-0.717441,0.329361
-0.227549,-0.811530,0.309747
-0.227549,-0.527176,0.294075
-0.227549,-0.046491,0.330241
-0.227549,0.148787,0.329227
-0.227549,-0.200054,0.334547
-0.227549,-0.181511,0.309288
-0.227549,-0.617438,0.294343
-0.227549,0.057147,0.330930
-0.227549,-0.590496,0.334795
-0.227549,-0.523636,0.305212
-0.227549,-0.039200,0.323142
-0.227549,-0.458900,0.330853
-0.227549,-0.722033,0.296601
-0.227549,-0.554712,0.328060
-0.227549,0.038471,0.315602
-0.227549,0.457004,0.334853
-0.227549,0.122591,0.334700
-0.227549,-0.190409,0.304485
-0.227549,-0.651749,0.305843
-0.227549,-0.608655,0.299490
-0.227549,-0.630087,0.284756
-0.227549,-0.762677,0.289291
-0.227549,0.448144,0.337149
-0.227549,-0.279562,0.293252
-0.227549,-0.545163,0.318626
-0.227549,-0.442654,0.336805
-0.227549,-0.763940,0.276528
-0.227549,-0.353731,0.319104
-0.227549,-0.826992,0.328844
-0.227549,-0.779038,0.274499
-0.227549,-0.821309,0.276107
-0.227549,-0.265076,0.323946
-0.227549,-0.842913,0.288258
-0.227549,-0.570633,0.283378
-0.227549,-0.460202,0.307929
-0.158125,0.479010,0.337742
-0.187670,0.485726,0.337742
-0.148461,0.424856,0.337742
-0.138587,0.275407,0.337742
-0.136923,0.643001,0.337742
-0.194348,0.594608,0.337742
-0.186407,0.411480,0.337742
-0.121193,0.418005,0.337742
-0.152863,0.604883,0.337742
-0.139869,0.630602,0.337742
-0.128924,0.241116,0.337742
-0.161608,0.368923,0.337742
-0.150719,0.319113,0.337742
-0.129039,0.549429,0.337742
-0.121155,0.307134,0.337742
-0.187498,0.647766,0.337742
-0.150911,0.552337,0.337742
-0.206174,0.589039,0.337742
-0.124523,0.120218,0.337742
-0.130799,0.654043,0.337742
-0.125728,0.378892,0.337742
-0.179327,0.638217,0.337742
-0.132541,0.175405,0.337742
-0.170104,0.320165,0.337742
-0.152116,0.645145,0.337742
-0.191153,0.474207,0.337742
-0.203648,0.624708,0.337742
-0.144845,0.292247,0.337742
-0.120696,0.813614,0.060621
0.443995,-0.482131,0.284335
0.443995,-0.609650,0.267323
0.443995,-0.550483,0.274939
0.443995,-0.760764,0.322721
0.443995,-0.739676,0.301595
0.443995,-0.770657,0.309651
0.443995,-0.435134,0.287665
0.443995,-0.747905,0.271610
0.443995,-0.772570,0.293233
0.443995,-0.410105,0.272662
0.443995,-0.651385,0.263152
0.443995,-0.813769,0.333552
0.443995,-0.616616,0.279188
0.443995,-0.529243,0.291434
0.443995,-0.806900,0.295778
0.443995,-0.543307,0.263171
0.443995,-0.204264,0.269868
0.443995,-0.702247,0.272031
0.443995,-0.568739,0.303777
0.443995,-0.726396,0.287511
0.443995,-0.784683,0.310111
0.443995,-0.620462,0.269830
-0.152920,-0.536380,0.326644
-0.152920,-0.154683,0.296677
-0.152920,-0.225274,0.296237
-0.152920,-0.154071,0.319372
-0.152920,-0.187137,0.294132
-0.152920,-0.128640,0.335982
-0.152920,-0.382684,0.332557
-0.152920,-0.283102,0.299069
-0.152920,-0.196820,0.289061
-0.152920,-0.184841,0.317439
-0.152920,-0.168767,0.278690
-0.152920,-0.315996,0.309766
-0.152920,-0.145843,0.333934
-0.152920,-0.179502,0.333303
-0.152920,-0.691302,0.324367
-0.152920,-0.281169,0.325075
-0.152920,-0.297090,0.324634
-0.152920,-0.101601,0.288028
-0.152920,-0.704792,0.326204
-0.152920,-0.208799,0.335427
-0.152920,-0.114556,0.320176
-0.152920,-0.402202,0.319315
-0.152920,-0.512403,0.311622
-0.152920,-0.155793,0.282249
-0.152920,-0.505553,0.329858
-0.227549,0.780031,0.081096
-0.227549,0.783131,-0.097687
-0.227549,0.781351,0.024895
-0.227549,0.784298,-0.051781
-0.227549,-0.262627,-0.330299
-0.227549,0.077067,-0.315201
-0.227549,-0.028637,-0.269639
-0.227549,0.282660,-0.313134
-0.227549,-0.154109,-0.323602
-0.227549,0.606586,-0.328424
-0.227549,-0.128831,-0.323429
-0.227549,-0.083423,-0.269142
-0.227549,0.084377,-0.320425
-0.227549,-0.164060,-0.297271
-0.227549,0.026454,-0.331639
-0.227549,-0.283887,-0.331792
-0.227549,0.238820,-0.318263
-0.227549,-0.031278,-0.303088
-0.227549,0.030855,-0.298457
-0.227549,-0.292746,-0.308944
-0.227549,-0.119991,-0.299759
-0.227549,0.472063,-0.315278
-0.227549,-0.074716,-0.333782
-0.227549,-0.348067,-0.324137
-0.227549,0.013040,-0.315526
-0.227549,-0.334577,-0.304447
-0.227549,0.286965,-0.298802
-0.227549,-0.042300,-0.286000
-0.227549,-0.657202,-0.330854
-0.227549,-0.597652,-0.327869
-0.227549,0.032367,-0.323142
-0.227549,-0.268770,-0.291741
-0.227549,-0.513781,-0.305595
-0.227549,-0.088436,-0.315144
-0.227549,0.248924,-0.300983
-0.227549,0.179615,-0.309652
-0.227549,-0.366131,-0.332672
-0.227549,0.368502,-0.329247
-0.227549,0.318309,-0.302706
-0.227549,0.226535,-0.321114
-0.227549,-0.390816,-0.313900
-0.227549,-0.540609,-0.318550
-0.227549,0.508804,-0.328271
-0.227549,-0.173264,-0.278212
-0.227549,-0.021041,-0.295645
-0.227549,-0.057360,-0.328998
-0.227549,-0.222595,-0.297118
-0.227549,-0.454097,-0.325286
-0.227549,-0.215955,-0.275093
-0.227549,0.622794,-0.329935
-0.227549,0.207514,-0.324061
-0.227549,-0.056709,-0.309537
-0.219435,-0.577522,-0.259172
-0.214001,-0.822916,-0.259172
-0.197180,-0.672759,-0.259172
-0.221349,-0.702573,-0.259172
-0.195554,-0.566423,-0.259172
-0.199611,-0.627657,-0.259172
-0.209389,-0.734663,-0.259172
-0.207896,-0.309107,-0.259172
-0.225291,-0.666177,-0.259172
-0.194521,-0.531061,-0.259172
-0.191842,-0.684260,-0.259172
-0.184321,-0.827356,-0.259172
-0.205351,-0.655805,-0.259172
-0.203993,-0.454365,-0.259172
-0.188799,-0.701578,-0.259172
-0.227376,-0.541968,-0.259172
-0.211685,-0.619161,-0.259172
-0.191478,-0.726033,-0.259172
-0.220583,-0.829365,-0.259172
-0.180226,-0.580545,-0.259172
-0.223836,-0.485365,-0.259172
-0.224372,-0.505974,-0.259172
-0.160670,-0.841401,-0.259172
-0.172534,-0.816257,-0.259172
-0.220622,-0.164309,-0.259172
-0.197927,-0.481040,-0.259172
-0.120696,0.702207,-0.156127
-0.120696,0.686630,0.313268
-0.120696,0.709076,0.186131
-0.120696,0.683703,0.097610
-0.120696,0.707814,0.244782
-0.120696,0.698093,0.192465
-0.120696,0.706531,0.207965
-0.120696,0.685769,0.252149
-0.120696,0.689998,0.300600
-0.120696,0.705058,-0.195757
-0.120696,0.704293,0.104269
-0.120696,0.681445,0.132303
-0.224142,-0.843047,0.302686
-0.190751,-0.843047,0.328768
-0.135487,0.778940,-0.181233
-0.198443,0.787494,-0.158060
-0.207169,0.792507,-0.144455
-0.217732,0.808141,0.091104
-0.198367,0.807261,0.095199
-0.226420,0.803549,0.112440
-0.163177,-0.843047,0.270825
-0.155790,-0.843047,0.316502
-0.222497,0.790747,0.153180
-0.220870,0.797234,0.135594
-0.215704,0.440834,-0.333801
-0.221961,-0.664321,-0.333801
-0.188034,-0.289034,-0.333801
-0.164095,-0.020868,-0.333801
-0.204337,0.317008,-0.333801
-0.221636,-0.373269,-0.333801
-0.206385,-0.270760,-0.333801
-0.207322,0.096853,-0.333801
-0.183709,0.104852,-0.333801
-0.179021,0.009098,-0.333801
-0.169147,-0.077854,-0.333801
-0.210862,-0.510126,-0.333801
-0.193602,0.179251,-0.333801
-0.199247,0.217006,-0.333801
-0.212891,0.330824,-0.333801
-0.193621,-0.436187,-0.333801
-0.189105,0.270509,-0.333801
-0.204567,0.108775,-0.333801
-0.214211,0.272690,-0.333801
-0.198348,0.298714,-0.333801
-0.207514,0.414695,-0.333801
-0.213350,-0.302448,-0.333801
-0.202232,-0.525071,-0.333801
-0.164822,-0.005292,-0.333801
-0.182695,-0.187252,-0.333801
-0.181030,-0.090503,-0.333801
-0.192205,-0.070927,-0.333801
-0.189660,-0.083231,-0.333801
-0.198826,-0.198217,-0.333801
-0.164918,-0.102290,-0.333801
-0.196836,0.005960,-0.333801
-0.175500,-0.275524,-0.333801
-0.205562,-0.250342,-0.333801
-0.214843,-0.398987,-0.333801
-0.202596,-0.413262,-0.333801
-0.208815,-0.539385,-0.333801
-0.205485,-0.020199,-0.333801
-0.172094,-0.157305,-0.333801
-0.224793,0.485267,-0.333801
-0.209829,-0.651232,-0.333801
-0.189794,-0.349981,-0.333801
-0.164841,0.003874,-0.333801
-0.212202,-0.051619,-0.333801
-0.201735,-0.393782,-0.333801
-0.206691,-0.203517,-0.333801
-0.201735,-0.262512,-0.333801
-0.167080,0.808983,-0.083297
-0.147064,0.811758,-0.070362
-0.129192,0.801846,-0.116440
-0.193640,0.715965,0.285962
-0.181126,0.726088,0.272241
-0.124733,0.713516,0.289272
-0.208337,-0.544054,0.263114
-0.221597,-0.765280,0.263114
-0.215972,-0.233809,0.263114
-0.217713,-0.743293,0.263114
-0.196396,-0.276405,0.263114
-0.225788,-0.599872,0.263114
-0.196721,-0.216817,0.263114
-0.197850,-0.410124,0.263114
-0.199821,-0.162357,0.263114
-0.191402,-0.324052,0.263114
-0.205083,-0.272195,0.263114
-0.209676,-0.209373,0.263114
-0.210805,-0.562175,0.263114
-0.224678,-0.731640,0.263114
-0.198137,-0.524803,0.263114
-0.224851,-0.657948,0.263114
-0.222210,-0.752153,0.263114
-0.162603,-0.142800,0.263114
-0.205256,-0.609057,0.263114
-0.173280,-0.216549,0.263114
-0.185948,-0.218749,0.263114
-0.202175,-0.297301,0.263114
-0.226936,-0.215190,0.263114
-0.215474,-0.488101,0.263114
-0.227549,-0.517283,-0.263076
-0.227549,-0.735141,-0.295874
-0.227549,-0.645549,-0.284278
-0.227549,-0.755980,-0.290975
-0.227549,-0.642965,-0.306418
-0.227549,-0.269554,-0.272376
-0.227549,-0.835718,-0.330242
-0.227549,-0.355473,-0.264243
-0.227549,-0.573101,-0.300046
-0.227549,-0.752095,-0.303356
-0.227549,-0.805637,-0.300830
-0.227549,-0.486877,-0.290210
-0.227549,-0.780033,-0.299682
-0.227549,-0.174470,-0.264128
-0.227549,-0.718972,-0.297596
-0.227549,-0.767155,-0.283360
-0.227549,-0.665277,-0.282116
-0.227549,-0.613056,-0.262368
-0.227549,-0.744211,-0.265697
-0.227549,-0.527119,-0.268855
-0.227549,-0.529109,-0.292908
-0.227549,-0.835316,-0.294956
-0.180992,0.767287,0.207085
-0.223607,0.771956,0.198435
-0.189258,0.771841,0.198646
-0.179002,0.772874,0.196752
0.443995,-0.288498,-0.274882
0.443995,-0.499774,-0.266520
0.443995,-0.170796,-0.271668
0.443995,-0.676223,-0.263975
0.443995,-0.329429,-0.290172
0.443995,-0.461981,-0.261889
0.443995,-0.066602,-0.322721
0.443995,-0.243338,-0.289751
0.443995,-0.228547,-0.292736
0.443995,-0.520881,-0.269525
0.443995,-0.626968,-0.260626
0.443995,-0.706591,-0.261430
0.443995,-0.314140,-0.272089
0.443995,-0.125961,-0.315258
0.443995,-0.552473,-0.272337
0.443995,-0.380138,-0.262004
0.443995,-0.384846,-0.274691
0.443995,-0.151086,-0.308236
0.443995,-0.453906,-0.284546
0.443995,-0.416783,-0.270615
0.443995,-0.069147,-0.308293
0.443995,-0.178029,-0.288947
0.443995,-0.118555,-0.309537
0.443995,-0.175465,0.316885
0.443995,-0.705213,0.334853
0.443995,-0.151756,0.307030
0.443995,-0.403503,0.307527
0.443995,-0.256351,0.286689
0.443995,-0.117426,0.307891
0.443995,-0.092148,0.298763
0.443995,-0.160826,0.271189
0.443995,-0.260867,0.298208
0.443995,-0.474592,0.314320
0.443995,-0.371853,0.318568
0.443995,-0.323382,0.286995
0.443995,-0.430675,0.315775
0.443995,-0.301090,0.324080
0.443995,-0.618185,0.335848
0.443995,-0.343513,0.333092
0.443995,-0.280251,0.286784
0.443995,-0.663077,0.337073
0.443995,-0.299922,0.293233
0.443995,-0.339973,0.324749
0.443995,-0.573982,0.329705
0.443995,-0.531673,0.307470
0.443995,-0.242630,0.278269
0.443995,-0.498760,0.310780
0.443995,-0.562060,0.327046
0.378876,-0.031336,-0.333801
0.308457,-0.054643,-0.333801
0.240010,-0.045266,-0.333801
0.369978,-0.073778,-0.333801
0.344471,-0.088608,-0.333801
0.351646,-0.038645,-0.333801
0.291733,-0.060594,-0.333801
0.075712,-0.026341,-0.333801
0.361788,-0.053054,-0.333801
0.364391,-0.042319,-0.333801
0.097258,-0.037210,-0.333801
0.037957,-0.032560,-0.333801
0.072401,-0.049036,-0.333801
-0.011872,-0.032752,-0.333801
0.324627,-0.064746,-0.333801
0.185263,-0.060613,-0.333801
0.351551,-0.077892,-0.333801
-0.197276,0.814590,-0.049217
-0.224946,0.816274,-0.025374
-0.191612,0.815374,-0.038137
-0.227549,0.758542,0.074246
-0.227549,0.762733,0.058153
-0.227549,0.757202,0.031018
-0.227549,0.760283,-0.053121
-0.061395,-0.022284,0.111158
0.280826,-0.022284,-0.220882
0.250611,-0.022284,-0.271113
0.183885,-0.022284,-0.170709
0.142935,-0.022284,-0.250619
-0.065930,-0.022284,0.054268
-0.046488,-0.022284,0.095869
0.138629,-0.022284,-0.299759
-0.070522,-0.022284,0.037429
0.064536,-0.022284,-0.118679
0.169208,-0.022284,-0.206435
0.017138,-0.022284,-0.050212
-0.017440,-0.022284,0.117932
0.028983,-0.022284,-0.215294
0.312304,-0.022284,-0.237606
0.195118,-0.022284,-0.328500
-0.020234,-0.022284,0.007214
-0.065317,-0.022284,0.078857
0.063082,-0.022284,-0.192313
-0.013077,-0.022284,0.128725
-0.079918,-0.022284,0.212845
-0.064265,-0.022284,0.011787
-0.113692,-0.022284,-0.007635
0.045956,-0.022284,-0.047992
-0.109291,-0.022284,0.095563
-0.011853,-0.022284,0.200693
-0.095418,-0.022284,0.204635
0.323938,-0.022284,-0.318244
0.263164,-0.022284,-0.181826
0.295369,-0.022284,-0.258062
0.091173,-0.022284,-0.001818
0.356947,-0.022284,-0.310455
0.149479,-0.022284,0.012629
0.094598,-0.022284,-0.304045
-0.058639,-0.022284,-0.138389
0.293130,-0.022284,-0.275036
0.351551,-0.022284,-0.296984
0.119781,-0.022284,-0.236573
-0.008638,-0.022284,-0.081269
0.073224,-0.022284,0.038213
-0.033839,-0.022284,0.203468
0.292690,-0.022284,-0.327276
-0.114553,-0.022284,0.201459
-0.091878,-0.022284,-0.228479
-0.080875,-0.022284,-0.208061
0.085299,-0.022284,-0.135614
-0.043388,-0.022284,0.138560
0.334271,-0.022284,-0.324252
0.171753,-0.022284,-0.169656
0.030724,-0.022284,-0.278346
-0.058027,-0.022284,-0.155209
0.227801,-0.022284,-0.218681
-0.080434,-0.022284,-0.261468
0.167907,-0.022284,-0.319315
-0.040805,-0.022284,-0.308791
0.030801,-0.022284,-0.239061
0.129846,-0.022284,-0.239156
0.275487,-0.022284,-0.268874
0.091556,-0.022284,-0.203048
0.162874,-0.022284,-0.032358
0.220683,-0.022284,-0.204004
0.288710,-0.022284,-0.208616
0.223113,-0.022284,-0.171971
0.105946,-0.022284,-0.188792
0.036713,-0.022284,0.004784
0.004183,-0.022284,-0.287187
-0.086902,-0.022284,-0.067013
-0.021076,-0.022284,-0.136571
0.063618,-0.022284,-0.060143
0.303712,-0.022284,-0.286211
-0.023162,-0.022284,0.105226
0.114327,-0.022284,-0.037219
-0.015565,-0.022284,-0.282403
0.119360,-0.022284,-0.159667
0.055371,-0.022284,-0.224384
0.252103,-0.022284,-0.294611
0.023586,-0.022284,0.091697
-0.060246,-0.022284,0.145526
0.007245,-0.022284,-0.049198
0.033231,-0.022284,0.083335
-0.112525,-0.022284,-0.101954
0.056997,-0.022284,0.030464
0.182775,-0.022284,-0.077863
0.188841,-0.022284,-0.041811
0.201164,-0.022284,-0.240247
0.296746,-0.022284,-0.224843
0.368639,-0.022284,-0.319392
-0.105636,-0.022284,-0.188753
-0.073335,-0.022284,0.156318
-0.104067,-0.022284,0.140799
0.003494,-0.022284,-0.097362
0.217391,-0.022284,-0.124726
0.133635,-0.022284,-0.150482
0.141347,-0.022284,-0.191987
0.027567,-0.022284,0.146999
-0.058352,-0.022284,-0.175837
0.344853,-0.022284,-0.223599
-0.023449,-0.022284,-0.253164
0.214827,-0.022284,-0.303414
-0.068819,-0.022284,-0.193480
-0.090634,-0.022284,0.300198
-0.093772,-0.022284,-0.308140
0.324512,-0.022284,-0.290842
0.239321,-0.022284,-0.098816
0.075960,-0.022284,0.080446
0.246286,-0.022284,-0.129108
-0.060266,-0.022284,-0.286785
-0.049626,-0.022284,0.002966
0.123283,-0.022284,-0.259172
-0.105272,-0.022284,0.169904
-0.013403,-0.022284,0.153161
-0.048497,-0.022284,-0.148301
-0.082539,-0.022284,-0.129261
0.105180,-0.022284,0.034425
-0.118552,-0.022284,0.146731
-0.092452,-0.022284,-0.041620
0.021922,-0.022284,0.052871
0.083634,-0.022284,0.034176
-0.105980,-0.022284,-0.115330
0.006805,-0.022284,-0.237683
0.175810,-0.022284,-0.218413
0.093527,-0.022284,0.011003
0.398433,-0.022284,-0.316043
0.231724,-0.022284,-0.257718
0.052366,-0.022284,-0.084732
-0.056726,-0.022284,-0.084407
0.200495,-0.022284,-0.220174
0.010938,-0.022284,0.097266
0.080629,-0.022284,-0.244304
0.003609,-0.022284,-0.297998
-0.043866,-0.022284,-0.274825
0.153211,-0.022284,-0.274232
-0.111109,-0.022284,0.004267
-0.023277,-0.022284,0.200770
-0.081296,-0.022284,-0.298056
-0.073909,-0.022284,-0.066324
0.126938,-0.022284,-0.300524
0.118078,-0.022284,-0.182305
0.110577,-0.022284,-0.154214
0.004968,-0.022284,-0.016285
-0.083152,-0.022284,0.262233
-0.049626,-0.022284,-0.074131
-0.109387,-0.022284,0.081479
-0.008217,-0.022284,-0.207812
0.019683,-0.022284,-0.227981
0.328454,-0.022284,-0.219255
0.185932,-0.022284,-0.196427
-0.008523,-0.022284,-0.159859
0.099669,-0.022284,-0.137432
-0.068456,-0.022284,-0.324692
0.185378,-0.022284,-0.111982
-0.086003,-0.022284,-0.317383
0.013119,-0.022284,0.134025
0.161745,-0.022284,-0.055302
0.018803,-0.022284,-0.283149
0.072172,-0.022284,-0.010640
-0.104163,-0.022284,0.288239
0.205967,-0.022284,0.005281
0.407216,-0.022284,-0.034215
0.342327,-0.022284,0.114143
0.250955,-0.022284,0.079297
-0.068838,-0.022284,0.315086
-0.051693,-0.022284,0.263707
0.070775,-0.022284,0.283091
0.409780,-0.022284,-0.153008
0.397342,-0.022284,0.176219
0.127033,-0.022284,0.282766
0.241713,-0.022284,0.283914
0.319116,-0.022284,0.154806
0.439670,-0.022284,-0.185749
0.148829,-0.022284,0.052336
0.379068,-0.022284,0.113263
0.160367,-0.022284,0.300638
0.207345,-0.022284,0.063147
0.342672,-0.022284,0.156777
0.170031,-0.022284,0.264338
0.406757,-0.022284,-0.226546
0.105563,-0.022284,0.191317
-0.044039,-0.022284,0.283110
0.413148,-0.022284,0.216997
0.344088,-0.022284,0.039687
0.168309,-0.022284,0.082933
0.253691,-0.022284,-0.050576
0.258820,-0.022284,-0.091239
0.132353,-0.022284,0.151439
0.418123,-0.022284,0.095180
0.409761,-0.022284,0.263439
0.280634,-0.022284,0.144301
0.218826,-0.022284,0.303719
0.173150,-0.022284,0.074150
0.365711,-0.022284,0.102356
0.337371,-0.022284,0.087124
0.288327,-0.022284,-0.042826
0.192285,-0.022284,0.092176
-0.107760,-0.022284,0.327543
0.212206,-0.022284,0.286440
0.280213,-0.022284,-0.128610
0.392501,-0.022284,-0.219102
0.338328,-0.022284,0.006161
0.284442,-0.022284,0.002200
0.406144,-0.022284,-0.069501
0.284079,-0.022284,0.156586
-0.046603,-0.022284,0.309575
0.215133,-0.022284,0.166690
0.382990,-0.022284,-0.086723
0.310581,-0.022284,-0.053771
0.433259,-0.022284,0.332059
0.125502,-0.022284,0.187337
0.282203,-0.022284,0.238065
0.338251,-0.022284,0.260167
0.214215,-0.022284,0.184352
0.200667,-0.022284,0.173138
0.088016,-0.022284,0.220460
0.350154,-0.022284,0.238046
0.335572,-0.022284,-0.065157
0.339629,-0.022284,0.241414
0.408001,-0.022284,-0.208329
0.375432,-0.022284,0.184639
0.146762,-0.022284,0.143325
0.229504,-0.022284,0.036549
0.256600,-0.022284,0.096673
0.345791,-0.022284,-0.134676
0.408001,-0.022284,0.318224
0.364888,-0.022284,0.223293
0.386454,-0.022284,-0.047629
0.096072,-0.022284,0.240782
0.032312,-0.022284,0.173043
0.098866,-0.022284,0.157351
0.417874,-0.022284,-0.182132
0.104109,-0.022284,0.305729
0.418200,-0.022284,-0.268970
0.095096,-0.022284,0.293156
0.435192,-0.022284,0.192274
0.182450,-0.022284,0.202779
0.244181,-0.022284,0.009740
0.231915,-0.022284,0.318415
0.219668,-0.022284,0.015289
0.295426,-0.022284,0.213629
0.305262,-0.022284,-0.035420
0.230327,-0.022284,0.275265
0.328531,-0.022284,0.082742
0.382627,-0.022284,-0.230144
0.320264,-0.022284,0.258712
0.280003,-0.022284,0.209898
0.405245,-0.022284,0.153524
0.398452,-0.022284,-0.053848
0.273899,-0.022284,0.163092
0.427748,-0.022284,-0.111216
0.006307,-0.022284,0.209917
0.045133,-0.022284,0.142330
0.390568,-0.022284,-0.238697
0.417741,-0.022284,-0.054288
0.137519,-0.022284,0.326012
0.099057,-0.022284,0.227809
0.382569,-0.022284,0.323008
0.180441,-0.022284,0.123730
0.275276,-0.022284,0.004286
0.106424,-0.022284,0.330012
0.134649,-0.022284,0.057177
0.025825,-0.022284,0.246179
0.096550,-0.022284,0.111464
0.396825,-0.022284,-0.179664
0.326081,-0.022284,-0.161217
0.344796,-0.022284,-0.086990
0.380905,-0.022284,0.258177
0.142858,-0.022284,0.090913
0.228299,-0.022284,0.054096
0.230327,-0.022284,0.191681
0.285303,-0.022284,0.333781
0.354823,-0.022284,0.100213
0.339074,-0.022284,-0.167073
0.443669,-0.022284,-0.123616
0.262513,-0.022284,0.274174
0.205910,-0.022284,0.213227
0.040407,-0.022284,0.235463
0.268311,-0.022284,0.205401
0.292326,-0.022284,-0.151305
0.250706,-0.022284,0.326931
0.412459,-0.022284,-0.093841
0.213201,-0.022284,0.244476
0.013521,-0.022284,0.190800
0.331420,-0.022284,0.099294
0.372600,-0.022284,0.018102
0.352431,-0.022284,0.139536
0.311423,-0.022284,0.273294
0.405226,-0.022284,-0.236860
0.431346,-0.022284,0.079508
0.208206,-0.022284,-0.037028
0.429356,-0.022284,-0.229780
0.303138,-0.022284,0.109130
0.076573,-0.022284,0.248934
0.374724,-0.022284,0.124400
0.159506,-0.022284,0.193211
0.109218,-0.022284,0.262750
0.413359,-0.022284,-0.243730
0.121828,-0.022284,0.198722
0.359224,-0.022284,-0.016591
0.419826,-0.022284,0.247231
0.259643,-0.022284,-0.066592
0.412765,-0.022284,-0.296582
-0.075440,-0.022284,0.291262
0.412344,-0.022284,0.066017
0.355741,-0.022284,-0.205803
0.366629,-0.022284,0.322376
0.376523,-0.022284,0.079489
-0.073986,-0.022284,0.328021
0.178393,-0.022284,0.221513
0.310696,-0.022284,0.047858
0.314083,-0.022284,-0.129567
0.414545,-0.022284,0.129107
0.363051,-0.022284,-0.135308
0.376465,-0.022284,0.333284
0.427117,-0.022284,-0.157180
0.185339,-0.022284,0.115464
-0.067422,-0.094559,0.299261
-0.087763,-0.094559,0.303930
-0.135870,-0.094559,0.302437
0.173571,-0.094559,0.336632
-0.053051,-0.094559,0.286708
-0.094997,-0.094559,0.294324
-0.116103,-0.094559,0.273447
-0.013881,-0.094559,0.305078
-0.043465,-0.094559,0.312082
0.188401,-0.094559,0.324386
-0.143716,-0.094559,0.287454
0.225390,-0.094559,0.326223
0.251587,-0.094559,0.331447
0.158913,-0.094559,0.334834
0.398433,-0.025365,0.337742
0.389535,-0.052844,0.337742
0.336568,-0.028905,0.337742
0.111648,-0.044176,0.337742
0.155143,-0.043659,0.337742
-0.028175,-0.031125,0.337742
0.321852,-0.044463,0.337742
0.366362,-0.048634,0.337742
-0.056572,-0.027317,0.337742
0.115954,-0.026265,0.337742
0.333487,-0.063215,0.337742
0.420879,-0.024007,0.337742
0.057916,-0.026877,0.337742
0.253194,-0.075998,0.337742
0.129272,-0.037650,0.337742
-0.120696,0.673465,0.237702
-0.120696,0.702302,-0.227579
-0.120696,0.683818,0.079546
-0.120696,0.676010,-0.267420
-0.120696,0.686382,-0.287761
-0.120696,0.691701,-0.227656
-0.120696,0.672681,-0.107083
-0.120696,0.670882,0.223006
-0.120696,0.674077,0.176487
-0.120696,0.668873,-0.248954
-0.189335,0.782059,0.176717
-0.137305,0.785446,0.167512
-0.136119,0.788757,0.158557
-0.227549,0.532417,0.125185
-0.227549,0.431534,0.086473
-0.227549,0.281722,-0.022064
-0.227549,0.308608,0.029143
-0.227549,0.485248,0.128074
-0.227549,0.597937,-0.228326
-0.227549,0.533431,-0.306207
-0.227549,0.238552,-0.079336
-0.227549,0.288094,-0.150769
-0.227549,0.276192,-0.247174
-0.227549,0.505474,-0.125874
-0.227549,0.377936,-0.270424
-0.227549,0.599449,0.040567
-0.227549,0.338593,-0.188485
-0.227549,0.538655,-0.076026
-0.227549,0.348735,-0.198053
-0.227549,0.122706,-0.155266
-0.227549,0.391407,-0.300467
-0.227549,0.378318,-0.146655
-0.227549,0.525739,-0.217476
-0.227549,0.165397,-0.064755
-0.227549,0.363718,-0.108556
-0.227549,0.592790,-0.013854
-0.227549,0.446575,-0.079432
-0.227549,0.564526,0.187088
-0.227549,0.551476,0.074935
-0.227549,0.252062,-0.030368
-0.227549,0.117750,-0.101801
-0.227549,0.077584,-0.248935
-0.227549,0.237921,-0.171933
-0.227549,0.313812,-0.019040
-0.227549,0.506048,-0.179262
-0.227549,0.650349,-0.265142
-0.227549,0.344621,-0.004975
-0.227549,0.489400,-0.256838
-0.227549,0.350170,-0.168297
-0.227549,0.625645,-0.163093
-0.227549,0.539191,0.005147
-0.227549,0.507502,-0.071529
-0.227549,0.580773,-0.294764
-0.227549,0.604348,0.231387
-0.227549,0.522639,0.067893
-0.227549,0.600406,0.113321
-0.227549,0.661659,-0.308810
-0.227549,0.315267,-0.047973
-0.227549,0.014016,-0.251078
-0.227549,0.140483,-0.225360
-0.227549,0.265706,-0.054326
-0.227549,-0.055791,-0.250427
-0.227549,0.544683,0.098873
-0.227549,0.396172,-0.032856
-0.227549,0.471547,-0.017873
-0.227549,0.634850,0.244265
-0.227549,0.426444,-0.241108
-0.227549,0.648378,-0.100519
-0.227549,0.464084,0.033889
-0.227549,0.484980,-0.157409
-0.227549,0.631597,-0.193212
-0.227549,0.577749,-0.243385
-0.227549,0.327475,-0.070974
-0.227549,0.151715,-0.209152
-0.227549,0.082885,-0.120535
-0.227549,0.177682,-0.127864
-0.227549,0.366512,-0.277007
-0.227549,0.130589,-0.204789
-0.227549,0.613609,0.141220
-0.227549,0.416092,-0.007157
-0.227549,0.060151,-0.197977
-0.227549,0.250589,-0.081786
-0.227549,0.129116,-0.195030
-0.227549,0.077890,-0.181348
-0.227549,0.568947,0.124821
-0.227549,0.482875,-0.028799
-0.227549,0.535804,-0.174383
-0.227549,0.145821,-0.127194
-0.227549,0.516133,0.216327
-0.227549,0.058678,-0.163915
-0.227549,0.026875,-0.250140
-0.227549,0.444298,-0.158079
-0.227549,0.613801,-0.061655
-0.227549,0.539956,0.200827
-0.227549,0.475106,-0.187911
-0.227549,0.605936,0.217074
-0.227549,0.400095,-0.216155
-0.227549,0.661410,-0.034368
-0.227549,0.605553,0.094625
-0.227549,0.646465,-0.117952
-0.227549,0.464180,-0.200962
-0.227549,0.410007,0.131748
-0.227549,0.613054,0.130964
-0.227549,0.614834,0.203851
-0.227549,0.664912,0.334738
-0.227549,-0.021175,-0.258866
-0.227549,0.579911,-0.088349
-0.227549,0.421641,0.040625
-0.227549,-0.042032,-0.250389
-0.227549,0.402697,-0.182419
-0.227549,0.493055,-0.106394
-0.227549,0.318596,-0.233531
-0.227549,0.122572,-0.266118
-0.227549,0.401836,-0.143440
-0.227549,0.611504,-0.172718
-0.227549,0.350074,-0.018638
-0.227549,0.062486,-0.225226
-0.227549,0.541908,-0.321305
-0.227549,0.563551,-0.071012
-0.227549,0.110287,-0.217667
-0.227549,0.502317,-0.155266
-0.227549,0.191613,-0.268051
-0.227549,0.141133,-0.192848
-0.227549,0.209677,-0.230297
-0.227549,0.131910,-0.265276
-0.227549,0.593785,-0.172986
-0.227549,0.403539,0.000976
-0.227549,0.565713,0.232669
-0.227549,0.365689,0.038845
-0.227549,0.523653,-0.182821
-0.227549,0.151543,-0.079547
-0.227549,0.259697,-0.268204
-0.227549,0.519864,0.144722
-0.227549,0.559456,0.249126
-0.227549,0.498490,0.119501
-0.227549,0.280670,-0.257622
-0.227549,0.569636,0.030999
-0.227549,0.273609,-0.093324
-0.227549,0.662998,0.036702
-0.227549,0.441944,0.074533
-0.227549,0.639002,-0.139919
-0.227549,0.451895,0.096424
-0.227549,0.338803,-0.136896
-0.227549,0.240121,-0.197211
-0.227549,0.389226,-0.010754
-0.227549,0.267677,-0.159017
-0.227549,0.221254,-0.060028
-0.227549,0.208222,-0.210798
-0.227549,0.540798,0.038252
-0.227549,0.396765,-0.093784
-0.227549,0.543133,-0.235310
-0.227549,0.153418,-0.093726
-0.227549,0.229578,-0.178458
-0.227549,0.649756,-0.161447
-0.227549,0.617130,-0.137814
-0.227549,0.027506,-0.224958
-0.227549,0.280784,-0.221973
-0.227549,0.293069,-0.093573
-0.227549,0.659688,0.080599
-0.227549,0.458956,-0.284603
-0.227549,0.404075,-0.163781
-0.227549,0.562288,-0.024455
-0.227549,0.648665,0.306896
-0.227549,0.618297,0.194283
-0.227549,0.532398,-0.088100
-0.227549,0.477536,0.173808
-0.227549,0.094710,-0.120822
-0.227549,0.538866,-0.004708
-0.227549,0.604864,0.144665
-0.227549,0.417929,-0.273275
-0.227549,0.546041,0.028741
-0.227549,0.511846,0.083450
-0.227549,0.567320,0.198455
-0.227549,0.578495,0.041026
-0.227549,0.418694,-0.284087
-0.227549,0.109406,-0.134428
-0.227549,0.571760,0.012476
-0.227549,0.662080,-0.123291
-0.227549,0.657162,-0.103064
-0.227549,0.241576,-0.158022
-0.227549,0.323131,-0.036607
-0.227549,0.236505,-0.150501
-0.227549,0.646350,0.124438
-0.227549,0.623292,0.026330
-0.227549,0.065414,-0.144665
-0.227549,0.630640,-0.265181
-0.227549,0.576850,-0.029412
-0.227549,0.242035,-0.278002
-0.227549,0.641738,-0.023499
-0.227549,0.285473,-0.285905
-0.227549,0.236696,-0.043247
-0.227549,0.580524,0.060832
-0.227549,0.550022,0.183146
-0.227549,0.325849,0.051053
-0.227549,0.593957,-0.279666
-0.227549,0.637375,-0.237243
-0.227549,0.582093,0.075432
-0.227549,0.640609,-0.036760
-0.227549,0.451665,-0.185156
-0.227549,0.557906,0.147650
-0.227549,0.430731,-0.250312
-0.227549,0.120811,-0.236497
-0.227549,0.323744,0.003310
-0.227549,0.109961,-0.120880
-0.227549,0.606491,-0.249585
-0.227549,0.005826,-0.207487
-0.227549,0.360293,-0.004669
-0.227549,0.661946,-0.003502
-0.227549,0.421182,0.007998
-0.227549,0.446192,0.002794
-0.227549,0.301738,0.003961
-0.227549,0.013977,-0.201766
-0.227549,0.074254,-0.192600
-0.227549,0.388843,-0.151190
-0.227549,0.607428,0.017681
-0.227549,0.535804,0.095199
-0.227549,0.418981,0.017107
-0.227549,0.608883,-0.011788
-0.227549,0.350859,-0.270003
-0.227549,0.617570,0.005415
-0.227549,0.517070,-0.248762
-0.227549,0.553619,-0.052604
-0.227549,0.223531,-0.081633
-0.227549,0.625607,0.260167
-0.227549,0.241518,-0.223350
-0.227549,0.497609,0.034501
-0.152920,0.684985,0.319104
-0.169951,0.683148,0.320980
-0.163157,0.675876,0.328366
-0.227549,0.181509,0.111751
-0.227549,0.104661,0.141105
-0.227549,0.221541,0.173636
-0.227549,-0.092244,-0.251671
-0.227549,0.147735,0.243595
-0.227549,0.157915,0.126103
-0.227549,0.409452,0.299471
-0.227549,0.233156,0.104174
-0.227549,-0.037478,-0.073155
-0.227549,0.092242,0.130600
-0.227549,-0.058011,-0.124515
-0.227549,0.056707,-0.006104
-0.227549,0.098384,0.242792
-0.227549,-0.020409,-0.053178
-0.227549,0.006323,-0.051685
-0.227549,0.262376,0.135805
-0.227549,-0.092014,-0.076638
-0.227549,0.065414,0.092884
-0.227549,0.128044,0.164891
-0.227549,0.023316,-0.106432
-0.227549,-0.022304,0.057234
-0.227549,0.317410,0.122219
-0.227549,-0.093871,-0.181865
-0.227549,0.067921,0.219504
-0.227549,0.069413,0.062229
-0.227549,0.188207,0.230985
-0.227549,0.360101,0.239213
-0.227549,0.079631,0.008305
-0.227549,0.161723,0.089937
-0.227549,0.133460,0.280240
-0.227549,-0.060192,0.075470
-0.227549,0.074082,0.126830
-0.227549,0.048058,0.097189
-0.227549,-0.091613,0.052584
-0.227549,0.009366,-0.026560
-0.227549,0.089371,-0.108996
-0.227549,0.097542,0.073595
-0.227549,-0.067100,0.164317
-0.227549,0.144673,-0.065119
-0.227549,-0.034302,-0.189442
-0.227549,0.350361,0.175741
-0.227549,0.376807,0.206625
-0.227549,0.365804,0.138579
-0.227549,0.117482,0.017566
-0.227549,-0.019031,0.078169
-0.227549,0.183480,0.267151
-0.227549,0.523194,0.235731
-0.227549,0.339014,0.216155
-0.227549,-0.072324,-0.172775
-0.227549,0.461711,0.253221
-0.227549,0.294524,0.098567
-0.227549,0.278335,0.049905
-0.227549,0.591412,0.279589
-0.227549,-0.048940,-0.220289
-0.227549,0.167808,0.185404
-0.227549,0.517070,0.295587
-0.227549,0.032367,0.165714
-0.227549,0.111397,0.234123
-0.227549,0.195516,0.016705
-0.227549,-0.000987,0.264070
-0.227549,0.013422,0.207640
-0.227549,-0.003780,-0.033143
-0.227549,0.262032,0.082321
-0.227549,-0.094081,0.140378
-0.227549,0.291500,0.083086
-0.227549,-0.072324,-0.163667
-0.227549,-0.014152,0.051876
-0.227549,0.101006,0.274021
-0.227549,0.431209,0.313517
-0.227549,0.382681,0.175262
-0.227549,-0.024676,0.036147
-0.227549,0.508919,0.248551
-0.227549,0.227320,0.230296
-0.227549,0.235625,0.008094
-0.227549,0.256654,0.043380
-0.227549,0.541219,0.295357
-0.227549,-0.077663,0.193805
-0.227549,0.078139,0.094568
-0.227549,0.017288,0.033219
-0.227549,0.073604,0.153735
-0.227549,0.002286,-0.064678
-0.227549,-0.028963,0.120841
-0.227549,-0.026246,-0.193518
-0.227549,0.169301,0.128304
-0.227549,0.199190,0.168201
-0.227549,0.329484,0.081823
-0.227549,0.100049,0.087889
-0.227549,0.068342,0.245719
-0.227549,-0.061264,-0.036855
-0.227549,-0.044118,0.260588
-0.227549,-0.013788,0.025928
-0.227549,0.142951,0.077709
-0.227549,0.298313,0.142368
-0.227549,-0.010229,0.098184
-0.227549,0.083229,0.179032
-0.227549,-0.071291,-0.108174
-0.227549,-0.005445,-0.147306
-0.227549,0.022646,0.008324
-0.227549,-0.080074,-0.074170
-0.227549,0.200032,0.191853
-0.227549,0.203458,-0.020954
-0.227549,0.060840,0.176812
-0.227549,-0.079844,0.119501
-0.227549,0.358590,0.206779
-0.227549,0.095571,-0.070056
-0.227549,0.250665,0.177788
-0.227549,-0.014956,-0.183395
-0.227549,0.575778,0.318951
-0.227549,0.018914,0.228612
-0.227549,0.087420,0.214720
-0.227549,-0.039813,0.039725
-0.227549,-0.042760,0.224154
-0.227549,0.084473,0.258846
-0.227549,0.396401,0.184352
-0.227549,-0.073759,-0.125510
-0.227549,0.256903,0.237242
-0.227549,0.013556,-0.084560
-0.227549,0.047331,0.046710
-0.227549,-0.003493,0.055206
-0.227549,0.059769,0.075987
-0.227549,0.155963,-0.013816
-0.227549,-0.087192,0.004707
-0.227549,0.028520,0.150348
-0.227549,0.289032,0.106011
-0.227549,0.407538,0.152204
-0.227549,-0.050720,-0.006162
-0.227549,-0.061302,0.017145
-0.227549,0.198329,0.120496
-0.227549,0.214480,0.001837
-0.227549,0.537258,0.318186
-0.227549,0.054487,0.264338
-0.227549,0.510277,0.318243
-0.227549,0.039447,-0.064066
-0.227549,-0.071520,0.100825
-0.227549,0.009117,0.025488
-0.227549,0.025401,0.139957
-0.227549,0.219953,0.207754
-0.227549,0.371946,0.260645
-0.227549,0.063864,0.237357
-0.227549,0.020560,0.198837
-0.227549,0.432855,0.224422
-0.227549,0.282009,0.164891
-0.227549,0.369229,0.290076
-0.227549,0.358226,0.303337
-0.227549,0.178352,0.088196
-0.227549,0.153303,0.163666
-0.227549,0.116697,-0.010199
-0.227549,0.041992,-0.035803
-0.227549,0.269820,0.045581
-0.227549,0.348869,0.135900
-0.227549,0.376921,0.112000
-0.227549,-0.045802,-0.137872
-0.227549,-0.031412,-0.013606
-0.227549,0.024693,0.265697
-0.227549,0.005673,-0.076581
-0.227549,0.190445,0.109340
-0.227549,0.388039,0.189824
-0.227549,0.315362,0.224364
-0.227549,-0.019433,-0.100845
-0.227549,0.204338,0.067835
-0.227549,0.208490,0.212003
-0.227549,0.096452,0.122276
0.419233,-0.843047,0.298285
0.396156,-0.843047,0.282555
0.443497,-0.843047,0.295797
-0.156269,-0.354937,0.337742
-0.188244,0.223971,0.337742
-0.162449,-0.587147,0.337742
-0.188359,-0.033823,0.337742
-0.157800,-0.690976,0.337742
-0.177720,-0.141097,0.337742
-0.192358,0.108124,0.337742
-0.184130,0.043063,0.337742
-0.157015,-0.744307,0.337742
-0.164057,-0.048041,0.337742
-0.161454,-0.424743,0.337742
-0.194329,0.031429,0.337742
-0.177681,-0.003972,0.337742
-0.159809,-0.260120,0.337742
-0.196874,0.146606,0.337742
-0.183326,-0.225810,0.337742
-0.212317,0.367756,0.337742
-0.155733,-0.069147,0.337742
-0.165683,-0.006574,0.337742
-0.220258,0.543420,0.337742
-0.183881,0.126648,0.337742
-0.156307,-0.251586,0.337742
-0.190445,-0.079021,0.337742
-0.201696,0.205601,0.337742
-0.138281,-0.094559,-0.064449
-0.176476,-0.094559,0.034367
0.008680,-0.094559,0.025450
-0.090500,-0.094559,0.116248
0.131186,-0.094559,0.081651
0.005388,-0.094559,0.009529
-0.014800,-0.094559,0.000440
0.130860,-0.094559,0.065769
-0.078406,-0.094559,-0.056029
-0.025286,-0.094559,0.085497
-0.148327,-0.094559,-0.063090
0.195998,-0.094559,0.238218
-0.060725,-0.094559,0.166403
0.092073,-0.094559,0.045466
0.173839,-0.094559,0.155840
-0.126704,-0.094559,0.023249
-0.113214,-0.094559,-0.014294
0.099000,-0.094559,0.176238
0.003839,-0.094559,0.121855
0.032618,-0.094559,0.027440
-0.110764,-0.094559,-0.005358
0.002537,-0.094559,0.220881
0.042397,-0.094559,0.013567
-0.033897,-0.094559,0.009013
0.272329,-0.094559,0.242256
-0.108009,-0.094559,-0.062497
-0.137382,-0.094559,0.192963
0.034915,-0.094559,0.225895
0.053457,-0.094559,0.082570
-0.143792,-0.094559,-0.019270
0.204551,-0.094559,0.215447
-0.127336,-0.094559,0.173980
-0.011164,-0.094559,0.085421
-0.128733,-0.094559,-0.043668
0.142552,-0.094559,0.163417
-0.182083,-0.094559,0.043227
-0.207705,-0.094559,-0.166977
0.139031,-0.094559,0.199966
0.165630,-0.094559,0.198263
0.077625,-0.094559,0.070017
-0.015833,-0.094559,0.220920
-0.096642,-0.094559,0.136532
-0.024788,-0.094559,0.259114
-0.008772,-0.094559,0.236362
-0.067614,-0.094559,0.049389
0.050797,-0.094559,0.241414
0.055332,-0.094559,0.010658
0.130631,-0.094559,0.157906
0.012488,-0.094559,-0.022121
-0.141228,-0.094559,-0.178879
0.100224,-0.094559,0.194551
-0.168190,-0.094559,0.133241
-0.172362,-0.094559,-0.130141
-0.156250,-0.094559,-0.137183
0.264159,-0.094559,0.193958
-0.108162,-0.094559,0.157294
-0.037781,-0.094559,0.106259
-0.139219,-0.094559,0.150195
0.086715,-0.094559,0.118257
0.049400,-0.094559,-0.000134
-0.168764,-0.094559,0.091563
0.313375,-0.094559,0.217303
-0.051061,-0.094559,-0.094377
0.183483,-0.094559,0.220327
0.299100,-0.094559,0.212883
-0.149476,-0.094559,0.027306
-0.021975,-0.094559,0.024245
-0.103455,-0.094559,-0.119999
0.236297,-0.094559,0.257124
0.019090,-0.094559,0.027612
0.086504,-0.094559,0.075356
0.053935,-0.094559,0.048872
-0.165109,-0.094559,-0.182534
-0.059864,-0.094559,0.135633
-0.101503,-0.094559,0.209687
-0.077755,-0.094559,0.014256
-0.124446,-0.094559,0.156663
-0.156594,-0.094559,-0.166384
-0.032787,-0.094559,-0.067778
0.184880,-0.094559,0.129681
-0.186560,-0.094559,-0.120152
0.002116,-0.094559,0.254962
0.085337,-0.094559,0.029602
0.154512,-0.094559,0.134446
0.008201,-0.094559,0.147420
0.311653,-0.094559,0.247365
-0.035121,-0.094559,-0.021241
-0.088357,-0.094559,0.204214
-0.077698,-0.094559,-0.046308
-0.106574,-0.094559,0.262157
0.042186,-0.094559,0.056277
-0.181049,-0.094559,-0.082991
0.099976,-0.094559,0.224326
0.218252,-0.094559,0.238199
-0.145610,-0.094559,0.143689
-0.046258,-0.094559,0.040854
0.107879,-0.094559,0.183778
0.075023,-0.094559,0.046671
-0.152097,-0.094559,0.073499
-0.169530,-0.094559,0.008974
0.033192,-0.094559,0.169177
-0.082960,-0.094559,0.196158
-0.083802,-0.094559,0.039706
-0.057835,-0.094559,0.123577
-0.082099,-0.094559,0.112268
-0.014646,-0.094559,0.076772
-0.201276,-0.094559,-0.080810
-0.096527,-0.094559,-0.100692
-0.146605,-0.094559,0.219772
-0.059462,-0.094559,-0.068429
0.408058,-0.702171,0.263114
0.389592,-0.821634,0.263114
0.393802,-0.736347,0.263114
0.427079,-0.568451,0.263114
0.396003,-0.767136,0.263114
0.400461,-0.721632,0.263114
0.440320,-0.460565,0.263114
0.421912,-0.779306,0.263114
0.431346,-0.408631,0.263114
0.405111,-0.491469,0.263114
0.434943,-0.489326,0.263114
0.418927,-0.790099,0.263114
0.441679,-0.796490,0.263114
0.422869,-0.458652,0.263114
0.422371,-0.430197,0.263114
0.407962,-0.580756,0.263114
0.390932,-0.796719,0.263114
0.425605,-0.609823,0.263114
0.430026,-0.584123,0.263114
0.431671,-0.263412,0.263114
0.418181,-0.730606,0.263114
0.406030,-0.779918,0.263114
0.438962,-0.218749,0.263114
0.397572,-0.830341,0.263114
0.406259,-0.841478,0.263114
0.436034,-0.615487,0.263114
-0.227549,0.716386,-0.242505
