0.603579,-0.070750,-0.053441
-0.028416,-0.048056,-0.551816
0.475071,-0.059839,0.058081
0.539944,-0.059220,0.058425
0.005052,-0.058601,-0.306330
0.371779,0.004049,-0.076043
0.240337,-0.055277,-0.190178
-0.102848,-0.051494,0.526908
-0.088681,-0.052274,0.563562
-0.068990,-0.051999,0.574107
-0.082102,-0.053214,0.540433
-0.631917,0.144477,-0.010643
-0.127398,-0.020388,0.070529
-0.118917,0.000381,-0.076318
-0.003636,-0.100757,0.013312
0.050945,-0.100459,0.012670
-0.603836,0.173933,0.008429
-0.385331,-0.008605,0.114106
0.238640,-0.099129,-0.037532
0.293198,-0.098900,-0.046174
-0.636891,0.246302,-0.002849
-0.647894,0.222714,0.062849
0.262137,0.018238,0.067480
-0.215791,0.017940,-0.129935
0.072240,-0.061008,-0.406459
-0.070365,-0.042600,-0.073613
-0.405710,0.077999,-0.023847
-0.008908,-0.061902,-0.334778
-0.302441,-0.056263,-0.057498
-0.601108,-0.010576,0.012189
-0.358305,-0.021190,0.056752
-0.618071,0.229178,0.008636
0.343606,-0.089157,-0.060065
-0.716435,0.216456,0.007123
-0.145026,-0.099610,0.017553
0.153160,-0.054085,-0.075584
0.247007,-0.047070,0.144089
-0.540866,0.087810,-0.017359
0.509502,-0.091656,-0.007731
-0.302670,-0.082441,0.012051
-0.610621,0.246302,-0.007227
0.185940,-0.048835,-0.086610
-0.291896,0.089988,-0.019399
0.205952,0.019430,0.067021
0.349658,0.004484,-0.075997
-0.118504,-0.050898,0.594050
0.403482,-0.022428,-0.076776
0.049867,0.065437,0.002790
0.282447,0.065712,0.000246
0.007161,-0.063735,-0.294158
-0.419120,0.002329,0.082082
0.067725,-0.075151,0.193053
-0.490389,0.118619,0.010974
0.121480,-0.115748,0.124421
-0.467099,0.066492,0.017071
-0.441081,0.045288,0.018791
0.235064,-0.099519,0.009002
-0.307369,-0.023964,-0.123448
-0.158826,-0.013877,-0.076776
0.583177,0.025459,0.063537
0.143853,-0.099794,0.015948
-0.028141,-0.094269,0.055972
-0.214094,-0.000719,-0.076410
-0.633774,0.224502,0.028625
0.116803,-0.049088,0.330341
-0.313650,0.014066,0.083366
-0.239402,-0.001751,-0.106554
0.690252,-0.036984,-0.074645
-0.400919,0.042033,0.022092
0.402129,-0.082189,-0.042391
0.041477,-0.069122,0.166852
-0.238897,-0.013579,-0.112422
0.753360,-0.085811,-0.031480
0.149010,-0.048171,0.258797
-0.409401,-0.016789,-0.106554
0.547600,-0.073547,-0.050094
0.332672,-0.051632,0.068741
-0.645694,0.098653,-0.006264
-0.012209,-0.096378,0.053542
0.135165,-0.124964,-0.141260
0.286390,-0.099129,0.011318
0.817499,-0.073295,-0.047251
0.357360,0.039305,-0.060891
-0.312619,0.128499,0.006825
-0.312596,-0.049821,-0.059699
-0.612707,0.160317,-0.013348
0.112517,-0.062704,0.349161
0.051289,-0.051174,-0.460558
-0.366603,-0.073868,-0.015457
-0.660938,0.147571,0.002607
0.036755,-0.058624,0.451445
0.243546,-0.099060,0.040316
0.217184,-0.099198,0.034172
0.193413,-0.099267,0.036946
-0.137851,0.064749,-0.015044
-0.590472,0.112086,0.006573
-0.296458,0.000220,-0.080398
0.060916,0.065368,0.003340
-0.379302,-0.013167,-0.103069
-0.703690,0.222209,-0.019033
-0.740825,0.220811,-0.096078
-0.715976,0.221659,-0.035767
-0.027545,0.047924,0.045405
-0.102939,-0.053741,0.503251
0.797831,0.053036,-0.033910
-0.353032,-0.071392,0.021587
-0.050170,-0.057386,0.437576
0.290928,0.058881,0.028808
0.444904,0.058423,0.029611
0.425098,0.056566,0.032820
-0.120201,0.058514,0.029450
0.453798,0.055947,0.033920
0.415929,0.056451,0.033003
-0.040794,0.057643,0.030963
0.588518,0.014043,0.068511
0.962901,-0.057340,0.012899
0.387092,0.010696,0.069268
-0.035018,-0.057111,0.447364
-0.577497,0.065277,0.005266
-0.709787,0.167148,-0.006012
-0.409148,0.015969,0.096386
-0.258359,0.007143,0.068305
-0.292607,0.015235,-0.099448
0.080241,-0.053901,0.243806
0.070636,-0.053535,0.261319
0.012479,-0.051701,-0.368750
-0.556201,0.155205,0.009461
-0.591136,0.014295,0.002974
0.056423,-0.048010,0.391707
-0.061402,-0.055277,-0.496593
-0.594277,-0.017774,0.015559
0.711846,0.058812,-0.033818
-0.424117,0.024244,0.037840
-0.249167,0.051890,-0.044798
0.113113,-0.110063,-0.146945
-0.634805,0.241488,0.004303
-0.148740,0.021310,0.065921
-0.019315,0.022869,0.065027
0.370037,0.043752,0.049898
0.147750,0.048749,0.044511
0.445867,0.047419,0.045932
0.334849,0.044050,0.049554
0.358392,0.049804,0.043387
0.509754,0.044944,0.048591
0.961045,-0.062910,0.004143
-0.780093,0.228284,-0.006746
-0.450433,-0.016078,0.042333
0.050165,-0.065615,0.116398
0.816078,-0.091610,0.007031
0.066074,-0.060893,0.406607
-0.289672,-0.055300,0.053680
-0.247356,-0.075335,0.041049
0.799481,-0.052641,-0.064719
-0.311816,-0.073249,-0.036386
-0.100762,0.008908,-0.075653
0.144311,-0.053856,0.093681
0.132208,-0.054887,0.105097
0.135325,-0.053856,0.115871
0.979498,-0.045374,0.013450
0.256406,-0.094888,-0.057337
0.301061,-0.062521,-0.122715
0.706207,-0.056033,-0.066369
-0.111283,-0.019723,0.070529
0.052022,0.035454,-0.063939
0.223121,0.034078,-0.064742
-0.028507,0.036875,-0.063137
0.132941,0.032588,-0.065636
-0.270119,0.124579,0.007077
0.098488,-0.047391,-0.073223
0.174639,-0.046314,-0.073269
0.070796,-0.050050,-0.073109
0.239787,-0.005556,-0.076776
0.207488,-0.099312,-0.027744
0.133996,-0.082533,0.099733
0.387023,-0.021717,0.070529
-0.055419,-0.051128,0.597833
0.596060,-0.025339,-0.076753
0.589596,-0.036044,-0.074805
0.100298,-0.067655,-0.196665
0.057111,-0.048171,-0.417737
0.011402,-0.064813,-0.225250
-0.258222,0.091386,-0.020477
-0.234725,0.032267,-0.106737
-0.575801,-0.031872,0.000269
-0.354774,0.007418,-0.102771
0.608943,0.024382,0.064156
-0.336367,0.014456,-0.094015
0.098281,-0.099656,0.030069
0.140621,-0.061466,0.315005
-0.521473,0.100647,0.011134
0.014841,-0.067128,-0.206591
-0.796758,0.218335,0.175013
0.234239,-0.051013,0.178291
0.269289,-0.079300,0.082861
0.242354,-0.079438,0.067136
0.257483,-0.080057,0.063812
-0.003727,-0.059105,-0.313184
0.000811,-0.057821,-0.320359
-0.045906,-0.058349,-0.380624
-0.204902,0.033070,0.059090
-0.140235,-0.015207,-0.076776
-0.364769,0.063672,0.021725
0.151211,0.002559,-0.076157
0.298401,0.062022,-0.025841
-0.230416,0.059683,-0.032764
-0.134711,0.060165,-0.031365
0.588725,0.063695,-0.020889
-0.216730,0.061907,-0.026162
-0.119948,0.063351,-0.021875
0.959073,-0.002095,-0.019560
0.529376,0.035408,-0.063985
0.784558,-0.082968,0.030825
0.822909,-0.099083,0.020418
0.149721,-0.075151,0.096913
0.363687,-0.097662,-0.017634
-0.300515,-0.001728,-0.134245
-0.156419,0.014318,-0.074690
0.346288,0.060440,-0.030586
0.504505,0.060050,-0.031732
0.268418,0.060371,-0.030769
0.175189,0.059042,-0.034735
0.051793,0.059294,-0.033933
0.134867,0.059340,-0.033795
0.149584,-0.099519,0.022390
-0.601635,0.119605,-0.011468
0.147887,-0.104264,-0.112307
0.751480,0.062365,-0.012775
0.019333,-0.001155,0.070208
0.686424,-0.091656,-0.007113
-0.588729,0.181933,-0.015823
0.942637,-0.064354,0.017415
-0.078641,-0.056010,-0.072879
-0.158024,-0.098877,-0.000373
-0.522687,-0.037557,-0.020706
-0.046708,-0.050302,0.471296
0.030956,-0.069787,-0.149443
0.070154,-0.080263,0.065073
0.134890,-0.048102,0.257055
0.041317,-0.048056,0.414080
-0.299850,-0.000582,-0.089247
-0.029676,-0.056377,-0.476535
0.945961,-0.010255,0.029221
-0.505403,0.003865,-0.038013
-0.708366,0.216502,-0.147059
-0.756872,0.220376,-0.010574
0.887644,-0.083816,-0.016098
-0.455293,0.120316,-0.016511
-0.017298,-0.085444,-0.068845
0.825981,0.050216,-0.032122
0.043334,-0.066349,0.240000
-0.038731,-0.054383,0.520581
-0.561955,0.089759,0.008934
-0.150047,-0.098900,0.026034
-0.176248,-0.097158,0.018791
0.817453,0.001321,0.063354
0.019013,-0.065524,0.189890
-0.669740,0.129256,-0.000075
0.156369,-0.071323,-0.194510
0.139451,-0.070085,-0.214179
0.160724,-0.073019,-0.155472
0.140919,-0.072080,-0.165421
0.132116,-0.072469,-0.149833
-0.459282,-0.035907,-0.040443
0.094178,-0.000123,-0.076364
0.060252,-0.030772,-0.075768
0.183212,-0.030864,-0.075745
0.228165,-0.076320,0.115091
0.178329,-0.077237,0.074150
-0.336298,-0.000376,-0.086954
0.358048,-0.088951,0.048935
-0.442043,-0.037672,0.037106
-0.491970,-0.030245,-0.036225
0.816857,0.055122,0.016751
0.768443,0.057895,-0.026689
0.718058,-0.068297,0.049691
0.758036,-0.068389,0.048453
-0.701512,0.221682,0.121900
-0.750453,0.220582,0.167998
-0.095054,-0.001636,-0.076478
-0.011521,-0.062727,-0.311534
0.030680,-0.064859,-0.180550
-0.374145,0.108052,0.014550
-0.559823,0.105301,0.008773
-0.558310,0.219734,-0.010734
-0.490664,0.147113,0.008682
-0.015923,-0.053833,-0.548996
0.599499,-0.091656,0.000062
0.672257,-0.091656,0.001048
-0.374305,-0.013098,-0.126061
-0.781124,0.216112,0.191128
-0.751851,0.216570,0.101085
-0.480646,0.045677,0.016109
-0.552602,0.171939,0.009644
-0.416988,0.096613,-0.001015
-0.129049,-0.032629,0.069176
0.545331,0.029264,0.061313
0.727617,0.058767,0.024957
0.028732,-0.038107,0.068190
0.414943,-0.027425,0.070139
0.053993,-0.040331,0.067778
0.287375,-0.040125,0.067824
0.179636,0.065621,0.001025
-0.127169,0.065437,0.002630
0.136953,-0.051426,-0.322353
-0.222897,0.027430,-0.112491
0.012342,-0.065638,0.237616
-0.701810,0.222691,-0.085969
0.079966,-0.057821,0.177901
0.088287,-0.059861,0.124811
0.102270,-0.056904,0.141751
-0.637189,0.101197,0.001415
0.107771,-0.037534,-0.074530
0.283731,-0.037053,-0.074622
0.197104,-0.032606,-0.075424
0.080149,-0.055758,0.413140
-0.413550,-0.029557,0.047055
-0.307048,-0.028457,0.110002
-0.372104,0.041849,-0.036225
-0.410570,0.126872,-0.014127
0.585447,-0.037007,0.068397
0.362793,-0.043357,0.067228
0.447151,-0.043884,0.067136
0.678584,-0.034898,0.068763
-0.125221,-0.101398,-0.001703
-0.368185,0.008725,0.122679
-0.584718,0.151239,-0.014265
-0.264846,-0.083083,-0.031732
-0.751347,0.219619,-0.046564
-0.789285,0.218588,-0.161707
-0.767691,0.219367,-0.114760
-0.105507,-0.047070,-0.073223
-0.106011,-0.048056,-0.643371
-0.291346,0.091982,0.014687
0.110843,-0.017132,0.070529
0.160610,-0.099954,0.007352
-0.734269,0.216891,-0.049521
-0.721180,0.217006,-0.020958
0.429614,-0.048216,-0.070954
-0.000174,-0.058990,0.303292
-0.046525,-0.058417,0.374514
-0.057712,-0.056583,0.409610
0.311032,-0.093284,-0.059194
-0.769594,0.218358,0.028281
-0.107661,0.024886,-0.070106
0.088401,0.016977,0.067801
-0.421848,0.040955,-0.026735
-0.403899,0.018399,-0.106898
-0.214232,0.065185,-0.011285
0.055713,0.064887,-0.013783
0.054429,-0.071759,0.112226
0.273323,-0.094407,-0.057911
-0.256411,0.090240,0.018332
0.484493,0.031236,0.060144
0.204370,-0.047070,0.084053
-0.226198,0.021356,0.084443
-0.468061,0.146586,-0.013944
-0.755405,0.220513,0.142072
-0.687758,0.223195,0.013473
-0.774821,0.219642,0.170543
-0.036553,-0.061260,-0.345254
-0.056199,-0.058899,-0.403341
0.762254,0.033253,-0.061303
-0.235986,0.026124,0.104845
0.912103,-0.065959,-0.033658
-0.076280,-0.023482,-0.076776
-0.015464,-0.054176,0.375706
-0.669098,0.225350,0.008384
0.100207,-0.098808,0.044442
-0.372357,-0.012823,-0.061464
-0.404518,0.109656,0.016315
-0.154631,-0.081822,0.059892
-0.020049,-0.056400,0.477348
-0.152041,-0.049065,-0.649308
-0.764826,0.217327,-0.043263
-0.239654,0.004392,0.077956
0.103966,-0.064630,0.334169
-0.131250,-0.012112,0.070529
0.384593,-0.057615,-0.065590
0.243294,-0.044526,-0.124411
-0.518492,0.073873,-0.018712
-0.240662,-0.000146,-0.084433
-0.047648,-0.054727,-0.421267
-0.750407,0.219436,-0.025153
-0.542860,0.103536,-0.016053
-0.328848,-0.058532,-0.050483
0.192198,-0.076183,-0.105614
0.182387,-0.077306,-0.081086
0.271742,-0.076091,0.114129
0.343285,-0.057867,-0.074622
-0.199859,-0.047070,-0.073269
-0.337857,0.006639,-0.132297
-0.065024,-0.051609,-0.591289
-0.063351,0.010742,0.069268
0.110752,-0.118614,-0.114737
0.031873,-0.065409,0.162474
0.916276,-0.045328,-0.044844
-0.169096,-0.039620,-0.074186
-0.007235,-0.051792,0.389346
0.114488,-0.099610,0.026034
-0.358442,0.008060,0.076053
-0.620455,0.157635,-0.012568
-0.500681,0.034376,0.012097
-0.050491,-0.050646,-0.470117
0.084000,0.006318,-0.075859
0.052114,-0.078727,-0.124801
-0.793526,0.216066,0.210040
-0.071282,-0.050188,0.508042
0.273140,-0.003103,0.070345
0.145595,-0.139359,0.095446
0.294642,-0.006473,0.070529
0.516356,-0.013832,0.070529
0.477661,-0.006588,0.070529
0.527978,-0.011379,0.070529
-0.039694,-0.055987,0.475858
0.305897,-0.099106,-0.002390
0.078957,-0.048560,0.385334
0.191900,-0.099404,-0.024970
-0.562047,0.141153,-0.014677
-0.013286,-0.059930,0.381277
0.013190,-0.062979,0.313928
0.965308,-0.033316,0.022596
0.229655,-0.099014,-0.048604
0.138535,-0.039735,0.067892
0.404261,-0.028915,0.069864
0.361028,-0.033179,0.069084
-0.371967,-0.070475,-0.023526
-0.689248,0.221934,-0.115081
0.540632,-0.085490,-0.033016
-0.244422,0.000106,0.129487
-0.106149,-0.001820,0.070253
-0.513885,-0.003562,0.030848
-0.613349,0.072406,0.001690
0.023001,0.025528,-0.069739
-0.023418,-0.049110,0.565350
0.173630,-0.074051,0.132055
0.216359,-0.074624,0.146680
0.206594,-0.073845,0.159471
0.223236,-0.074257,0.160388
0.207969,-0.075197,0.126714
-0.239608,0.010605,0.122794
0.160931,-0.066005,0.275738
0.042830,-0.064148,-0.308760
0.092780,-0.066624,-0.274948
0.079438,-0.065569,-0.295648
0.061466,-0.066188,-0.264426
0.048354,-0.063231,-0.338789
-0.344138,0.014616,0.087217
-0.122516,-0.051242,0.584170
-0.301088,0.048038,0.034264
-0.570093,0.079443,0.007192
-0.257809,-0.023643,-0.095642
-0.461987,-0.043678,0.026287
0.024789,0.005309,0.069680
-0.603171,0.218427,0.019845
0.053008,-0.051082,-0.319901
0.040285,-0.050898,-0.343420
-0.002077,-0.050486,-0.413038
0.336064,0.021379,-0.072146
-0.620960,-0.017408,-0.015984
0.044962,-0.072767,-0.094634
-0.357823,-0.054131,0.043479
-0.045287,-0.051357,-0.453750
-0.083500,-0.048835,-0.580676
0.759457,0.030365,0.056935
-0.655551,0.218450,-0.090897
0.768329,0.022914,0.060557
-0.701672,0.222599,0.036396
-0.714532,0.222187,0.068695
-0.690898,0.223149,0.025347
-0.623206,-0.000972,-0.017887
-0.088796,-0.097158,-0.059309
0.063415,-0.059036,0.195713
-0.007143,-0.060893,-0.364532
-0.785870,0.218931,-0.174155
0.583246,-0.064446,-0.060982
-0.494721,0.103857,-0.018345
-0.346316,0.090767,-0.022448
-0.628020,0.141932,0.004441
0.112196,-0.049271,0.264437
0.089685,-0.051013,0.266202
0.008491,-0.048950,0.432052
0.096172,-0.049408,0.286489
0.049363,-0.049477,0.358307
0.103554,-0.049248,0.278259
-0.415865,-0.020938,-0.054357
0.271994,-0.049913,0.130381
-0.377446,0.074377,-0.027216
0.045741,-0.048308,-0.441440
0.061535,-0.052136,0.288689
-0.751691,0.220169,0.091137
0.129801,-0.100115,0.117086
-0.258955,0.056245,-0.035194
0.751939,0.047878,-0.047595
0.039300,-0.069856,-0.085808
-0.304733,0.012989,-0.101602
-0.410432,0.019109,0.043640
-0.642668,0.126367,0.002492
0.133331,-0.048858,0.300220
0.400089,0.048336,-0.051194
0.427230,0.049162,-0.050323
0.196828,0.044096,-0.055756
0.360157,0.049620,-0.049842
0.059174,0.043179,-0.056764
-0.111856,0.046044,-0.053670
0.069192,0.046892,-0.052753
0.345165,0.048222,-0.051332
0.085949,0.051477,-0.047824
0.768214,0.060898,0.011203
0.139772,-0.015895,0.070529
-0.732642,0.221430,-0.121867
-0.058858,-0.073868,0.065921
0.088699,-0.044434,0.067090
-0.047717,-0.070429,0.066059
-0.044210,-0.058119,0.066540
-0.119284,-0.054360,0.066700
-0.095420,-0.045259,0.067067
-0.319839,0.000518,0.069245
0.760305,-0.091633,-0.008603
-0.425837,0.082148,-0.021050
-0.256502,-0.027631,0.105395
0.610892,0.039671,-0.060524
0.955085,-0.010829,-0.031274
0.123199,-0.075426,-0.084685
-0.401309,-0.009384,-0.057406
0.002370,-0.064928,0.250637
0.257369,-0.053856,-0.167300
0.881272,-0.018210,0.051135
0.858738,-0.051426,0.051319
-0.819956,0.216547,0.193329
0.885123,-0.076939,0.024613
-0.173130,-0.013602,0.070529
0.167418,-0.075197,-0.111276
-0.105965,-0.052182,-0.569008
-0.454353,0.014983,-0.043286
-0.005080,-0.066624,-0.351030
-0.239860,0.014502,0.086758
-0.319152,0.012668,0.073532
-0.607618,0.084463,-0.009680
-0.203870,0.066033,-0.002505
-0.414237,0.026238,-0.044821
0.161137,-0.049317,-0.145271
0.146260,-0.049821,-0.172137
0.185275,-0.047460,-0.138142
0.626571,0.056726,-0.038793
0.184312,0.052050,-0.046884
0.459071,0.053127,-0.045051
0.512711,0.053861,-0.043744
0.150982,0.051683,-0.047526
0.208794,0.052531,-0.046059
0.134019,0.064314,0.012624
0.161618,-0.060068,-0.295396
0.059747,-0.065638,0.096661
-0.280228,0.126184,0.003157
-0.028393,-0.100436,-0.031893
0.006932,-0.100665,-0.020591
-0.114034,-0.101146,-0.026506
0.523233,-0.050280,-0.069785
-0.239081,0.000725,-0.092823
-0.726773,0.219252,-0.173558
-0.715380,0.196100,-0.008626
0.162650,-0.042531,0.067388
-0.553748,0.141130,-0.015021
-0.731977,0.192295,0.000177
-0.439086,-0.000765,0.044098
0.752741,-0.056492,0.058127
-0.029883,-0.057707,0.432579
-0.051431,-0.094842,0.055743
-0.157611,-0.056492,-0.072879
-0.137003,-0.057523,-0.072811
0.000330,-0.061970,-0.339683
-0.518836,0.051683,0.010676
-0.691792,0.216433,0.120020
0.908757,0.032130,0.006985
0.730047,-0.085008,0.027387
0.098740,-0.072011,0.132490
-0.505174,0.003590,0.031857
-0.107639,-0.053145,-0.543632
-0.512326,0.065323,-0.018735
0.491484,-0.078292,-0.044409
0.792971,-0.091633,-0.001955
-0.008610,-0.062039,0.324541
0.780936,-0.000834,0.066127
0.124024,-0.049982,-0.235039
0.174020,-0.047437,-0.172596
0.157538,-0.048125,0.192985
0.122374,-0.050004,0.232986
-0.390672,0.035293,0.034883
-0.068715,-0.052411,0.469073
0.179888,-0.099610,-0.021600
-0.688675,0.198461,-0.011628
0.006703,-0.074830,-0.072077
0.035013,-0.066968,0.218430
0.910659,-0.044090,0.040660
-0.639504,0.238072,-0.012912
0.958363,0.001550,-0.000350
0.023299,0.004920,-0.075974
-0.762396,0.219757,-0.202052
0.262160,-0.079621,-0.079963
0.218216,-0.078681,-0.074851
0.195591,-0.077558,-0.083080
-0.672560,0.143468,-0.007548
-0.269935,-0.026050,0.090266
0.829350,0.055718,-0.010138
0.233689,-0.056056,-0.198889
-0.678222,0.216318,-0.039251
-0.736974,0.215974,-0.153936
-0.719392,0.216158,-0.110978
-0.588706,0.004553,-0.014012
0.839207,0.053059,-0.016098
0.340924,-0.020410,0.070529
-0.566494,0.137027,0.008017
-0.287197,0.000198,-0.080650
0.028365,-0.090441,0.058379
0.273988,-0.098029,0.045107
0.305187,-0.095003,0.049966
-0.574792,0.133107,0.007421
0.830405,-0.073959,-0.044707
0.543795,0.026903,-0.068914
-0.042307,-0.049638,-0.496914
-0.009344,-0.050073,-0.438460
-0.049574,-0.049661,-0.505190
0.101307,-0.051311,-0.248357
0.843334,0.009390,0.057279
0.468584,0.044898,0.048660
0.094705,0.049849,0.043319
0.185206,0.049551,0.043662
0.407218,0.047740,0.045611
-0.042101,0.051408,0.041668
-0.114011,-0.060526,-0.072696
-0.057276,-0.042440,0.067388
-0.342648,-0.019516,-0.125465
-0.679987,0.216043,-0.103024
-0.313581,-0.021878,0.119493
0.427758,-0.002714,-0.076570
-0.275483,0.122585,0.015581
0.067702,-0.062085,0.135356
-0.001343,0.055190,-0.041452
-0.061013,0.057941,-0.036707
-0.078457,0.057070,-0.038174
-0.044164,0.054572,-0.042529
-0.084142,0.052990,-0.045257
-0.015441,0.057735,-0.037050
-0.224662,0.014135,-0.092250
0.097616,-0.061237,-0.088055
0.390438,-0.031207,0.069451
0.077100,-0.073478,0.091480
0.236188,-0.082120,-0.068249
0.082418,-0.073065,0.101865
0.851540,0.046480,-0.026345
-0.333570,0.001802,0.127034
0.110912,-0.128379,-0.139128
0.365452,-0.097433,0.018286
0.150821,-0.080263,-0.070404
-0.419326,0.006708,0.112639
0.708063,-0.073684,0.043525
-0.281168,0.109152,0.018539
-0.596455,-0.028800,-0.007892
-0.584580,0.066377,-0.010803
0.178604,-0.047162,-0.212666
-0.280159,0.004003,0.094644
-0.741742,0.217327,-0.013004
0.478166,-0.032170,-0.075516
-0.625842,0.008977,-0.002574
0.083702,0.003017,0.069864
0.268785,-0.067426,0.144983
0.025660,-0.053351,-0.332623
0.195613,-0.070360,-0.217823
0.204072,-0.069764,-0.216127
0.950890,-0.052182,-0.029119
0.675787,-0.057019,-0.065934
-0.331920,-0.075977,-0.024855
-0.354431,0.007969,0.124559
-0.173612,-0.015780,-0.076776
0.053902,-0.067082,-0.233961
-0.552579,0.221682,-0.001130
0.262985,-0.078750,0.089417
0.245265,-0.077558,0.101498
0.688074,0.023488,0.064683
0.390484,-0.068549,0.049829
0.585470,-0.065134,0.053932
0.617150,-0.064607,0.054574
0.449145,-0.078819,0.037542
0.459048,-0.068435,0.049943
0.104012,-0.048010,0.316404
0.131314,-0.048010,0.267325
0.622926,0.022662,-0.071389
0.053741,-0.100573,-0.010757
-0.202701,0.119651,0.013243
-0.582425,0.140763,0.007512
0.036297,-0.081341,-0.125374
0.040056,-0.057179,0.265766
-0.131685,-0.049775,0.600904
0.018554,-0.048216,-0.447469
0.086843,-0.048262,-0.334549
-0.082767,-0.048331,-0.600000
0.121984,-0.099725,-0.138600
-0.209762,-0.033293,0.069107
0.043655,-0.049271,0.452591
-0.387921,0.035339,-0.041589
-0.767646,0.215974,0.208939
0.072561,0.037975,-0.062358
-0.239906,0.020072,0.066402
-0.231126,0.010330,0.123321
-0.412426,-0.017660,0.095079
-0.059225,-0.055919,0.473818
-0.369812,0.012186,0.070162
-0.166139,0.001458,0.070001
0.572105,-0.034004,-0.075172
0.525067,-0.029075,-0.076089
-0.260904,-0.048262,0.061932
-0.672056,0.222370,0.088638
0.110293,-0.054795,-0.164664
0.158638,-0.050165,-0.130417
-0.676915,0.216158,-0.055251
-0.679964,0.215997,-0.077831
0.605619,0.007556,-0.075768
0.291249,0.028599,0.061703
0.236898,-0.044893,-0.134314
0.832766,-0.090808,0.006985
-0.689890,0.232662,-0.012912
0.018921,0.065827,-0.005508
0.074258,-0.021878,-0.076776
-0.296549,0.073919,-0.027789
0.415333,0.017826,-0.073819
-0.436702,-0.059953,-0.015502
-0.650095,0.224502,0.033576
-0.429940,-0.062704,-0.004476
-0.487913,0.047397,-0.021348
0.522385,-0.041935,-0.073728
0.023230,-0.068526,0.130656
-0.550975,0.039075,-0.012362
0.069467,-0.071484,0.126347
-0.144591,-0.049408,0.632630
0.012823,-0.059220,-0.288748
-0.733536,0.216341,0.103630
-0.737318,0.216227,0.121327
0.298058,-0.050004,0.101635
0.175579,-0.047896,0.145694
0.153526,-0.048812,0.179964
0.142431,-0.049408,0.192320
-0.774454,0.218817,-0.102726
-0.744241,0.220101,-0.052317
-0.690761,0.176546,0.002607
0.580358,-0.081684,-0.040328
0.127096,-0.057225,0.078093
0.122259,-0.114281,-0.142704
0.069123,-0.048262,0.394343
0.055598,-0.058165,0.439548
0.215648,-0.046337,0.074288
0.304660,-0.081043,-0.068478
0.454601,0.021631,0.065738
0.057111,-0.099817,0.030069
0.072561,-0.099725,0.033187
-0.561565,-0.023987,0.017943
-0.312619,0.130746,-0.003147
0.920539,-0.022382,0.039811
0.066257,-0.070016,0.160411
-0.467213,0.129508,0.009071
0.835196,-0.142981,0.006114
0.899289,-0.041431,-0.050483
-0.326877,-0.001545,0.060144
0.674274,-0.032995,-0.075355
0.013649,-0.083152,0.122633
-0.041024,-0.059472,-0.391055
-0.075133,-0.056446,-0.463607
0.739697,0.007189,0.067640
-0.014501,-0.057134,-0.466449
0.159349,-0.047575,-0.218878
0.742219,-0.056217,-0.064902
-0.405985,0.065414,-0.014150
-0.340700,-0.023413,-0.064742
0.615751,-0.047552,0.065096
0.410428,-0.044251,0.066975
0.647065,-0.046520,0.065692
-0.538161,0.115777,-0.014379
0.648555,0.008565,-0.075676
0.107061,-0.073570,0.105097
0.060962,-0.067472,0.222602
0.060206,-0.064148,0.315487
0.060160,-0.064973,0.291715
0.096470,-0.065982,0.290088
0.050830,-0.064400,0.301366
0.060687,-0.072378,-0.110130
0.012296,-0.067151,0.066196
-0.003819,-0.058945,-0.423055
-0.391429,0.128041,-0.014677
0.581412,-0.090877,-0.018047
-0.481288,-0.049225,0.011066
-0.556499,0.030204,-0.011055
-0.458090,0.065712,-0.023778
-0.440095,0.070710,-0.024534
-0.147938,-0.064423,0.066311
-0.081070,-0.048973,0.565740
0.016537,-0.049913,-0.407720
0.087461,-0.048629,-0.321299
0.062062,-0.049294,-0.348165
0.122374,-0.049684,-0.246982
0.040790,-0.049340,-0.380441
0.036526,-0.049065,-0.392499
0.088837,-0.069352,0.192778
0.758105,-0.079919,-0.041177
0.717347,-0.082533,-0.038999
-0.339668,0.033666,0.044740
-0.288664,0.042629,0.043089
0.151761,-0.048010,-0.245079
0.271902,0.000243,-0.076341
-0.331530,0.003453,-0.102473
0.025018,-0.069214,-0.160034
0.138076,-0.095255,0.052694
-0.295151,0.068876,0.021473
0.821465,-0.137617,-0.008992
0.173493,-0.050004,0.090243
0.056469,-0.064721,-0.123173
-0.214553,0.108625,0.022183
-0.476887,0.096590,-0.019995
-0.272319,0.088108,-0.025153
-0.129484,-0.049431,-0.615771
0.014909,-0.085467,-0.068501
-0.023029,-0.060320,-0.327442
-0.058537,-0.055162,-0.432064
-0.510401,0.109083,0.010791
0.377212,0.040588,0.053290
0.080447,-0.053191,-0.257228
0.083954,-0.051976,-0.265366
-0.591916,0.133267,0.006229
-0.539788,0.179985,0.008521
0.813923,0.028279,-0.059744
-0.034147,0.018215,-0.073728
-0.301615,0.103811,0.018951
-0.787818,0.218290,-0.128629
-0.322017,0.115135,-0.022746
0.877719,0.001963,-0.056558
-0.065918,-0.097433,-0.057911
-0.069884,-0.057042,0.422011
0.055804,-0.057615,-0.245308
-0.368253,0.013355,-0.126291
-0.738258,0.220101,0.013060
-0.517140,0.170747,0.008108
-0.690073,0.168179,-0.008213
0.080997,-0.099748,0.026745
0.043380,-0.100046,0.024361
-0.104934,-0.100825,0.026791
-0.042926,0.002100,-0.076180
-0.261798,0.023992,-0.067584
-0.535570,0.164237,0.009598
-0.074744,-0.099565,-0.049521
0.007711,-0.011104,0.070529
0.100253,-0.072974,0.112639
-0.270531,-0.018233,-0.088444
0.105227,-0.067953,-0.246111
-0.342556,0.019912,0.053428
-0.331645,0.018605,0.055583
0.208221,-0.045855,-0.124571
-0.296962,0.053953,0.024246
0.825843,0.045517,0.033668
0.740316,-0.087346,0.022115
-0.388563,0.101175,0.015398
-0.778397,0.217441,-0.047251
-0.400804,-0.017958,0.107366
-0.229315,0.126046,-0.009749
-0.606564,0.011361,-0.011789
-0.318097,-0.016399,0.079469
-0.077426,-0.080149,0.065646
0.578891,-0.082945,0.032361
-0.280961,-0.029465,-0.101396
0.947520,-0.040904,0.028075
-0.742315,0.220949,-0.160744
-0.172145,0.047007,0.046390
-0.005011,0.040841,0.053015
-0.039465,0.038113,0.055949
0.146030,0.038732,0.055262
-0.116281,0.044531,0.049049
-0.138562,0.041459,0.052327
-0.781102,0.218106,0.069084
-0.533828,0.055122,0.009278
0.169687,-0.049684,0.105509
0.454234,-0.001682,0.070231
-0.064451,-0.016376,0.070529
0.047323,-0.069100,-0.177937
-0.013974,-0.100092,0.032017
-0.048038,-0.100298,0.031972
-0.117817,-0.100757,0.030871
-0.394180,0.068738,0.004395
0.069123,0.065231,0.004532
-0.453780,0.047626,0.010974
-0.390374,0.130746,-0.000304
-0.323828,0.028095,0.104638
-0.111673,-0.050853,-0.635921
-0.125427,-0.097020,0.052809
-0.487340,0.062090,0.016086
-0.052623,-0.058761,0.401449
-0.050101,-0.058303,0.413621
-0.216157,-0.006473,0.070529
0.224657,-0.075014,0.142416
0.194490,-0.072882,0.175288
0.228256,-0.075701,0.128112
0.187613,-0.074418,0.132284
-0.531398,0.204352,-0.000167
0.035815,-0.054635,-0.483871
-0.376758,-0.061581,0.030596
-0.320802,0.025092,-0.119987
-0.220306,-0.091564,0.022413
-0.353491,-0.018187,-0.063618
-0.203435,0.086687,-0.012110
0.603694,-0.058715,-0.064971
0.695341,-0.061031,-0.063641
-0.081598,0.046846,0.046574
-0.123479,0.039809,0.054116
-0.189521,0.047282,0.046092
0.060458,0.039144,0.054849
-0.107959,0.045425,0.048087
0.127210,-0.073982,-0.113775
-0.309409,-0.062566,0.043456
-0.587033,-0.030038,0.001094
-0.120178,-0.050669,-0.621686
0.132643,-0.143921,-0.102909
-0.352482,0.121714,0.002217
-0.106240,-0.053282,0.534289
-0.097621,-0.051678,0.577202
-0.048267,-0.026737,0.070253
-0.089460,-0.052641,0.495824
0.051243,-0.006519,-0.076776
-0.390512,-0.067610,-0.023457
-0.144820,-0.050463,0.606475
0.070796,-0.069627,0.173844
-0.247654,0.030296,0.113670
0.039712,-0.066945,-0.228231
-0.401148,0.007739,0.113235
-0.635172,0.216341,-0.053005
0.887553,-0.060847,0.039857
-0.377308,0.002306,-0.076593
-0.085403,-0.056263,0.460201
-0.017802,-0.058761,-0.417921
0.242125,-0.055873,0.182463
-0.350006,0.086527,0.013679
0.679776,-0.011585,0.070529
-0.310028,-0.004548,0.062276
0.086292,-0.061947,-0.385415
0.327743,-0.070842,0.076741
-0.614793,0.007716,0.003065
-0.096360,-0.053260,-0.542509
-0.517002,-0.013671,0.030298
-0.187641,-0.068756,0.062368
-0.391177,-0.048400,-0.048833
-0.121622,-0.012387,0.070529
0.714207,-0.021465,-0.076226
-0.365732,-0.001338,0.092145
-0.022708,-0.062108,-0.438873
-0.617475,-0.006015,0.012281
-0.005332,-0.063162,-0.301631
0.940941,-0.012731,-0.038495
-0.071557,0.015808,-0.074324
-0.064749,-0.072446,-0.072215
0.074922,-0.070429,0.156307
-0.265695,-0.087965,-0.017864
-0.800059,0.217969,0.159792
-0.283323,0.026307,0.116329
0.306975,-0.041615,-0.073796
0.682389,0.017780,-0.073842
-0.410753,0.049162,0.021266
-0.416896,0.015510,-0.108227
-0.175400,-0.097364,-0.021577
0.044572,-0.068572,0.183334
-0.138952,-0.050509,-0.617514
0.069604,-0.067014,0.188629
-0.532201,-0.012548,0.027616
0.031575,-0.066968,-0.222133
0.975945,-0.039666,-0.023319
-0.240135,0.032588,0.101452
-0.165543,0.059477,0.027158
0.058234,0.061082,0.022413
-0.080956,0.059936,0.025782
0.593195,0.059271,0.027800
-0.024427,0.059133,0.028166
0.156942,0.062022,0.019616
-0.237361,0.006754,0.103790
0.176679,-0.099381,0.027823
0.272200,-0.099106,0.014435
0.231007,0.064704,-0.015411
0.355137,0.064497,-0.017382
0.124047,-0.068435,-0.246913
-0.559846,0.018536,0.005954
-0.406191,0.117106,0.012739
0.718975,0.051316,-0.046311
0.829007,-0.084527,-0.003468
-0.291529,-0.019562,0.064431
-0.377262,-0.014680,0.054666
-0.011796,-0.056240,0.433198
0.391218,-0.065134,-0.060157
0.239420,0.042055,0.051709
-0.097552,-0.083564,-0.070977
-0.044302,-0.048102,-0.556744
0.289232,-0.075289,0.107871
-0.391200,0.108052,0.005816
-0.351084,-0.026256,-0.099264
-0.807899,0.217625,0.171827
0.425924,0.029906,0.060924
-0.254279,-0.037007,-0.072788
-0.756436,0.219940,-0.194923
-0.468153,-0.019035,-0.044821
-0.325020,0.006249,0.126805
-0.040313,-0.060526,-0.363730
-0.028141,-0.060114,-0.376498
0.040675,-0.065432,0.264024
0.099496,-0.013488,0.070529
0.111187,-0.063575,-0.348784
0.111279,-0.098900,-0.050208
-0.691036,0.221178,-0.123975
0.003150,-0.049294,0.521521
0.154466,-0.118660,-0.099195
-0.257236,-0.083725,0.026630
-0.257717,0.098905,-0.028110
0.023345,-0.068824,0.162451
0.740179,-0.037786,-0.072834
-0.822891,0.217143,-0.217204
-0.267276,0.069357,0.018607
-0.540545,0.152706,0.009713
-0.750866,0.219963,0.068305
-0.767210,0.218954,0.068076
-0.769479,0.219229,0.104570
-0.644777,0.115295,-0.008030
-0.552648,0.166460,-0.015915
-0.503317,0.100556,0.012028
0.787080,0.061517,-0.002986
-0.617636,-0.023047,-0.008992
-0.320688,0.129920,0.003111
-0.277065,0.095971,0.017003
0.341612,-0.068618,-0.072283
-0.101679,-0.010531,-0.076776
-0.021814,-0.049042,-0.567082
-0.349479,0.018261,-0.059744
0.018921,-0.064033,0.288116
0.801453,0.058560,0.011226
-0.045058,-0.024858,-0.076776
0.194972,-0.076916,-0.094083
0.134958,-0.106556,0.160273
0.132276,-0.010462,-0.076776
-0.278257,0.117381,-0.025658
0.896722,0.028141,0.025714
0.108161,-0.077489,-0.071871
0.128082,-0.047139,0.066975
0.097937,-0.045878,0.067044
0.012479,-0.054268,0.066700
-0.114126,-0.046979,0.066998
-0.084578,-0.049340,0.066884
-0.026444,-0.053420,0.066723
0.113915,-0.051219,0.216046
0.087805,-0.055116,0.208206
0.109880,-0.053580,0.181798
0.158501,-0.067105,-0.275040
-0.679185,0.222645,-0.097316
-0.349021,0.001642,-0.064879
-0.642691,0.152339,0.004303
0.111806,-0.067816,0.248803
-0.300974,0.020828,0.120799
0.242858,0.016175,-0.074232
0.247489,0.006112,-0.075882
0.394473,-0.094476,-0.019789
-0.235528,0.110252,-0.028225
-0.306406,-0.002393,0.075572
0.991395,-0.045191,0.005885
-0.305283,0.070159,0.022252
-0.695391,0.220238,0.128777
0.479220,0.027866,-0.068364
-0.514848,0.193005,-0.003674
0.708132,-0.048194,0.064523
-0.321467,-0.076939,0.019983
-0.258359,0.006135,-0.090118
0.690779,-0.067174,-0.057727
-0.656743,0.243643,0.001507
0.146787,-0.099129,0.042723
0.890281,-0.033981,-0.054243
-0.201670,-0.069718,-0.065636
-0.699265,0.174483,0.001736
-0.261454,0.013424,0.078735
-0.746327,0.235918,0.000567
-0.808128,0.216914,-0.144996
-0.806684,0.216800,-0.155610
-0.361124,0.016542,-0.087046
0.056973,0.029471,0.061199
0.114144,0.031878,0.059800
-0.215882,-0.073707,-0.058438
0.223740,0.011017,-0.075493
-0.610231,0.210908,-0.015319
0.608049,-0.050990,-0.069372
-0.054823,-0.101169,-0.005943
-0.499672,0.175996,0.005656
0.915359,0.005080,0.034493
0.870406,0.009779,-0.056008
-0.263104,-0.066624,0.048201
-0.653006,0.143789,-0.009084
-0.028622,-0.055093,0.508088
0.924826,-0.076550,-0.007250
-0.713019,0.221247,0.137167
-0.246049,-0.025293,0.105945
-0.516544,0.044027,-0.016557
-0.143422,-0.052388,-0.073040
-0.092051,-0.049065,-0.582808
-0.110619,-0.049523,-0.589914
0.493066,0.036531,-0.063320
-0.292079,-0.029121,0.110025
-0.030204,-0.052388,-0.421588
0.451070,-0.061329,0.057210
0.528161,-0.059747,0.058104
-0.353766,0.081140,-0.011583
-0.475007,0.167813,-0.007777
0.226147,-0.045305,0.067044
-0.055030,0.064589,-0.016580
-0.370179,0.018651,0.084489
0.895897,-0.004708,-0.052592
-0.654496,0.216204,-0.022150
-0.684388,0.215974,-0.084845
-0.270623,0.060348,0.019364
-0.377308,0.007716,0.085131
0.200473,-0.075243,0.121235
0.173263,-0.074624,0.118965
0.790587,-0.033408,0.065050
-0.066858,-0.048996,0.546737
-0.023373,-0.049523,0.470586
0.017752,-0.050211,0.391913
0.227064,-0.000192,0.070116
-0.352276,0.129737,0.004876
-0.013768,-0.062864,0.301710
-0.061058,-0.048423,0.552720
-0.070136,-0.048446,0.565580
0.064355,-0.048285,0.362502
-0.040909,-0.049684,0.487320
0.025316,-0.050830,0.359018
0.064011,-0.050807,0.309779
0.019907,-0.051426,-0.361163
-0.057528,-0.052641,0.451055
-0.146310,-0.099840,0.007535
-0.746671,0.217121,-0.197261
-0.709902,0.222324,-0.105820
0.118981,-0.068572,-0.239096
0.105823,-0.068824,-0.223692
0.137572,-0.069008,-0.240334
0.351056,0.031534,-0.066232
0.114969,0.035797,-0.063756
0.286688,0.036737,-0.063206
-0.019957,0.006043,-0.075882
0.179842,-0.099817,-0.002138
0.515645,0.036600,-0.063275
-0.685466,0.216387,0.036029
-0.700137,0.216204,0.074494
0.160678,-0.076664,0.075136
-0.061104,-0.054497,0.510610
0.220073,0.024657,-0.070220
0.280040,0.029402,-0.067492
0.204966,0.026491,-0.069166
-0.249969,-0.007253,0.079262
-0.559433,0.011545,0.016567
-0.089965,-0.050280,0.528582
-0.186197,0.055649,0.034424
-0.201280,0.053678,0.037840
0.022428,0.056337,0.033232
0.054337,0.054113,0.037084
-0.091340,0.056130,0.033553
-0.010765,0.053586,0.037978
-0.286463,0.066583,0.020900
0.054979,-0.066784,0.236012
0.005075,0.012095,0.068993
0.999670,-0.024858,-0.006425
0.533801,0.025023,0.063789
-0.272182,0.039121,-0.055710
-0.543204,0.200616,-0.012545
0.170306,-0.012043,-0.076776
0.478693,0.056680,-0.038861
0.700178,0.056199,-0.039732
0.016308,0.051775,-0.047366
0.196714,0.053357,-0.044615
0.849798,-0.017545,-0.064535
0.020732,-0.066463,-0.176539
-0.148098,0.010169,0.069314
-0.234909,-0.007986,0.119470
0.815161,0.057666,-0.013233
0.264842,0.025597,-0.069693
-0.488005,0.126482,-0.016557
0.083885,-0.068068,0.222739
0.130832,-0.069833,0.208435
0.170925,-0.099886,-0.014242
0.219362,-0.099473,0.012601
0.498407,-0.091450,0.009851
0.865684,-0.084114,0.018195
0.138191,-0.055139,0.085887
0.095026,-0.079209,-0.128010
0.821877,-0.140024,0.002767
0.125170,-0.074464,-0.103436
0.782449,0.052188,0.031421
-0.252697,0.115800,-0.022471
-0.763611,0.216272,0.149591
-0.249121,0.013539,0.067342
-0.366672,-0.001843,0.124605
-0.338224,-0.053168,-0.054014
-0.503363,0.100601,-0.018276
0.024468,-0.085100,0.121579
0.131772,-0.129021,0.098105
0.050119,-0.071850,-0.114692
0.023574,-0.061420,-0.372349
0.657632,-0.091656,-0.007548
0.624921,-0.091656,-0.013692
0.001270,-0.056125,0.500776
0.308877,0.042720,0.050998
0.420032,-0.073272,0.044167
0.431815,-0.073088,0.044396
0.514270,-0.067495,0.051090
0.437890,-0.078200,0.038276
0.238113,-0.076160,0.122908
0.131795,0.002306,-0.076180
0.165928,-0.048583,-0.156458
0.166180,-0.049179,-0.135208
-0.322063,0.099707,0.022711
-0.063786,-0.052251,-0.574601
-0.080910,-0.049386,-0.556033
0.011540,-0.056331,0.495182
-0.558379,-0.006840,-0.029142
0.995109,-0.031322,-0.015617
0.060366,-0.066463,0.249216
0.483507,0.061907,-0.026208
0.251821,0.059500,-0.033337
0.553973,0.060142,-0.031411
0.113938,0.060555,-0.030219
0.214777,0.060142,-0.031434
0.611281,0.062067,-0.025726
0.043976,-0.072767,0.087767
0.030795,-0.015436,-0.076776
-0.284331,-0.085536,0.010630
0.049134,-0.062108,0.365161
0.090304,-0.064102,0.338800
0.015414,-0.059563,0.413094
0.041432,-0.060641,0.401930
0.032675,-0.059747,0.420338
-0.046892,-0.052801,0.559803
0.051541,-0.060733,0.406355
0.012869,-0.057798,0.461256
-0.376391,-0.020158,-0.118520
0.503336,0.020714,-0.072536
0.942912,0.004209,0.016888
-0.641705,0.224937,-0.025016
-0.066400,-0.055896,-0.479447
0.149423,-0.105456,0.129441
-0.539765,0.036806,0.007169
-0.790133,0.218909,0.189707
0.003975,0.066079,-0.003055
-0.008243,-0.048171,-0.526394
0.165080,-0.011218,0.070529
0.041386,-0.048010,-0.425417
0.341176,-0.098900,0.000842
-0.329353,0.097576,-0.028913
0.130741,-0.142729,0.125820
-0.402753,-0.065042,0.016613
0.458841,-0.024032,-0.076776
0.600393,-0.016101,-0.076776
-0.380265,-0.017201,0.102759
-0.535914,-0.021855,-0.031159
0.602272,-0.041523,0.067571
0.601103,-0.032972,0.069130
0.666824,-0.029557,0.069749
0.440434,-0.088607,0.019662
-0.807234,0.217946,-0.202832
0.779676,0.055168,-0.032718
0.706642,-0.017201,0.070345
0.467965,-0.062681,-0.062679
-0.599847,0.000060,0.016338
0.826554,0.015029,0.058700
0.025202,-0.069031,-0.195794
0.248268,-0.078567,-0.091585
0.270091,-0.079186,-0.091424
0.218055,-0.077581,-0.093969
0.228119,-0.078108,-0.089499
0.947978,-0.045030,-0.033108
0.749440,-0.072561,-0.049933
-0.100991,-0.049615,0.567941
0.442291,0.018536,0.067411
0.363985,-0.063758,0.055743
0.069558,-0.073455,-0.093923
-0.225900,-0.005969,-0.131838
0.955658,-0.066028,-0.006539
-0.642782,0.082194,-0.002184
0.136357,-0.107817,0.092718
-0.333295,0.001344,-0.068226
-0.635951,0.232044,0.008888
-0.415063,0.132946,-0.003903
-0.610163,0.055190,-0.005691
-0.226037,-0.058647,-0.067699
0.204599,-0.098579,0.044350
0.599888,0.030800,0.060419
0.171888,-0.068802,-0.248013
-0.090217,-0.055827,-0.471515
0.252440,-0.028709,0.069887
-0.074400,-0.031826,0.069337
0.278412,-0.026485,0.070299
0.041959,-0.055277,0.283211
-0.065116,-0.053993,0.522644
-0.677465,0.223677,-0.059767
0.279490,-0.043540,-0.087344
0.050784,-0.072676,-0.194602
-0.572958,0.014135,0.009690
-0.625177,0.215837,-0.024488
0.112081,-0.129113,-0.113362
0.398760,0.020485,-0.072673
0.036939,-0.072080,0.097509
-0.040038,-0.058417,-0.418631
0.252990,0.002673,0.069887
-0.211298,-0.021098,-0.076776
0.180988,-0.046749,0.170795
0.365613,-0.016903,0.070529
0.514683,-0.005533,0.070529
0.264956,-0.006657,0.070529
0.499232,-0.007092,0.070529
-0.223149,-0.016307,-0.100983
0.511313,0.036325,0.057187
-0.124418,-0.050004,-0.589914
-0.444863,-0.059472,-0.008075
-0.294807,-0.061122,-0.054449
0.847552,-0.069398,-0.047091
-0.073804,-0.061672,0.434344
-0.251643,0.050422,0.040545
-0.310395,-0.077719,0.021977
0.129938,-0.051884,0.329791
0.260005,-0.068435,-0.159163
-0.492245,-0.038199,-0.029417
0.696097,-0.015046,-0.076776
0.679845,-0.014336,-0.076776
0.614147,-0.009430,-0.076776
0.142661,-0.107198,0.124421
-0.246233,-0.012777,0.125155
-0.334487,-0.014519,-0.065773
0.154833,-0.094682,-0.059630
0.016216,0.014525,0.068397
-0.731610,0.221293,-0.088444
-0.748253,0.220742,-0.130921
-0.713088,0.221636,-0.018551
0.186971,-0.047666,0.119011
0.199006,-0.046933,0.106518
-0.729547,0.221568,-0.110726
-0.568924,0.009734,-0.022242
0.679570,-0.025362,0.070506
0.509021,-0.028663,0.069910
0.120563,-0.049065,-0.329849
0.091129,-0.048721,-0.373839
-0.194885,-0.051930,0.066815
0.021993,-0.063644,0.301549
-0.768471,0.217350,0.037680
0.830405,0.024244,-0.058942
-0.171067,-0.092596,0.043089
-0.292263,0.011797,-0.075286
-0.370614,0.012370,-0.079321
0.208932,-0.046314,-0.103046
0.037787,-0.070177,0.194750
0.986260,-0.051059,-0.008717
-0.398535,0.100877,0.018837
0.157813,-0.089662,0.057783
0.875747,-0.030886,0.052603
0.256475,-0.090051,0.056522
-0.292171,0.016404,0.124330
0.075908,-0.071323,0.134714
-0.318808,-0.007230,-0.132984
-0.371646,-0.024262,0.103401
-0.003498,-0.059518,0.400670
-0.244536,-0.091037,-0.018001
-0.713615,0.153692,-0.003468
0.505124,-0.076114,-0.047022
-0.426043,0.127147,-0.012614
-0.144728,-0.049798,-0.623359
-0.320963,-0.025683,0.060465
-0.304550,-0.029236,0.061818
0.209299,-0.056675,-0.228299
-0.413550,-0.012708,0.048958
0.111348,-0.105548,0.161740
0.518121,0.009848,-0.075584
-0.360551,-0.024697,0.108604
-0.633659,-0.014726,-0.017520
0.089502,-0.051494,0.256253
-0.038662,-0.048331,-0.581707
0.135417,-0.100115,-0.011674
0.109537,-0.118935,0.130519
-0.051316,-0.053328,0.542656
-0.058033,-0.055460,0.486357
0.047414,-0.044159,-0.073361
0.937617,-0.025477,0.033783
0.273507,-0.045259,0.104157
0.019402,-0.069168,0.151287
0.255672,-0.045236,0.120135
-0.229178,-0.061695,0.059159
-0.224754,0.006456,0.069612
-0.306429,-0.029373,-0.112881
0.094889,-0.072125,-0.133534
0.759824,-0.014405,-0.073957
0.704533,0.011682,-0.075263
-0.539307,0.036668,-0.013462
-0.485666,0.080544,0.015031
-0.626324,0.198438,0.009048
0.193665,-0.047620,-0.103918
0.171590,-0.054474,0.273147
0.738712,0.059661,0.020350
0.052297,-0.064790,0.125820
-0.016404,-0.056148,0.356061
0.680372,0.029448,-0.067447
-0.536327,0.160248,-0.015938
0.256383,-0.076137,-0.130073
-0.021309,-0.070796,0.346617
-0.079718,-0.054085,-0.473257
-0.052164,-0.006015,0.070529
0.500791,0.026674,0.062803
0.588243,0.034743,-0.064375
-0.232662,0.017046,-0.094198
-0.082423,-0.048033,0.615552
-0.235780,0.016611,-0.133236
-0.264021,-0.012089,-0.085694
-0.404839,0.056566,-0.027446
0.052114,-0.048423,0.427673
0.078636,-0.074211,-0.197101
-0.102939,0.064979,0.006848
-0.021562,-0.076825,-0.072008
-0.783692,0.216639,0.136983
-0.724366,0.217006,0.018722
-0.751576,0.217121,0.041760
0.482017,-0.087988,0.021312
0.521743,-0.086636,0.024292
-0.717581,0.216456,-0.075859
-0.734476,0.216616,-0.081888
-0.709260,0.216708,-0.037692
-0.694429,0.216456,-0.046518
0.081295,-0.061970,-0.110863
0.986696,-0.030749,0.014573
0.026692,-0.058211,-0.466312
-0.451717,0.003659,0.041485
-0.245660,0.126619,0.010630
0.081822,-0.066968,-0.257366
0.060022,-0.064996,-0.296977
0.100849,-0.067014,-0.270272
-0.025550,-0.055277,-0.384499
0.206135,-0.091014,-0.062564
0.964942,-0.002393,-0.009588
0.070727,-0.057707,-0.208677
-0.040611,-0.100115,-0.046288
-0.652250,0.120568,0.001369
0.753085,0.063328,-0.003559
-0.455087,0.091593,-0.022379
-0.431086,-0.031047,0.043410
-0.466525,0.049047,-0.005279
0.256910,-0.043059,0.073898
-0.231906,-0.085238,-0.038655
0.407402,-0.003356,-0.076616
-0.188902,-0.079736,0.053840
0.896401,0.005103,-0.048970
-0.267001,0.057047,-0.031113
0.007711,-0.063415,0.297125
0.111944,-0.072217,-0.142452
0.125720,-0.093627,-0.148068
0.450314,-0.004891,-0.076731
0.194513,-0.099748,0.005862
-0.263104,-0.074601,-0.044913
0.734012,0.062939,0.009805
-0.403441,-0.047987,-0.046082
0.164667,-0.067472,0.260104
-0.002673,-0.048010,-0.503837
-0.571010,0.090790,0.007994
0.329302,-0.004914,0.070483
0.734677,0.034445,0.056202
0.224359,-0.052595,-0.201479
0.146099,-0.074005,-0.122898
-0.364127,-0.016238,0.080546
0.189378,-0.046681,0.190647
0.036022,-0.054039,-0.310823
0.759205,-0.044067,0.064591
0.514935,0.063580,0.014985
0.529445,0.064222,0.013037
0.432021,0.061082,0.022390
0.050028,0.064108,0.013381
0.501823,0.063237,0.015971
0.219339,0.063466,0.015283
0.409900,0.063489,0.015215
0.229586,0.063557,0.015031
0.254893,-0.073478,0.144364
0.124964,-0.033064,0.069107
-0.031304,-0.035058,0.068741
-0.106332,-0.035952,0.068580
0.782220,0.012943,0.064248
-0.481540,0.001710,-0.042506
0.166501,-0.066693,-0.271624
0.106052,-0.060939,0.069222
0.476905,0.065162,0.005151
0.639408,0.065323,0.003707
0.000055,0.064543,0.010676
0.646537,0.064704,0.009140
0.365681,0.064543,0.010676
0.696831,0.064658,0.009621
0.269289,0.065208,0.004739
-0.032106,-0.010691,0.070529
-0.700457,0.222783,0.065783
-0.188558,0.001229,0.070001
0.048148,-0.048148,-0.431056
-0.771932,0.218886,0.087996
-0.760929,0.219275,0.062253
-0.004278,-0.058738,0.421874
0.123772,-0.073317,0.118347
0.079897,-0.063437,0.086850
-0.267070,0.016817,0.125865
-0.263654,-0.022840,0.118599
0.842485,-0.082166,-0.033612
0.058762,-0.054727,-0.271716
0.072515,-0.053810,-0.261882
-0.271380,0.103948,-0.028821
-0.253752,0.018513,-0.131746
0.767137,-0.011516,0.067342
-0.444244,0.011865,-0.047160
0.639867,-0.051334,0.062941
0.589917,-0.047345,0.065210
0.542855,-0.045764,0.066127
-0.497403,0.067088,-0.020523
-0.754396,0.216570,-0.112170
0.331113,0.057162,-0.038059
-0.121393,0.056589,-0.039022
-0.179366,0.055236,-0.041360
0.102912,0.058744,-0.035285
0.428331,0.057872,-0.036798
0.579005,0.058148,-0.036340
0.129159,-0.102843,0.092512
0.647110,-0.073845,0.043479
0.613299,-0.078200,0.038276
0.630674,-0.074968,0.042127
0.594433,-0.074578,0.042608
-0.257373,0.028806,0.091228
-0.091317,-0.069122,-0.072352
0.109353,-0.068137,0.237777
-0.390351,0.005264,0.083136
0.117583,-0.055414,0.131344
0.091129,-0.058371,0.143218
0.227431,-0.016422,0.070529
0.165997,-0.048010,0.170428
0.157057,-0.049752,0.136295
0.134294,-0.050394,0.181569
-0.793297,0.218909,-0.219749
0.048240,-0.069283,-0.075928
-0.744058,0.216410,0.184480
-0.080910,-0.056377,-0.450586
-0.550883,-0.019883,-0.028913
-0.466365,0.119903,0.010836
0.120265,-0.075908,0.068328
0.072951,-0.099748,-0.038747
0.087278,-0.049156,0.380428
0.911897,0.018330,0.026997
0.880813,-0.083381,-0.021783
-0.474571,0.086572,0.014940
0.246320,-0.049638,-0.164962
0.047781,-0.075587,0.124673
-0.521541,0.093885,-0.018116
0.830221,-0.130924,-0.005989
0.127600,-0.053237,-0.150681
0.074831,-0.058876,-0.178372
0.084206,-0.060159,-0.135575
0.245472,-0.099175,-0.023273
0.222823,-0.099267,-0.025382
0.131382,-0.054772,-0.115563
0.167212,-0.051105,-0.092593
0.166593,-0.050669,-0.101900
-0.190094,0.021012,-0.072352
0.066922,-0.059884,-0.421084
0.530843,-0.088538,0.019891
0.302276,-0.070383,-0.110107
-0.554001,0.103513,-0.015502
-0.052737,0.041001,-0.059080
0.369280,0.050491,-0.048879
-0.183423,0.047511,-0.052088
0.092413,0.046159,-0.053555
-0.078480,0.047763,-0.051813
-0.122447,0.047740,-0.051859
-0.164030,0.042193,-0.057796
-0.559456,0.227344,0.001300
-0.548018,-0.013556,0.024499
-0.019384,-0.056767,-0.473143
-0.053287,0.028324,0.061841
-0.280686,-0.034554,-0.070037
-0.310441,-0.036067,-0.066186
0.381177,-0.091152,-0.043652
0.510556,-0.089708,-0.022104
-0.307002,0.060715,-0.028752
-0.331461,-0.000903,0.074586
-0.738189,0.216066,0.172743
-0.620111,0.216341,0.027318
0.085467,-0.045489,-0.073292
0.858257,0.043110,0.023605
-0.726384,0.216937,-0.035125
-0.785480,0.216616,-0.146761
-0.761571,0.217212,-0.051011
-0.487500,0.034284,0.014389
0.048675,-0.065409,0.192412
-0.114882,-0.053512,0.526610
0.757784,-0.032216,0.066792
-0.640559,0.177945,0.006664
-0.699082,0.209648,-0.013737
0.128792,-0.052457,-0.161982
0.139406,-0.051609,-0.151140
0.088310,-0.055048,-0.214499
0.110156,-0.051472,-0.227130
-0.720630,0.219252,0.160778
-0.271242,0.025872,-0.124021
0.117147,-0.053603,-0.169524
0.120288,-0.052068,-0.190315
0.133904,-0.050738,-0.181238
0.793498,-0.003035,-0.071802
-0.019980,-0.048377,0.491079
0.044503,-0.048354,0.389850
-0.052783,-0.048285,0.549579
0.829557,-0.031849,-0.067974
-0.584557,0.231402,0.006848
-0.493506,0.030365,-0.019331
-0.542172,0.010994,0.021060
0.905020,-0.064859,0.031101
0.074097,-0.072653,0.105509
0.241345,-0.072446,0.162084
-0.044691,-0.053191,0.550244
0.497146,0.038342,0.055697
0.088722,-0.061397,0.096959
-0.589188,0.078481,0.005014
-0.261568,0.014433,-0.071917
0.176266,-0.046841,0.189179
-0.618025,0.225006,-0.016030
0.337256,-0.070429,0.067571
-0.827750,0.216524,0.206876
0.104883,-0.063071,0.352714
0.297301,-0.079071,-0.085487
-0.172259,0.060692,-0.029807
-0.037700,0.062434,-0.024626
-0.165703,0.064176,-0.019468
0.166547,0.061999,-0.025887
0.006451,0.060394,-0.030701
-0.053333,0.060050,-0.031732
-0.026696,0.061449,-0.027537
0.553194,0.065850,-0.005393
0.655615,0.065116,-0.011720
-0.360803,-0.008353,-0.130188
-0.775806,0.208845,0.002469
-0.726773,0.217121,0.009667
-0.042216,-0.055873,-0.484398
-0.347852,0.056268,0.022573
0.130053,-0.136471,0.109108
0.467461,-0.069466,-0.054976
0.129159,-0.095393,-0.125465
-0.350281,-0.043953,0.051250
-0.283896,0.067271,-0.026964
-0.629281,-0.022749,-0.012339
-0.224387,0.003155,-0.086381
-0.386156,0.071237,-0.008855
-0.604180,-0.019081,-0.019812
-0.427716,0.101839,-0.022540
-0.302326,0.012347,-0.067676
-0.263929,0.000358,0.071033
-0.300217,0.098378,-0.024236
0.799596,-0.073203,0.041691
0.412193,0.006341,0.069612
-0.236490,0.025780,-0.093075
0.032423,-0.048514,0.460866
0.396903,0.061242,0.021931
0.677575,0.059340,0.027570
0.338219,0.061815,0.020235
-0.089942,0.063580,0.014985
0.375103,0.060921,0.022871
0.294000,0.064131,0.013335
0.282103,0.061586,0.020877
0.135944,-0.080217,0.129143
0.085788,-0.061283,0.385632
-0.701787,0.141359,-0.003468
0.798977,0.017436,0.061176
-0.317753,0.039030,0.042402
0.078934,-0.064996,-0.073682
0.020319,-0.055666,-0.499688
0.936173,-0.053145,0.028189
0.779767,-0.071736,0.044006
0.319193,-0.063735,0.096248
0.140254,-0.138947,-0.115356
-0.700251,0.214461,0.007742
-0.773950,0.219711,-0.190155
-0.631527,0.154540,-0.011537
0.134271,-0.049110,-0.236139
0.070246,-0.056010,0.235370
0.330288,0.019018,0.067273
-0.066216,0.066033,-0.002482
-0.176500,-0.079896,-0.063137
-0.307277,0.112155,0.021564
-0.247150,0.017528,-0.072811
0.152747,-0.099473,-0.031778
-0.191927,-0.042233,0.067526
0.770529,-0.082441,0.031742
-0.057482,-0.099725,0.042356
-0.691449,0.223035,0.082793
0.284693,-0.045397,0.094300
-0.380540,0.021172,0.047857
-0.217831,-0.052778,-0.072490
0.638743,-0.075679,-0.047526
-0.129232,-0.048514,-0.643119
-0.228834,0.003178,0.100123
0.072080,-0.063621,0.099710
0.362495,0.056589,0.032797
0.127692,0.058950,0.028717
0.685323,0.052279,0.040247
0.646193,0.055282,0.035043
0.165676,0.056245,0.033393
0.621001,0.055305,0.034997
0.761131,-0.005648,-0.073773
-0.096590,-0.050830,-0.622511
0.552025,0.065254,0.004441
-0.113415,0.064658,0.009644
0.622514,0.065575,0.001484
-0.337284,-0.050486,0.049439
-0.062090,-0.054910,-0.505740
0.881593,-0.024835,-0.057292
0.867266,-0.085444,-0.021485
0.596129,-0.064469,-0.060959
0.016262,-0.059747,-0.415009
0.077994,-0.064033,-0.338239
0.046956,-0.062337,-0.363845
-0.000564,-0.057844,-0.456478
0.010233,-0.059311,-0.422643
0.121250,-0.066693,-0.294066
0.044893,-0.060503,-0.414253
0.054956,-0.062245,-0.371822
0.416181,-0.045924,-0.072283
0.461730,0.064337,-0.018689
-0.244445,-0.019081,0.069795
-0.269775,-0.020548,0.066907
-0.763290,0.216181,0.160480
0.012709,-0.063460,-0.305849
0.432915,-0.083793,0.030505
0.439540,0.040038,-0.060111
0.294229,-0.065134,-0.127299
-0.692686,0.132832,-0.002711
0.125812,0.064658,-0.015823
0.724110,-0.016514,-0.075722
-0.532751,0.133267,0.009232
0.564518,0.021975,0.065554
-0.377308,0.006593,-0.100525
0.131703,-0.134729,-0.115356
0.068229,-0.001315,-0.076455
0.855139,0.031740,0.038894
-0.605830,-0.022840,0.009874
0.116161,-0.065524,0.317825
-0.794214,0.217602,-0.102428
0.135646,-0.079690,-0.070954
-0.619974,0.092991,0.002744
0.270687,-0.042875,0.073577
0.823642,-0.114717,0.004005
-0.602437,0.105713,0.005702
-0.394042,-0.034829,0.049691
-0.665293,0.215860,-0.072077
0.177160,-0.048239,-0.232586
0.073593,-0.064377,-0.324738
0.028480,-0.058899,-0.447698
0.017500,-0.057982,-0.465922
0.046704,-0.060205,-0.423927
0.133583,-0.067426,-0.282742
0.032216,-0.061351,-0.381014
0.111921,-0.065890,-0.310502
-0.257213,0.126046,-0.009772
0.879484,0.040336,-0.021669
0.507599,-0.053420,-0.067997
0.282905,-0.001751,-0.076501
-0.374718,0.011613,-0.059401
0.803378,-0.021534,0.065210
0.836411,-0.095301,0.020327
-0.325731,-0.018783,-0.087115
0.047896,-0.066968,0.226521
-0.748092,0.216570,-0.103780
-0.773308,0.216318,-0.163381
0.210261,-0.074762,-0.145432
0.197172,-0.073982,-0.155816
0.188576,-0.073455,-0.163610
0.241368,-0.076183,-0.130921
-0.337582,0.025986,-0.098095
-0.087787,-0.101353,0.000842
-0.507100,0.049620,-0.018047
0.066922,-0.068710,-0.201135
-0.674233,0.181383,0.004372
0.061398,-0.088195,0.059778
-0.297168,0.028760,-0.060295
-0.276927,0.028233,-0.063183
-0.069448,-0.053030,-0.553443
-0.682990,0.223539,-0.026276
-0.259276,0.099387,0.021931
0.147200,-0.073134,0.137189
0.154925,-0.070750,0.201948
0.089960,-0.070406,0.166692
0.123084,-0.071117,0.171093
0.153343,-0.072676,0.152594
-0.323966,-0.022840,0.117521
0.153045,-0.131245,-0.143689
-0.353720,-0.020479,0.117155
0.451735,0.016679,-0.074117
-0.026834,-0.050944,-0.432064
0.895369,0.038411,-0.002849
-0.286922,-0.000261,-0.134841
0.830749,-0.001888,-0.067630
0.789533,-0.052366,-0.065384
-0.485460,0.091065,0.013931
0.547532,-0.091656,0.007879
0.036755,-0.066326,-0.242282
-0.681018,0.190690,-0.010849
0.036663,-0.072951,0.080592
0.134867,-0.118293,-0.124526
-0.313902,-0.020112,-0.088101
-0.345651,0.050010,-0.029073
-0.198300,-0.084527,-0.051263
0.508952,-0.091656,0.005724
0.041523,-0.067357,-0.115310
-0.399429,0.002971,-0.124480
-0.246966,-0.073822,-0.049200
0.221081,0.001390,-0.076249
-0.289191,0.007350,0.094850
-0.640353,-0.000307,-0.017841
0.927554,-0.029305,-0.043308
-0.099547,0.013791,0.068580
-0.065208,-0.055437,0.432350
-0.011705,-0.059220,0.317000
-0.376070,-0.073272,-0.009795
0.045626,-0.098785,0.045084
0.108253,-0.069948,-0.196619
-0.023029,-0.048102,-0.524514
0.460286,-0.043517,-0.073453
0.367355,-0.039827,-0.074117
0.025729,-0.065432,0.253181
0.842279,0.019682,0.052396
-0.047992,-0.053833,-0.072971
0.008995,-0.049638,-0.521855
-0.490847,0.139846,-0.015480
0.244807,-0.096126,0.049118
0.101903,-0.058440,0.116857
-0.031212,-0.053374,0.555195
0.329417,-0.033546,-0.075263
0.225781,-0.034096,-0.075172
0.078223,-0.040766,-0.073957
0.312866,-0.034417,-0.075103
-0.007808,-0.063965,0.274133
0.143967,0.008656,0.069428
0.075014,-0.067128,0.241032
-0.184317,0.009527,-0.075607
0.028342,-0.083725,-0.069510
0.105158,-0.048102,-0.312840
0.066303,-0.048194,-0.372968
-0.155640,-0.049821,0.647485
-0.115730,-0.048996,-0.614167
-0.220857,0.091982,-0.025405
0.389842,0.036600,0.057050
0.119760,-0.048033,-0.307087
0.065753,-0.095782,-0.059378
-0.279563,-0.005396,-0.072031
0.045099,-0.064836,-0.147861
-0.570781,0.126276,-0.013164
-0.126757,-0.099863,-0.046953
0.416731,-0.090922,0.016269
0.438829,0.003246,0.069864
0.157882,-0.054704,0.294787
0.248452,-0.058142,-0.183255
-0.391566,-0.067426,0.017094
-0.088360,-0.051540,0.505910
-0.708114,0.194839,0.002744
-0.020347,-0.050761,-0.426907
-0.114195,-0.050027,-0.575312
-0.777182,0.219550,0.197524
-0.022685,-0.070475,-0.354263
-0.729799,0.203275,0.004051
-0.431109,0.084395,0.010836
0.013144,-0.099954,-0.037944
0.056767,-0.048125,-0.391719
0.249002,-0.026187,-0.076616
0.144174,-0.068962,0.240046
-0.773766,0.215974,-0.202923
0.400502,-0.093857,0.015765
0.288957,-0.092160,-0.060936
-0.317708,0.090171,0.013289
0.395986,-0.013671,-0.076776
0.467896,-0.013258,-0.076776
-0.596065,-0.020548,0.006504
-0.379073,-0.003654,0.089188
-0.709535,0.221705,0.127080
0.122924,-0.127279,-0.103459
0.156896,-0.068435,-0.264633
0.889111,0.034307,-0.027744
0.147543,-0.069283,-0.239967
0.049753,-0.068137,0.082151
0.824835,-0.057340,0.054047
-0.451992,-0.026348,0.040362
-0.333456,-0.008055,0.059640
-0.006386,-0.076068,-0.198109
0.685346,-0.091656,0.008040
0.372765,0.033138,0.059044
-0.255677,-0.005281,-0.083928
-0.501873,0.066675,0.013748
0.692269,-0.025179,0.070529
0.237632,-0.067334,0.179987
0.127967,-0.133078,0.124421
-0.079512,-0.050921,-0.615359
0.794759,0.037402,-0.054701
-0.394569,0.062961,0.021037
-0.200386,-0.089295,-0.043652
0.027334,-0.063323,-0.353002
-0.372815,-0.022199,0.089578
-0.329421,0.050377,0.024224
-0.298062,0.012232,0.070391
-0.337949,-0.078636,-0.008809
0.035013,-0.059495,-0.254524
0.945571,0.006983,0.001530
0.111760,-0.109857,0.132307
-0.280320,0.020966,-0.066988
0.014428,-0.077489,0.065692
-0.602529,0.013929,-0.003055
0.572999,-0.091381,0.010103
0.586799,-0.091335,0.010217
-0.147984,-0.050463,0.615300
0.669323,0.064864,-0.014081
0.003516,-0.055850,-0.511516
-0.212879,0.087191,-0.013944
-0.377606,0.016725,-0.121821
-0.616123,-0.016445,0.013587
0.074418,-0.062475,-0.118749
-0.089850,-0.052526,-0.563094
-0.076119,-0.053924,-0.529099
-0.076096,-0.052159,-0.574739
-0.089965,-0.050853,0.611197
0.460377,0.026330,-0.069258
-0.773995,0.219207,0.213318
0.252096,0.040749,-0.059378
0.209574,0.040015,-0.060157
0.177504,0.040886,-0.059217
0.527015,0.043798,-0.056100
0.596633,0.047282,-0.052340
0.482567,0.042583,-0.057383
-0.292148,0.013745,-0.088972
-0.280526,0.089461,-0.026116
-0.108739,-0.050050,0.561110
-0.119536,0.014823,-0.074576
0.242537,-0.088928,-0.063664
0.627442,0.042904,0.050815
0.640096,0.041437,0.052373
0.125652,-0.128563,-0.115356
-0.293936,-0.080355,-0.027973
0.846084,-0.089914,-0.007869
0.527290,-0.065363,-0.059905
0.095255,-0.060641,-0.100662
-0.601039,0.178311,-0.015090
-0.121691,-0.020708,-0.076776
0.147291,-0.104195,0.094094
-0.012667,-0.062223,-0.324462
-0.023075,-0.048102,0.518381
-0.092670,-0.048216,0.629604
-0.225991,-0.017706,-0.118841
0.189814,-0.064309,0.239565
-0.238164,0.004622,0.069703
-0.595469,0.087787,0.005060
-0.294578,0.022066,-0.090324
-0.380288,0.015350,0.082288
-0.488899,0.168019,0.005977
-0.242886,0.012209,-0.134864
0.740133,0.001298,-0.074324
-0.526814,-0.036319,0.014642
-0.278440,-0.015115,0.079744
-0.011109,-0.055300,-0.521580
0.095874,-0.070223,0.175036
0.136632,-0.072034,0.157752
0.114213,-0.070612,0.177878
0.162558,-0.073203,0.146175
-0.267918,-0.029053,-0.112514
-0.050583,-0.052251,0.573007
0.050807,-0.062727,0.349046
0.112012,-0.066395,0.289652
0.096379,-0.065111,0.314982
0.093124,-0.064469,0.330341
-0.000151,-0.056698,0.483102
-0.106767,-0.099679,0.043066
-0.080864,-0.098166,0.048866
-0.134849,-0.051609,-0.578727
0.431471,-0.091656,-0.014402
-0.432301,-0.054772,0.022458
-0.361881,0.125588,-0.017887
-0.793045,0.216937,-0.122210
0.296178,0.065483,0.002378
0.064469,-0.042852,-0.073567
-0.031075,-0.052388,-0.575495
-0.620639,0.124258,-0.010047
-0.213407,0.128522,0.006756
-0.492589,0.001458,0.034310
0.045214,-0.065822,-0.262570
-0.359588,-0.024124,-0.116365
0.082120,-0.018485,0.070529
-0.022043,-0.060664,-0.350251
-0.551204,0.050652,-0.013256
0.022474,-0.066738,0.215770
0.853236,-0.082945,-0.029554
-0.411830,-0.001934,0.081990
0.835310,0.040932,-0.043079
-0.306177,-0.019723,0.062758
-0.333570,0.017115,-0.127437
-0.096360,-0.097914,0.050104
-0.061104,-0.097845,0.049989
-0.069242,-0.050967,0.485234
-0.323003,-0.080745,-0.013027
-0.652387,0.127032,-0.008121
-0.323255,-0.005396,0.127057
-0.221567,0.128293,-0.013577
-0.068898,0.000152,0.070093
0.644956,-0.084023,0.030000
0.616783,-0.086407,0.024797
0.024010,-0.048331,0.472236
0.880653,-0.062658,-0.047160
0.266423,-0.045053,0.109475
-0.276698,-0.030061,-0.113179
0.025981,-0.054314,0.492111
0.678034,-0.066005,-0.059125
0.541274,-0.048996,-0.070518
-0.590884,0.121416,0.005381
0.208359,-0.014496,-0.076776
0.785980,0.012897,-0.070289
0.751709,0.050056,0.038482
0.141079,-0.113685,0.135654
0.126133,-0.096470,0.050746
-0.143582,-0.099977,-0.005600
-0.766431,0.220032,0.169786
0.246549,-0.048492,0.152479
0.749073,-0.090097,0.013977
0.287054,-0.097410,-0.052226
0.464389,0.014800,0.068328
-0.751829,0.215951,-0.175759
0.155612,0.021562,0.065783
-0.522091,0.151399,0.009713
-0.391589,-0.070933,-0.009176
0.149859,-0.048010,0.248895
0.047025,-0.024605,0.070529
0.176771,-0.021373,0.070529
-0.426318,0.071099,-0.023365
0.186719,-0.046543,-0.191943
0.490499,0.011934,0.069039
-0.240800,-0.044824,0.066815
0.096929,-0.062200,0.367568
-0.408254,-0.005533,-0.088719
-0.365525,0.023304,0.091687
0.079920,0.029883,0.060947
0.131566,0.033849,0.058631
0.007551,-0.056240,-0.327740
0.132620,-0.027929,-0.076295
0.043884,0.000060,0.070093
-0.227252,-0.002026,0.127608
0.927187,-0.003631,-0.041520
-0.127582,-0.049133,0.616355
0.636153,-0.024628,-0.076776
0.036916,-0.078773,0.124238
0.933972,-0.073959,-0.009061
-0.252353,0.032107,0.106518
-0.377308,0.003613,-0.065773
-0.337353,0.039282,0.039055
0.277656,-0.072011,-0.132732
-0.734178,0.220903,-0.068386
-0.208959,0.087879,0.009232
0.099198,0.010651,0.069268
-0.247173,0.105874,-0.025222
-0.417791,-0.008330,0.112868
-0.402547,0.100785,-0.014884
-0.014410,-0.053947,-0.382802
0.728809,-0.044480,-0.072100
0.115978,-0.056515,0.360164
0.175028,-0.071438,-0.204161
0.173768,-0.074211,-0.134635
0.224772,-0.075220,-0.143942
0.169068,-0.072492,-0.174177
0.165355,-0.072698,-0.166773
0.600714,0.039190,0.054803
0.776214,-0.037832,0.064935
-0.481311,0.037242,-0.021783
-0.512762,-0.002966,-0.037257
-0.605968,-0.010301,-0.022448
0.013259,-0.048033,0.476133
0.012296,-0.092390,-0.063275
-0.384689,0.081483,0.020487
-0.337055,0.056703,0.022963
0.208038,-0.072446,0.186979
0.278802,0.007373,-0.075768
0.033019,-0.061535,-0.230844
0.016720,-0.064584,-0.276782
0.731628,-0.091633,-0.013210
-0.677213,0.216249,0.099068
-0.718269,0.216204,0.150691
0.268028,-0.099335,-0.006792
0.323892,-0.098991,-0.011606
-0.226863,-0.079782,-0.047572
0.183097,-0.075426,-0.114852
-0.340516,0.012668,0.056866
-0.351794,0.090699,0.021496
0.056698,-0.072286,0.103676
-0.306842,0.019040,-0.127666
0.270366,-0.051976,-0.145569
-0.267551,0.026353,0.088340
-0.668182,0.216020,0.052305
-0.649637,0.216089,0.021633
-0.680102,0.215928,0.079858
0.133446,-0.072813,0.135952
0.724591,-0.010806,0.069451
0.356397,0.020599,-0.072604
0.828204,-0.101765,-0.026735
0.172025,-0.076320,0.086873
0.170765,-0.075724,0.096661
0.194169,-0.048102,-0.086014
0.156506,-0.075174,-0.130325
0.108276,-0.070979,-0.171106
0.133468,-0.071552,-0.173902
0.115382,-0.070429,-0.189467
0.094957,-0.070452,-0.175186
-0.368666,0.100120,0.018584
0.065936,-0.065203,0.090311
-0.344023,0.107547,-0.024649
0.071897,0.036095,0.057325
0.391034,0.013745,-0.074851
-0.508337,0.158254,-0.014906
0.025087,-0.055919,0.300036
0.041569,-0.050050,0.464649
0.403849,0.010009,0.069314
-0.663734,0.216204,0.027593
-0.752127,0.215883,0.176870
0.784788,0.022823,-0.065704
0.086132,-0.074647,-0.080032
-0.802902,0.218290,0.203873
0.039047,-0.069398,-0.072306
0.695639,0.031946,-0.066002
0.922167,-0.013144,-0.045326
-0.368322,-0.000009,-0.082966
-0.330361,0.126711,-0.006425
-0.046686,-0.048354,-0.541110
-0.416048,0.093977,-0.014677
-0.701787,0.228078,0.006618
0.711227,-0.090991,-0.017589
-0.001068,-0.061122,-0.072673
0.032721,-0.061947,-0.072650
-0.027522,-0.057432,-0.072811
0.494625,-0.030428,0.069589
0.193321,-0.050715,-0.230683
0.098235,-0.067632,-0.250649
-0.044095,-0.063117,0.346341
0.127096,-0.103989,0.109108
0.287261,-0.082189,0.061382
0.307112,-0.086223,0.058494
0.698757,0.051179,0.041897
-0.067087,-0.057500,-0.437680
0.981400,-0.012204,-0.016190
0.175968,-0.049386,-0.101694
-0.608696,-0.027127,-0.008832
-0.025940,-0.021419,0.070529
-0.559709,0.007418,-0.025703
-0.385010,0.085518,-0.026620
-0.356425,0.086595,-0.027675
0.625517,-0.085008,-0.034070
0.695754,-0.087346,-0.028958
0.212416,-0.046360,0.169649
-0.530596,0.078985,0.011547
0.024766,-0.064675,-0.280266
-0.379738,0.014112,0.117728
-0.473998,-0.053214,0.000200
0.024789,-0.069168,0.118026
-0.103329,-0.050944,0.629925
0.728947,-0.078727,-0.043171
-0.051408,-0.101169,0.009782
-0.061975,-0.101238,0.009644
0.025867,-0.063369,-0.318777
0.003883,-0.057179,0.316702
-0.666829,0.233534,0.007673
0.721038,0.064314,0.003936
-0.540270,0.205636,0.004532
-0.362385,0.124854,0.012189
-0.623298,0.182506,-0.014242
-0.068669,-0.049363,-0.541844
0.142019,-0.055758,-0.074988
-0.463729,-0.024858,0.038413
-0.398971,-0.012708,0.051594
-0.629120,0.119009,0.003799
-0.286944,0.128614,-0.012843
-0.700412,0.221270,-0.131930
-0.280365,0.029677,-0.101098
-0.530642,-0.009614,-0.034139
0.553125,-0.080034,0.036075
0.688762,-0.080080,0.036006
0.534603,-0.079048,0.037244
0.112012,-0.058142,-0.072765
-0.198529,-0.095117,-0.027193
-0.170127,-0.085513,0.053061
-0.151537,-0.091931,0.051479
-0.424232,-0.054085,-0.032122
0.008193,-0.064973,0.349436
0.881065,0.012782,-0.050415
0.717554,0.037792,0.055010
-0.775646,0.203114,-0.007021
-0.507627,0.154196,0.008911
0.017523,-0.099175,-0.050048
-0.356769,-0.011035,-0.082782
0.775618,-0.091243,-0.016098
0.651970,-0.018026,0.070529
0.478578,-0.022863,0.070529
0.702493,0.042881,-0.057062
-0.416553,0.084601,-0.025360
0.197172,0.053884,0.037496
-0.031923,0.056268,0.033324
0.040102,0.054251,0.036854
-0.143422,0.055901,0.033989
0.292900,0.054801,0.035891
-0.056657,0.057093,0.031926
0.285152,-0.055002,-0.136973
-0.413985,-0.056354,0.026424
-0.547124,0.054686,0.007788
-0.477483,-0.017430,-0.043354
0.716362,-0.040102,0.067228
-0.335702,0.035706,-0.049406
-0.264892,0.002765,-0.082874
0.062200,-0.064675,0.301962
0.092596,-0.066624,0.268517
0.045787,-0.063185,0.331969
0.126798,-0.067908,0.257170
-0.722739,0.216043,0.122198
-0.711094,0.216204,0.088179
0.242790,-0.044709,0.120799
0.032904,0.018742,0.067342
0.759182,0.003086,-0.073200
-0.650187,0.178449,0.006045
0.056079,-0.099794,-0.038563
-0.716664,0.216822,0.029519
-0.716389,0.216639,0.048293
-0.732344,0.216479,0.087125
0.032423,-0.065982,0.151608
0.035655,-0.066555,-0.141007
-0.519501,0.018399,0.019799
0.091496,0.066033,-0.003628
-0.007189,0.066033,-0.003697
-0.124510,-0.050600,0.605581
-0.740642,0.216960,0.046092
-0.759898,0.217121,0.052488
-0.235207,-0.012296,-0.098897
0.036618,-0.100023,-0.032557
-0.778465,0.216387,0.157179
-0.450387,0.149268,0.004830
-0.133473,-0.062956,0.066357
0.785384,-0.029992,-0.072146
-0.371875,-0.034119,0.052901
-0.294005,-0.038543,0.061497
0.045443,0.061151,0.022160
0.553515,0.059271,0.027800
-0.177119,0.063466,0.015329
0.027494,0.059959,0.025736
0.464549,0.059592,0.026791
-0.321627,-0.028319,-0.066186
0.022612,-0.057065,0.479457
0.345555,-0.098854,0.011318
0.256314,-0.099060,0.035410
0.293771,-0.098877,0.040797
-0.065941,0.019728,0.066861
-0.318991,-0.081318,0.007490
-0.311037,0.002971,0.094460
0.862383,0.027614,-0.046288
0.824032,-0.128219,0.009048
-0.003223,-0.058417,0.431685
0.373475,0.065689,-0.006654
0.450497,0.065850,-0.005302
0.240956,0.065368,-0.009657
0.355870,0.065643,-0.007090
0.304568,0.065529,-0.008213
-0.331461,0.042353,-0.042942
0.931703,-0.031368,0.035318
0.146076,-0.054108,-0.091058
0.138397,-0.054566,-0.101809
0.142248,-0.053260,-0.115723
-0.404014,0.001642,0.050196
0.018439,-0.063300,-0.314651
-0.343657,0.048268,0.024865
-0.358190,-0.023826,-0.094771
-0.035339,-0.054795,0.397025
0.466154,-0.084779,-0.034575
0.113365,-0.108940,-0.099952
-0.273168,0.014112,-0.091562
0.868641,0.006226,0.051502
0.060504,-0.070819,-0.142795
-0.316424,-0.028342,0.093864
-0.283277,-0.051678,-0.062954
0.831780,-0.124826,-0.012729
0.027127,-0.054841,0.308587
0.704533,-0.085421,-0.033153
0.857019,0.049253,-0.011949
-0.325914,0.010628,-0.067103
-0.570964,0.225098,-0.011881
-0.390764,0.008542,-0.085579
0.836021,-0.141743,-0.018987
-0.230049,-0.088378,0.026355
-0.754442,0.221361,0.004234
-0.341020,-0.027196,-0.100410
-0.321467,0.059202,-0.029417
-0.280755,0.051362,-0.039022
0.771790,-0.091633,-0.006173
-0.774339,0.218267,0.047101
-0.377927,0.109175,-0.019239
-0.586414,0.098745,-0.013164
0.027196,-0.048927,0.403260
0.091977,-0.050371,0.274958
0.067679,-0.049913,0.321561
0.039345,-0.049477,0.373987
-0.044898,-0.049179,0.511137
0.107038,-0.050646,0.246006
-0.715816,0.222026,-0.123609
-0.700824,0.222645,-0.101854
0.809889,-0.091610,-0.012798
0.236486,-0.064607,-0.192654
0.122924,-0.090556,-0.063664
-0.226267,0.009252,-0.075630
0.727732,-0.067105,-0.057085
0.589596,0.031579,0.059961
0.135211,-0.053122,-0.333540
0.129365,-0.103164,-0.156687
0.279100,0.064841,-0.014356
0.082029,0.065070,-0.012247
0.307158,-0.077902,0.079927
0.105983,-0.007894,0.070529
0.228783,-0.044617,0.095813
-0.372930,-0.024422,-0.104674
0.100253,-0.100275,-0.005921
0.095783,-0.075105,-0.076433
-0.377446,0.005401,0.122679
0.166432,-0.052572,-0.279968
-0.066721,0.030525,-0.066828
-0.812369,0.217739,0.207656
0.953480,-0.062796,-0.018964
-0.654336,0.190232,0.006756
-0.019957,0.035637,0.057600
-0.323117,0.126046,-0.017634
-0.018490,-0.059518,0.389231
0.866463,-0.066165,-0.046953
-0.282016,0.030365,-0.112628
-0.034169,-0.060687,0.354571
-0.016129,-0.061443,0.337837
-0.601635,0.238302,-0.011835
0.819058,-0.123519,-0.001542
0.199304,-0.024605,0.070529
-0.043064,-0.057615,0.432625
0.715490,-0.091633,-0.009176
-0.302739,0.116671,-0.021898
0.125491,-0.109926,-0.098989
0.120379,-0.048308,0.271955
-0.083317,0.027041,-0.068845
-0.275575,-0.000674,-0.090141
-0.782752,0.216937,0.103492
0.268418,-0.075862,-0.124021
0.563188,-0.065684,-0.059492
0.389865,-0.094980,0.000567
-0.089988,-0.079782,0.065669
-0.069563,-0.101307,-0.013692
-0.256709,-0.087736,0.017003
-0.278875,-0.042577,0.062551
0.051655,-0.058922,0.227393
0.025958,-0.062406,0.226017
0.255168,-0.068435,0.158348
0.621780,-0.089180,-0.023961
0.635419,-0.090212,-0.020385
-0.396770,0.130310,0.005220
0.183602,0.002788,0.069887
-0.655482,0.106516,-0.000488
0.152449,-0.061902,-0.303740
0.001637,-0.081341,0.065119
0.926935,-0.052939,0.031628
-0.585016,0.086550,-0.012362
-0.167720,-0.050417,-0.652036
0.591934,0.019338,-0.073338
-0.725123,0.216502,-0.082278
0.847162,0.001825,-0.064123
-0.026788,-0.000536,-0.076387
0.065891,-0.071919,-0.124617
-0.438101,0.052142,-0.013439
-0.288068,-0.000903,0.084626
0.815642,-0.122350,-0.009107
0.239030,-0.025477,0.070483
0.294229,-0.048308,-0.105614
-0.756482,0.203229,-0.008488
0.234193,-0.023024,-0.076776
-0.343794,0.026903,0.097945
0.102064,-0.073019,-0.119253
-0.538757,0.171205,-0.015434
0.164805,-0.047345,0.209306
0.076550,-0.074716,-0.073957
-0.075729,-0.050990,-0.605548
-0.794214,0.218060,0.135585
0.892000,0.003269,0.045749
-0.234060,0.089048,-0.017978
0.003150,-0.048469,-0.456134
0.100321,-0.048698,-0.299935
0.091886,-0.049569,-0.296404
0.015872,-0.048537,-0.434563
0.056515,-0.049363,-0.355592
-0.333112,0.013837,0.078047
0.198892,-0.052939,0.226338
-0.600810,0.009161,0.010057
-0.606082,0.049185,-0.001015
0.128678,-0.050188,0.320713
-0.236284,-0.091885,-0.019262
0.187728,-0.080240,-0.070014
-0.600764,0.125863,0.004762
0.017798,-0.062498,0.331143
0.238618,-0.099496,-0.006677
0.055415,-0.062314,-0.165673
-0.439338,-0.029672,-0.048420
-0.550860,0.064979,0.008177
-0.732458,0.227276,0.004143
0.266126,0.065460,-0.008671
0.414347,0.065414,-0.009199
0.161825,0.065116,-0.011743
-0.728653,0.221545,0.132215
-0.593727,0.224227,-0.013944
0.214181,-0.098808,0.043342
0.527245,0.024840,-0.070129
-0.025115,-0.094017,-0.062381
0.136426,-0.073524,0.123069
-0.663368,0.221132,-0.096215
-0.036531,-0.054612,-0.522359
-0.658806,0.224456,0.023880
-0.603354,0.186243,0.009186
0.128104,-0.098808,0.138565
0.205768,-0.099244,-0.041360
-0.135467,-0.100596,-0.004133
0.625494,0.031969,0.059732
0.125285,-0.110316,0.140788
0.865065,-0.070956,0.035639
-0.250565,0.023717,0.062918
-0.681408,0.177440,-0.009703
-0.435052,-0.055116,-0.027423
-0.340264,-0.001361,0.089853
0.139039,-0.050027,-0.308920
-0.613395,-0.020984,0.005977
0.089754,-0.022978,-0.076776
0.267409,0.010261,0.069291
0.528345,-0.079988,-0.042346
-0.185280,-0.035173,0.068741
0.770048,0.035981,0.052327
-0.453069,0.043018,-0.000900
0.412307,-0.074945,-0.048397
0.816055,-0.092756,0.018745
0.118706,-0.125170,0.124421
-0.091684,-0.055529,0.478425
-0.585085,0.015877,-0.004797
0.273186,-0.019585,-0.076776
-0.374466,-0.015642,0.118026
0.870727,0.028370,-0.042208
0.060550,-0.100115,-0.026437
0.094614,-0.060045,0.106266
0.864675,-0.007986,-0.060891
0.855024,-0.089203,0.002217
-0.573944,0.143285,-0.014288
-0.239470,0.020347,0.125453
0.137641,-0.066601,0.291899
0.030795,-0.068504,0.175815
0.718425,-0.019379,0.069772
0.673495,-0.085444,-0.033130
0.650480,-0.086682,-0.030426
-0.135490,-0.051036,0.587655
-0.366901,0.113003,0.011776
0.235890,-0.071896,0.170268
0.666916,-0.006840,-0.076776
0.551956,-0.007803,-0.076776
-0.680354,0.223585,0.044075
-0.740940,0.221063,0.138221
-0.526057,0.157451,-0.015892
-0.109358,-0.050784,0.621696
-0.128155,-0.101009,-0.021394
-0.047557,-0.057867,-0.431812
0.843517,-0.125078,0.011547
-0.604730,0.064589,-0.008282
0.308167,-0.070246,0.098059
0.674435,-0.089066,-0.024351
0.318780,-0.079209,-0.070495
-0.037447,-0.055070,0.502266
-0.250611,-0.078727,-0.042575
-0.110756,-0.100596,-0.040007
0.319858,0.021975,-0.071802
0.094522,-0.055552,0.183196
0.108963,-0.052251,0.209100
0.603579,-0.070750,-0.053441
-0.028416,-0.048056,-0.551816
0.475071,-0.059839,0.058081
0.539944,-0.059220,0.058425
0.005052,-0.058601,-0.306330
0.371779,0.004049,-0.076043
0.240337,-0.055277,-0.190178
-0.102848,-0.051494,0.526908
-0.088681,-0.052274,0.563562
-0.068990,-0.051999,0.574107
-0.082102,-0.053214,0.540433
-0.631917,0.144477,-0.010643
-0.127398,-0.020388,0.070529
-0.118917,0.000381,-0.076318
-0.003636,-0.100757,0.013312
0.050945,-0.100459,0.012670
-0.603836,0.173933,0.008429
-0.385331,-0.008605,0.114106
0.238640,-0.099129,-0.037532
0.293198,-0.098900,-0.046174
-0.636891,0.246302,-0.002849
-0.647894,0.222714,0.062849
0.262137,0.018238,0.067480
-0.215791,0.017940,-0.129935
0.072240,-0.061008,-0.406459
-0.070365,-0.042600,-0.073613
-0.405710,0.077999,-0.023847
-0.008908,-0.061902,-0.334778
-0.302441,-0.056263,-0.057498
-0.601108,-0.010576,0.012189
-0.358305,-0.021190,0.056752
-0.618071,0.229178,0.008636
0.343606,-0.089157,-0.060065
-0.716435,0.216456,0.007123
-0.145026,-0.099610,0.017553
0.153160,-0.054085,-0.075584
0.247007,-0.047070,0.144089
-0.540866,0.087810,-0.017359
0.509502,-0.091656,-0.007731
-0.302670,-0.082441,0.012051
-0.610621,0.246302,-0.007227
0.185940,-0.048835,-0.086610
-0.291896,0.089988,-0.019399
0.205952,0.019430,0.067021
0.349658,0.004484,-0.075997
-0.118504,-0.050898,0.594050
0.403482,-0.022428,-0.076776
0.049867,0.065437,0.002790
0.282447,0.065712,0.000246
0.007161,-0.063735,-0.294158
-0.419120,0.002329,0.082082
0.067725,-0.075151,0.193053
-0.490389,0.118619,0.010974
0.121480,-0.115748,0.124421
-0.467099,0.066492,0.017071
-0.441081,0.045288,0.018791
0.235064,-0.099519,0.009002
-0.307369,-0.023964,-0.123448
-0.158826,-0.013877,-0.076776
0.583177,0.025459,0.063537
0.143853,-0.099794,0.015948
-0.028141,-0.094269,0.055972
-0.214094,-0.000719,-0.076410
-0.633774,0.224502,0.028625
0.116803,-0.049088,0.330341
-0.313650,0.014066,0.083366
-0.239402,-0.001751,-0.106554
0.690252,-0.036984,-0.074645
-0.400919,0.042033,0.022092
0.402129,-0.082189,-0.042391
0.041477,-0.069122,0.166852
-0.238897,-0.013579,-0.112422
0.753360,-0.085811,-0.031480
0.149010,-0.048171,0.258797
-0.409401,-0.016789,-0.106554
0.547600,-0.073547,-0.050094
0.332672,-0.051632,0.068741
-0.645694,0.098653,-0.006264
-0.012209,-0.096378,0.053542
0.135165,-0.124964,-0.141260
0.286390,-0.099129,0.011318
0.817499,-0.073295,-0.047251
0.357360,0.039305,-0.060891
-0.312619,0.128499,0.006825
-0.312596,-0.049821,-0.059699
-0.612707,0.160317,-0.013348
0.112517,-0.062704,0.349161
0.051289,-0.051174,-0.460558
-0.366603,-0.073868,-0.015457
-0.660938,0.147571,0.002607
0.036755,-0.058624,0.451445
0.243546,-0.099060,0.040316
0.217184,-0.099198,0.034172
0.193413,-0.099267,0.036946
-0.137851,0.064749,-0.015044
-0.590472,0.112086,0.006573
-0.296458,0.000220,-0.080398
0.060916,0.065368,0.003340
-0.379302,-0.013167,-0.103069
-0.703690,0.222209,-0.019033
-0.740825,0.220811,-0.096078
-0.715976,0.221659,-0.035767
-0.027545,0.047924,0.045405
-0.102939,-0.053741,0.503251
0.797831,0.053036,-0.033910
-0.353032,-0.071392,0.021587
-0.050170,-0.057386,0.437576
0.290928,0.058881,0.028808
0.444904,0.058423,0.029611
0.425098,0.056566,0.032820
-0.120201,0.058514,0.029450
0.453798,0.055947,0.033920
0.415929,0.056451,0.033003
-0.040794,0.057643,0.030963
0.588518,0.014043,0.068511
0.962901,-0.057340,0.012899
0.387092,0.010696,0.069268
-0.035018,-0.057111,0.447364
-0.577497,0.065277,0.005266
-0.709787,0.167148,-0.006012
-0.409148,0.015969,0.096386
-0.258359,0.007143,0.068305
-0.292607,0.015235,-0.099448
0.080241,-0.053901,0.243806
0.070636,-0.053535,0.261319
0.012479,-0.051701,-0.368750
-0.556201,0.155205,0.009461
-0.591136,0.014295,0.002974
0.056423,-0.048010,0.391707
-0.061402,-0.055277,-0.496593
-0.594277,-0.017774,0.015559
0.711846,0.058812,-0.033818
-0.424117,0.024244,0.037840
-0.249167,0.051890,-0.044798
0.113113,-0.110063,-0.146945
-0.634805,0.241488,0.004303
-0.148740,0.021310,0.065921
-0.019315,0.022869,0.065027
0.370037,0.043752,0.049898
0.147750,0.048749,0.044511
0.445867,0.047419,0.045932
0.334849,0.044050,0.049554
0.358392,0.049804,0.043387
0.509754,0.044944,0.048591
0.961045,-0.062910,0.004143
-0.780093,0.228284,-0.006746
-0.450433,-0.016078,0.042333
0.050165,-0.065615,0.116398
0.816078,-0.091610,0.007031
0.066074,-0.060893,0.406607
-0.289672,-0.055300,0.053680
-0.247356,-0.075335,0.041049
0.799481,-0.052641,-0.064719
-0.311816,-0.073249,-0.036386
-0.100762,0.008908,-0.075653
0.144311,-0.053856,0.093681
0.132208,-0.054887,0.105097
0.135325,-0.053856,0.115871
0.979498,-0.045374,0.013450
0.256406,-0.094888,-0.057337
0.301061,-0.062521,-0.122715
0.706207,-0.056033,-0.066369
-0.111283,-0.019723,0.070529
0.052022,0.035454,-0.063939
0.223121,0.034078,-0.064742
-0.028507,0.036875,-0.063137
0.132941,0.032588,-0.065636
-0.270119,0.124579,0.007077
0.098488,-0.047391,-0.073223
0.174639,-0.046314,-0.073269
0.070796,-0.050050,-0.073109
0.239787,-0.005556,-0.076776
0.207488,-0.099312,-0.027744
0.133996,-0.082533,0.099733
0.387023,-0.021717,0.070529
-0.055419,-0.051128,0.597833
0.596060,-0.025339,-0.076753
0.589596,-0.036044,-0.074805
0.100298,-0.067655,-0.196665
0.057111,-0.048171,-0.417737
0.011402,-0.064813,-0.225250
-0.258222,0.091386,-0.020477
-0.234725,0.032267,-0.106737
-0.575801,-0.031872,0.000269
-0.354774,0.007418,-0.102771
0.608943,0.024382,0.064156
-0.336367,0.014456,-0.094015
0.098281,-0.099656,0.030069
0.140621,-0.061466,0.315005
-0.521473,0.100647,0.011134
0.014841,-0.067128,-0.206591
-0.796758,0.218335,0.175013
0.234239,-0.051013,0.178291
0.269289,-0.079300,0.082861
0.242354,-0.079438,0.067136
0.257483,-0.080057,0.063812
-0.003727,-0.059105,-0.313184
0.000811,-0.057821,-0.320359
-0.045906,-0.058349,-0.380624
-0.204902,0.033070,0.059090
-0.140235,-0.015207,-0.076776
-0.364769,0.063672,0.021725
0.151211,0.002559,-0.076157
0.298401,0.062022,-0.025841
-0.230416,0.059683,-0.032764
-0.134711,0.060165,-0.031365
0.588725,0.063695,-0.020889
-0.216730,0.061907,-0.026162
-0.119948,0.063351,-0.021875
0.959073,-0.002095,-0.019560
0.529376,0.035408,-0.063985
0.784558,-0.082968,0.030825
0.822909,-0.099083,0.020418
0.149721,-0.075151,0.096913
0.363687,-0.097662,-0.017634
-0.300515,-0.001728,-0.134245
-0.156419,0.014318,-0.074690
0.346288,0.060440,-0.030586
0.504505,0.060050,-0.031732
0.268418,0.060371,-0.030769
0.175189,0.059042,-0.034735
0.051793,0.059294,-0.033933
0.134867,0.059340,-0.033795
0.149584,-0.099519,0.022390
-0.601635,0.119605,-0.011468
0.147887,-0.104264,-0.112307
0.751480,0.062365,-0.012775
0.019333,-0.001155,0.070208
0.686424,-0.091656,-0.007113
-0.588729,0.181933,-0.015823
0.942637,-0.064354,0.017415
-0.078641,-0.056010,-0.072879
-0.158024,-0.098877,-0.000373
-0.522687,-0.037557,-0.020706
-0.046708,-0.050302,0.471296
0.030956,-0.069787,-0.149443
0.070154,-0.080263,0.065073
0.134890,-0.048102,0.257055
0.041317,-0.048056,0.414080
-0.299850,-0.000582,-0.089247
-0.029676,-0.056377,-0.476535
0.945961,-0.010255,0.029221
-0.505403,0.003865,-0.038013
-0.708366,0.216502,-0.147059
-0.756872,0.220376,-0.010574
0.887644,-0.083816,-0.016098
-0.455293,0.120316,-0.016511
-0.017298,-0.085444,-0.068845
0.825981,0.050216,-0.032122
0.043334,-0.066349,0.240000
-0.038731,-0.054383,0.520581
-0.561955,0.089759,0.008934
-0.150047,-0.098900,0.026034
-0.176248,-0.097158,0.018791
0.817453,0.001321,0.063354
0.019013,-0.065524,0.189890
-0.669740,0.129256,-0.000075
0.156369,-0.071323,-0.194510
0.139451,-0.070085,-0.214179
0.160724,-0.073019,-0.155472
0.140919,-0.072080,-0.165421
0.132116,-0.072469,-0.149833
-0.459282,-0.035907,-0.040443
0.094178,-0.000123,-0.076364
0.060252,-0.030772,-0.075768
0.183212,-0.030864,-0.075745
0.228165,-0.076320,0.115091
0.178329,-0.077237,0.074150
-0.336298,-0.000376,-0.086954
0.358048,-0.088951,0.048935
-0.442043,-0.037672,0.037106
-0.491970,-0.030245,-0.036225
0.816857,0.055122,0.016751
0.768443,0.057895,-0.026689
0.718058,-0.068297,0.049691
0.758036,-0.068389,0.048453
-0.701512,0.221682,0.121900
-0.750453,0.220582,0.167998
-0.095054,-0.001636,-0.076478
-0.011521,-0.062727,-0.311534
0.030680,-0.064859,-0.180550
-0.374145,0.108052,0.014550
-0.559823,0.105301,0.008773
-0.558310,0.219734,-0.010734
-0.490664,0.147113,0.008682
-0.015923,-0.053833,-0.548996
0.599499,-0.091656,0.000062
0.672257,-0.091656,0.001048
-0.374305,-0.013098,-0.126061
-0.781124,0.216112,0.191128
-0.751851,0.216570,0.101085
-0.480646,0.045677,0.016109
-0.552602,0.171939,0.009644
-0.416988,0.096613,-0.001015
-0.129049,-0.032629,0.069176
0.545331,0.029264,0.061313
0.727617,0.058767,0.024957
0.028732,-0.038107,0.068190
0.414943,-0.027425,0.070139
0.053993,-0.040331,0.067778
0.287375,-0.040125,0.067824
0.179636,0.065621,0.001025
-0.127169,0.065437,0.002630
0.136953,-0.051426,-0.322353
-0.222897,0.027430,-0.112491
0.012342,-0.065638,0.237616
-0.701810,0.222691,-0.085969
0.079966,-0.057821,0.177901
0.088287,-0.059861,0.124811
0.102270,-0.056904,0.141751
-0.637189,0.101197,0.001415
0.107771,-0.037534,-0.074530
0.283731,-0.037053,-0.074622
0.197104,-0.032606,-0.075424
0.080149,-0.055758,0.413140
-0.413550,-0.029557,0.047055
-0.307048,-0.028457,0.110002
-0.372104,0.041849,-0.036225
-0.410570,0.126872,-0.014127
0.585447,-0.037007,0.068397
0.362793,-0.043357,0.067228
0.447151,-0.043884,0.067136
0.678584,-0.034898,0.068763
-0.125221,-0.101398,-0.001703
-0.368185,0.008725,0.122679
-0.584718,0.151239,-0.014265
-0.264846,-0.083083,-0.031732
-0.751347,0.219619,-0.046564
-0.789285,0.218588,-0.161707
-0.767691,0.219367,-0.114760
-0.105507,-0.047070,-0.073223
-0.106011,-0.048056,-0.643371
-0.291346,0.091982,0.014687
0.110843,-0.017132,0.070529
0.160610,-0.099954,0.007352
-0.734269,0.216891,-0.049521
-0.721180,0.217006,-0.020958
0.429614,-0.048216,-0.070954
-0.000174,-0.058990,0.303292
-0.046525,-0.058417,0.374514
-0.057712,-0.056583,0.409610
0.311032,-0.093284,-0.059194
-0.769594,0.218358,0.028281
-0.107661,0.024886,-0.070106
0.088401,0.016977,0.067801
-0.421848,0.040955,-0.026735
-0.403899,0.018399,-0.106898
-0.214232,0.065185,-0.011285
0.055713,0.064887,-0.013783
0.054429,-0.071759,0.112226
0.273323,-0.094407,-0.057911
-0.256411,0.090240,0.018332
0.484493,0.031236,0.060144
0.204370,-0.047070,0.084053
-0.226198,0.021356,0.084443
-0.468061,0.146586,-0.013944
-0.755405,0.220513,0.142072
-0.687758,0.223195,0.013473
-0.774821,0.219642,0.170543
-0.036553,-0.061260,-0.345254
-0.056199,-0.058899,-0.403341
0.762254,0.033253,-0.061303
-0.235986,0.026124,0.104845
0.912103,-0.065959,-0.033658
-0.076280,-0.023482,-0.076776
-0.015464,-0.054176,0.375706
-0.669098,0.225350,0.008384
0.100207,-0.098808,0.044442
-0.372357,-0.012823,-0.061464
-0.404518,0.109656,0.016315
-0.154631,-0.081822,0.059892
-0.020049,-0.056400,0.477348
-0.152041,-0.049065,-0.649308
-0.764826,0.217327,-0.043263
-0.239654,0.004392,0.077956
0.103966,-0.064630,0.334169
-0.131250,-0.012112,0.070529
0.384593,-0.057615,-0.065590
0.243294,-0.044526,-0.124411
-0.518492,0.073873,-0.018712
-0.240662,-0.000146,-0.084433
-0.047648,-0.054727,-0.421267
-0.750407,0.219436,-0.025153
-0.542860,0.103536,-0.016053
-0.328848,-0.058532,-0.050483
0.192198,-0.076183,-0.105614
0.182387,-0.077306,-0.081086
0.271742,-0.076091,0.114129
0.343285,-0.057867,-0.074622
-0.199859,-0.047070,-0.073269
-0.337857,0.006639,-0.132297
-0.065024,-0.051609,-0.591289
-0.063351,0.010742,0.069268
0.110752,-0.118614,-0.114737
0.031873,-0.065409,0.162474
0.916276,-0.045328,-0.044844
-0.169096,-0.039620,-0.074186
-0.007235,-0.051792,0.389346
0.114488,-0.099610,0.026034
-0.358442,0.008060,0.076053
-0.620455,0.157635,-0.012568
-0.500681,0.034376,0.012097
-0.050491,-0.050646,-0.470117
0.084000,0.006318,-0.075859
0.052114,-0.078727,-0.124801
-0.793526,0.216066,0.210040
-0.071282,-0.050188,0.508042
0.273140,-0.003103,0.070345
0.145595,-0.139359,0.095446
0.294642,-0.006473,0.070529
0.516356,-0.013832,0.070529
0.477661,-0.006588,0.070529
0.527978,-0.011379,0.070529
-0.039694,-0.055987,0.475858
0.305897,-0.099106,-0.002390
0.078957,-0.048560,0.385334
0.191900,-0.099404,-0.024970
-0.562047,0.141153,-0.014677
-0.013286,-0.059930,0.381277
0.013190,-0.062979,0.313928
0.965308,-0.033316,0.022596
0.229655,-0.099014,-0.048604
0.138535,-0.039735,0.067892
0.404261,-0.028915,0.069864
0.361028,-0.033179,0.069084
-0.371967,-0.070475,-0.023526
-0.689248,0.221934,-0.115081
0.540632,-0.085490,-0.033016
-0.244422,0.000106,0.129487
-0.106149,-0.001820,0.070253
-0.513885,-0.003562,0.030848
-0.613349,0.072406,0.001690
0.023001,0.025528,-0.069739
-0.023418,-0.049110,0.565350
0.173630,-0.074051,0.132055
0.216359,-0.074624,0.146680
0.206594,-0.073845,0.159471
0.223236,-0.074257,0.160388
0.207969,-0.075197,0.126714
-0.239608,0.010605,0.122794
0.160931,-0.066005,0.275738
0.042830,-0.064148,-0.308760
0.092780,-0.066624,-0.274948
0.079438,-0.065569,-0.295648
0.061466,-0.066188,-0.264426
0.048354,-0.063231,-0.338789
-0.344138,0.014616,0.087217
-0.122516,-0.051242,0.584170
-0.301088,0.048038,0.034264
-0.570093,0.079443,0.007192
-0.257809,-0.023643,-0.095642
-0.461987,-0.043678,0.026287
0.024789,0.005309,0.069680
-0.603171,0.218427,0.019845
0.053008,-0.051082,-0.319901
0.040285,-0.050898,-0.343420
-0.002077,-0.050486,-0.413038
0.336064,0.021379,-0.072146
-0.620960,-0.017408,-0.015984
0.044962,-0.072767,-0.094634
-0.357823,-0.054131,0.043479
-0.045287,-0.051357,-0.453750
-0.083500,-0.048835,-0.580676
0.759457,0.030365,0.056935
-0.655551,0.218450,-0.090897
0.768329,0.022914,0.060557
-0.701672,0.222599,0.036396
-0.714532,0.222187,0.068695
-0.690898,0.223149,0.025347
-0.623206,-0.000972,-0.017887
-0.088796,-0.097158,-0.059309
0.063415,-0.059036,0.195713
-0.007143,-0.060893,-0.364532
-0.785870,0.218931,-0.174155
0.583246,-0.064446,-0.060982
-0.494721,0.103857,-0.018345
-0.346316,0.090767,-0.022448
-0.628020,0.141932,0.004441
0.112196,-0.049271,0.264437
0.089685,-0.051013,0.266202
0.008491,-0.048950,0.432052
0.096172,-0.049408,0.286489
0.049363,-0.049477,0.358307
0.103554,-0.049248,0.278259
-0.415865,-0.020938,-0.054357
0.271994,-0.049913,0.130381
-0.377446,0.074377,-0.027216
0.045741,-0.048308,-0.441440
0.061535,-0.052136,0.288689
-0.751691,0.220169,0.091137
0.129801,-0.100115,0.117086
-0.258955,0.056245,-0.035194
0.751939,0.047878,-0.047595
0.039300,-0.069856,-0.085808
-0.304733,0.012989,-0.101602
-0.410432,0.019109,0.043640
-0.642668,0.126367,0.002492
0.133331,-0.048858,0.300220
0.400089,0.048336,-0.051194
0.427230,0.049162,-0.050323
0.196828,0.044096,-0.055756
0.360157,0.049620,-0.049842
0.059174,0.043179,-0.056764
-0.111856,0.046044,-0.053670
0.069192,0.046892,-0.052753
0.345165,0.048222,-0.051332
0.085949,0.051477,-0.047824
0.768214,0.060898,0.011203
0.139772,-0.015895,0.070529
-0.732642,0.221430,-0.121867
-0.058858,-0.073868,0.065921
0.088699,-0.044434,0.067090
-0.047717,-0.070429,0.066059
-0.044210,-0.058119,0.066540
-0.119284,-0.054360,0.066700
-0.095420,-0.045259,0.067067
-0.319839,0.000518,0.069245
0.760305,-0.091633,-0.008603
-0.425837,0.082148,-0.021050
-0.256502,-0.027631,0.105395
0.610892,0.039671,-0.060524
0.955085,-0.010829,-0.031274
0.123199,-0.075426,-0.084685
-0.401309,-0.009384,-0.057406
0.002370,-0.064928,0.250637
0.257369,-0.053856,-0.167300
