-0.631943,-2.047260,-1.576064
-0.643963,-2.093578,-1.512885
-0.607627,-2.466044,-1.549592
-1.508244,-2.764605,2.070024
-0.352633,-2.919089,1.701561
1.049204,-3.110639,1.289047
1.300627,-3.087971,1.298934
1.189360,-3.471691,1.329037
1.129712,-3.075436,1.351553
1.195061,-2.784640,1.334566
1.166523,-2.863117,1.342498
1.833496,0.296389,-2.267338
0.850368,-2.175922,-1.936072
-0.790343,-1.957818,-1.402733
-1.532986,-3.282267,2.151031
0.631460,-2.944935,1.420582
0.974900,-2.664468,1.318086
0.610246,-2.711128,1.429574
-0.346666,-2.873485,1.721714
0.841209,-2.914465,1.356492
0.711619,-2.693353,1.398631
0.459365,-3.023215,1.472602
0.451448,-2.876788,1.476584
-1.310391,0.283647,2.330155
-0.427374,0.155823,2.129806
-1.311597,0.289145,2.286234
-1.252385,0.279838,2.278903
-1.260756,0.274417,2.335870
0.934929,-0.030082,1.726904
-2.405984,0.423495,2.734386
-1.847563,0.360795,2.457110
-1.757355,0.348145,2.433256
-2.309888,0.408786,2.719204
-1.863015,0.351360,2.557522
0.892237,-0.309658,1.453784
0.527620,0.234240,0.114362
0.572532,0.185446,0.455295
0.090451,0.425666,-0.850325
-0.478346,0.593502,-1.431097
1.005199,0.069437,0.800279
0.645622,0.416444,-1.566941
1.293300,0.347654,-1.921168
1.082890,0.316173,-1.359188
0.575339,0.276978,-0.308639
1.135826,0.229209,-0.712819
-0.253118,0.499308,-0.970861
0.932321,0.153661,0.205150
0.278703,0.489027,-1.645326
0.606229,0.260146,-0.213030
0.144219,0.417100,-0.856027
0.020049,0.439997,-0.868722
0.163688,0.424305,-0.943660
0.312083,0.407756,-1.018275
0.340406,0.301952,-0.180331
0.599521,0.281319,-0.379233
0.946753,0.303178,-1.056799
0.150193,0.447687,-1.118507
1.457525,0.265739,-1.475716
-0.113334,0.546623,-1.563397
0.474227,0.427505,-1.413894
0.422974,0.370136,-0.864381
1.080275,0.387635,-1.948753
0.005549,0.399992,-0.515872
0.386615,0.309842,-0.311857
-0.308123,0.469397,-0.643941
1.070709,0.116678,0.314472
0.023918,0.508699,-1.444628
0.399538,0.285968,-0.132111
-0.221191,0.503263,-1.049313
0.466282,0.458449,-1.659452
0.528670,0.274383,-0.220419
-0.460800,0.558543,-1.165932
0.682229,0.156484,0.539019
1.096394,0.109309,0.338959
1.500136,0.319662,-1.984285
0.746919,0.429134,-1.817023
0.505466,0.324026,-0.599418
-0.431656,0.578705,-1.374961
0.835320,0.264036,-0.572632
0.530618,0.257672,-0.084463
0.739557,0.169359,0.350225
0.178142,0.320528,-0.102729
0.002060,0.534892,-1.630864
0.933101,0.124198,0.448644
0.256978,0.425495,-1.086828
1.178917,0.102288,0.279347
-0.514127,0.601150,-1.443472
1.474022,0.272291,-1.553683
0.931936,0.329576,-1.254801
1.268391,0.265475,-1.203307
0.436273,0.340188,-0.634741
1.038776,0.087432,0.602906
0.451541,0.351403,-0.749661
1.325539,0.271488,-1.334877
0.447399,0.253338,0.070411
-0.432493,0.594171,-1.502163
0.994317,0.106729,0.506214
-0.436967,0.526808,-0.936510
0.805870,0.324486,-1.032423
1.228960,0.366448,-1.985280
0.209329,0.402621,-0.828840
0.781590,0.365202,-1.335776
1.271524,0.104942,0.125006
0.654566,0.198741,0.227711
0.300599,0.385815,-0.819715
1.151338,0.036917,0.861475
0.640000,0.327130,-0.817400
-0.724553,0.632002,-1.398982
1.177240,0.253912,-0.977086
0.670575,0.441860,-1.813602
1.149632,0.360781,-1.824895
-0.038772,0.496817,-1.256417
0.912956,0.276542,-0.787376
0.483867,0.310324,-0.454805
1.438797,0.219777,-1.067376
1.058993,0.190818,-0.284315
-0.604387,0.606418,-1.358258
1.028052,0.271850,-0.912863
1.418013,0.293374,-1.648700
0.764438,0.147931,0.492578
-0.485123,0.545850,-1.025797
1.142075,0.354316,-1.760424
0.679090,0.375709,-1.276563
-0.361552,0.556535,-1.291053
-0.698119,0.597527,-1.150528
0.409356,0.259256,0.075636
1.129139,0.210483,-0.547802
-0.554887,0.595865,-1.341366
0.798500,0.318947,-0.975914
0.844624,0.098647,0.787184
0.216735,0.482910,-1.506005
0.310081,0.491560,-1.711181
0.976287,0.124730,0.382527
0.247773,0.301883,-0.047408
-0.668642,0.601568,-1.226185
0.861686,0.398105,-1.723381
1.291209,0.204956,-0.733467
1.272765,0.294326,-1.449087
0.533694,0.402464,-1.290961
0.773316,0.199251,0.053821
0.852831,0.198893,-0.056811
1.452264,0.254365,-1.373776
0.641709,0.226169,0.018366
0.570389,0.271532,-0.256357
1.198927,0.105953,0.220331
0.039913,0.467399,-1.124600
0.685740,0.144616,0.632536
1.059120,0.274993,-0.983345
0.916470,0.272152,-0.755949
0.786447,0.130130,0.608922
-0.367240,0.545357,-1.190124
0.780177,0.410612,-1.710760
0.114828,0.341807,-0.188931
1.320083,0.292666,-1.502908
1.397798,0.324136,-1.875212
1.220449,0.115270,0.112230
-0.120089,0.543733,-1.529746
-0.887145,-2.579914,-1.474667
-0.980981,-1.371924,-1.453957
-0.879498,-2.825897,-1.431937
-0.763843,-2.969560,-1.544037
0.861012,-0.712412,1.429639
0.825139,-0.119250,1.398011
-0.754051,-2.185211,-1.542765
-0.742836,-2.607135,-1.550679
-0.734820,-2.461480,-1.551598
-1.041484,-0.537965,-1.437044
-0.772094,-1.990929,-1.535166
-1.969980,0.484755,1.602859
-1.977373,0.479322,1.658530
-1.914933,0.503746,1.366549
-1.294606,0.672111,-0.917532
-1.422541,0.676918,-0.774662
-1.374007,0.691332,-0.963675
-1.256722,0.687333,-1.098040
1.018816,-0.004708,1.396392
-0.625273,0.124047,-1.575764
0.461595,-0.019198,-1.939323
0.260251,0.009047,-1.886152
-0.768746,0.146747,-1.559238
1.802554,0.393446,-1.243494
-0.016970,0.417265,1.158332
0.304242,0.532580,-0.257969
0.481507,0.375126,0.796002
0.397384,0.342910,1.183655
-0.665904,0.535162,1.106656
1.602671,0.193489,0.702183
1.852018,0.295179,-0.498320
0.879974,0.389903,0.104021
0.629425,0.379723,0.546500
0.684509,0.490224,-0.449609
-0.682358,0.498037,1.438385
1.275003,0.169135,1.372521
1.631513,0.374940,-0.845478
0.515588,0.538032,-0.605186
1.727281,0.493555,-1.967083
-1.586864,0.579242,2.056477
0.940835,0.223252,1.400654
-0.179419,0.336165,2.063735
1.806011,0.462724,-1.823597
-0.657253,0.537557,1.074409
-0.999877,0.478870,2.051157
1.140015,0.267673,0.747291
0.250809,0.429018,0.678175
-1.309276,0.591785,1.555745
1.072405,0.251521,0.977981
0.825971,0.331092,0.669445
-0.809588,0.495414,1.641934
-1.538215,0.592605,1.876028
-0.333596,0.384643,1.881536
0.853724,0.509737,-0.853374
-1.375983,0.563722,1.884039
0.446786,0.254279,1.848912
1.382658,0.445287,-1.073978
0.714120,0.512383,-0.675883
1.077535,0.319064,0.409888
2.270514,0.415834,-2.097946
-1.428951,0.593071,1.716051
1.854449,0.315604,-0.671370
-0.639850,0.401397,2.179987
-1.005774,0.492198,1.948931
1.550901,0.478529,-1.590338
-0.873131,0.437255,2.215571
0.730382,0.284118,1.196000
0.252624,0.332827,1.474189
-1.624241,0.586321,2.051107
1.201735,0.176949,1.412326
1.119349,0.254959,0.882369
1.808640,0.306983,-0.534351
0.796094,0.322597,0.782659
0.307004,0.447602,0.443599
-0.188606,0.525567,0.504391
-1.777241,0.606144,2.105121
1.382471,0.161975,1.278418
1.442316,0.284660,0.174360
1.205041,0.359731,-0.109910
1.012962,0.340674,0.322733
-0.373653,0.409729,1.730493
0.484716,0.386830,0.694247
0.377457,0.338934,1.245132
2.015095,0.455135,-2.059310
0.590242,0.528726,-0.634582
1.119137,0.202883,1.315022
1.021009,0.377664,0.004136
0.631613,0.454064,-0.073826
1.167841,0.411885,-0.489760
1.194058,0.165859,1.515360
0.891118,0.394633,0.048833
1.645589,0.249431,0.176419
1.507184,0.397032,-0.851264
1.643802,0.383245,-0.931989
1.697363,0.340679,-0.655118
0.800448,0.509411,-0.774549
1.427601,0.478945,-1.417629
-2.120106,0.627526,2.417454
0.130470,0.474385,0.473457
1.139363,0.455749,-0.813244
0.787471,0.387134,0.259175
1.510234,0.463694,-1.409071
1.228053,0.219353,1.022672
0.114238,0.296837,1.970699
1.934847,0.358077,-1.138854
0.736434,0.341035,0.714816
0.336116,0.503000,-0.057922
1.389083,0.151892,1.352685
0.507606,0.469688,-0.026371
0.242532,0.344230,1.393937
0.174644,0.500572,0.192928
1.142112,0.329584,0.230292
0.226583,0.488127,0.222042
-1.310638,0.579269,1.661603
1.011555,0.510914,-1.088635
-0.051934,0.320611,2.010732
-1.679652,0.543686,2.484236
0.050796,0.530791,0.118990
1.288332,0.433943,-0.845037
-1.532549,0.605654,1.759596
1.597354,0.484171,-1.703545
-2.195553,0.633299,2.477318
1.444402,0.149931,1.289933
0.447985,0.344561,1.097652
0.976994,0.506907,-1.005990
-0.475738,0.575488,0.500167
-1.879112,0.603070,2.276190
1.249521,0.433480,-0.785738
1.703390,0.286324,-0.212459
1.420974,0.181988,1.057255
1.088437,0.304738,0.513255
-0.696035,0.462890,1.749722
1.581566,0.190361,0.758307
0.982221,0.271018,0.944958
-2.029155,0.601333,2.504972
0.201101,0.454005,0.541743
1.516589,0.201014,0.762695
2.135665,0.442160,-2.123850
1.073551,0.215003,1.279524
0.836568,0.453140,-0.358971
1.937944,0.431067,-1.749270
1.230593,0.459673,-0.976158
1.805882,0.423151,-1.494866
1.411189,0.465921,-1.286050
-0.585664,0.394924,2.156311
-1.364002,0.576847,1.757953
1.454478,0.497299,-1.608411
0.324678,0.520530,-0.187122
1.299270,0.505978,-1.458717
1.021491,0.217112,1.336399
1.064255,0.227047,1.192812
0.757805,0.385999,0.310980
1.131773,0.309453,0.412194
1.216816,0.171681,1.434517
-2.440994,0.640980,2.764216
1.523725,0.433810,-1.180236
1.333921,0.494195,-1.410401
1.378163,0.377466,-0.504491
-0.532442,0.443404,1.677774
-0.150219,0.382612,1.636405
1.720392,0.278803,-0.174307
0.382633,0.508250,-0.167968
0.662444,0.474113,-0.284321
-1.516037,0.535706,2.316737
0.170206,0.394932,1.076325
0.791757,0.310404,0.890081
-0.517760,0.470619,1.430852
1.708504,0.249852,0.083038
1.366837,0.324991,-0.052650
-1.376732,0.546375,2.029129
-0.143906,0.553959,0.204810
0.983915,0.331780,0.438076
-0.657146,0.430914,1.959635
0.237858,0.541411,-0.236444
-0.668278,0.487701,1.504085
-0.738860,0.473489,1.722916
-0.967271,0.502667,1.807007
0.395901,0.361091,1.034830
0.485442,0.453919,0.136213
-0.385741,0.370039,2.077281
1.695951,0.417578,-1.291534
0.572607,0.345901,0.908479
0.764743,0.431036,-0.072845
-2.344112,0.626872,2.742925
0.543792,0.462100,-0.015066
1.292084,0.266064,0.543386
-0.393362,0.421495,1.660963
0.705123,0.420704,0.098114
0.844600,0.456607,-0.399230
-1.143441,0.503192,2.054339
-1.332342,0.502292,2.331697
0.521447,0.314980,1.238290
1.581125,0.386624,-0.870497
-0.506962,0.385239,2.124274
-0.130812,0.445408,1.087321
1.786499,0.422551,-1.462191
1.662781,0.241710,0.215954
1.626272,0.256330,0.146736
-1.354373,0.601175,1.542218
0.070058,0.399834,1.178708
2.205568,0.464337,-2.407842
0.037016,0.470660,0.637902
1.276181,0.178921,1.289587
0.578226,0.405792,0.403220
1.645912,0.446663,-1.461519
1.100533,0.509614,-1.204970
-1.180216,0.499687,2.135977
-0.496235,0.479223,1.328666
1.118089,0.283247,0.649313
1.654886,0.423088,-1.278616
1.603627,0.283013,-0.042439
0.230830,0.415481,0.819106
0.562323,0.522763,-0.545188
-1.239960,0.603395,1.360321
1.411335,0.473410,-1.348433
1.868787,0.351422,-0.989223
-0.178942,0.435826,1.235646
-2.134428,0.599041,2.674405
-2.133231,0.635626,2.368958
1.381161,0.221735,0.784145
0.092328,0.531636,0.052637
-2.417797,0.640898,2.731755
-1.094964,0.488879,2.103908
-1.181539,0.515404,2.007384
0.644536,0.274062,1.402142
0.510956,0.472721,-0.056336
0.024983,0.530753,0.156184
-0.380099,0.525682,0.777031
2.089090,0.412542,-1.811412
2.301451,0.453730,-2.456763
0.619882,0.259605,1.557391
0.215925,0.482207,0.286425
1.052157,0.202046,1.417661
0.732643,0.494322,-0.552398
-0.208390,0.451936,1.143966
0.640567,0.368783,0.621407
1.128904,0.290009,0.577723
0.521046,0.514375,-0.416575
0.059330,0.433759,0.912384
1.529128,0.277228,0.112032
-1.182594,0.521253,1.960334
0.192121,0.326296,1.614847
-1.414286,0.512474,2.364236
0.554699,0.493129,-0.288264
0.057857,0.373709,1.413033
-1.105066,0.487165,2.132576
1.293355,-2.477051,-2.028314
1.156668,-2.605721,-1.987701
1.566539,-2.710395,-2.114679
-0.497826,-2.442511,-1.477888
0.455921,-2.627584,-1.772738
1.412808,-2.415727,-2.064347
0.477724,-2.572383,-1.778849
1.960639,-2.500796,-2.233484
-0.157307,-2.510510,-1.583180
0.907549,-2.514466,-1.910232
-0.627806,-2.549845,-1.500034
-1.136211,0.552102,-1.311041
0.011770,0.569843,-1.934911
-0.020466,0.571534,-1.902894
-1.180617,0.732020,-1.577770
-0.294543,0.615436,-1.875801
-0.735113,0.660647,-1.621711
0.637574,0.473958,-2.032938
-0.240382,0.602529,-1.846031
1.353240,0.381953,-2.291567
-1.302151,0.743921,-1.502941
-0.843286,0.692822,-1.734290
-0.694662,-1.445212,-1.500401
-0.785648,-0.322978,-1.465548
-0.743417,-0.841244,-1.482514
0.403282,-0.057464,1.691924
0.423468,-0.228603,1.683912
-0.849732,-0.137139,2.075872
0.566352,-0.206153,1.640272
1.009907,-0.150215,1.504651
0.266832,-0.069378,1.733701
-0.481501,-0.134944,1.962814
-1.063607,-0.223565,2.140636
0.253146,-0.165398,1.736886
-1.615083,0.033348,0.591402
-2.012703,-0.097220,2.243495
-1.476900,0.069383,0.094806
-1.598258,0.034335,0.559169
-1.571913,0.058186,0.323512
-1.984897,-0.072919,2.002019
-1.603330,0.048689,0.447242
1.892147,-0.115138,-2.248098
1.803518,-1.290230,-2.233331
1.785653,-1.018029,-2.224961
1.923255,-0.787607,-2.264776
-0.821206,-1.958107,-1.434373
-0.506548,0.166299,2.178869
-0.026867,0.169871,2.031600
0.386350,0.175018,1.904759
-2.122107,0.381898,2.677280
-0.299679,0.249160,2.116219
-1.672586,-1.741611,2.140888
-1.924284,-0.688013,2.229346
-1.728811,-1.612726,2.159520
-1.765895,-1.757091,2.169378
-0.786897,0.217027,2.060328
-1.593630,0.145682,2.307314
0.741850,0.017903,1.588751
-1.469761,0.144632,2.269264
-0.670816,-0.034717,2.022013
-2.184660,0.208009,2.489476
-1.649391,0.065364,2.323587
-0.963114,0.210103,2.114370
0.707148,-0.029042,1.598910
-0.053358,0.072692,1.833534
1.906080,-1.359335,-2.350923
1.871672,-1.263217,-2.339338
2.015803,-3.139114,-2.403475
2.087749,-3.037547,-2.424493
1.925058,-1.837067,-2.361812
1.365253,-3.150846,1.202564
1.152534,-1.312545,1.277859
1.122987,-1.472337,1.285240
0.997701,-0.210489,1.337084
1.191217,-1.423023,1.264809
1.949053,-2.913067,-2.295218
-1.006168,0.671763,-1.435072
-1.079032,-0.241109,-1.392752
-1.054659,-0.669378,-1.363660
-0.269096,0.196011,-1.666462
0.777964,0.374649,-1.986115
-0.103294,0.449194,-1.714697
0.018706,0.279856,-1.753956
-0.091922,0.364956,-1.719081
-0.261414,0.454739,-1.666080
1.125223,-0.614768,1.379003
0.963677,-1.164755,1.422785
0.973458,-0.522489,1.426587
0.986263,-1.334213,1.414054
1.096216,-1.104320,1.382724
1.026100,-2.403209,1.390494
1.096447,-3.411913,1.358204
1.107255,-1.790371,1.372065
1.022046,-0.821891,1.408493
1.087119,-2.333750,1.372491
1.074513,-2.406233,1.375595
0.899665,-3.089211,1.324793
1.101770,-3.117013,1.266864
-0.737455,-2.862544,1.781910
-1.020307,0.217546,-1.435542
2.031934,0.208445,-1.820710
2.245969,0.226066,-2.272803
2.005622,0.137071,-1.190555
2.140774,0.228009,-2.138638
1.891149,0.097705,-0.700180
2.212864,0.248735,-2.413711
1.821599,0.105970,-0.669426
2.217233,0.209460,-2.093875
2.235997,0.248369,-2.443716
2.128991,0.259890,-2.386492
1.735161,0.015716,0.203378
2.059323,0.209234,-1.866394
1.729696,0.020507,0.171410
1.919245,0.075245,-0.553848
1.860031,0.066439,-0.396139
2.051652,0.200814,-1.785533
-0.230382,-2.880091,1.625011
0.341010,-2.872478,1.449621
-1.405282,-2.410300,1.990792
-1.264958,-2.514945,1.946590
-1.424727,-2.626341,1.994474
-1.338132,-2.595795,1.968205
-1.714803,-2.271549,2.087314
0.709776,-3.025363,1.334755
-0.298560,-2.760244,1.647217
-0.683308,-1.867318,-1.475758
-0.783925,-0.655539,-1.432020
-0.765541,-1.029560,-1.441629
-0.765288,-1.293119,-1.444499
-0.837258,-1.022014,-1.419525
1.152370,0.390853,-2.078472
1.063210,0.402763,-2.049970
0.066614,0.536798,-1.738918
-0.971658,-0.553401,-1.458650
-0.659494,-1.735329,-1.567036
-0.772895,-1.548982,-1.530237
-0.827640,-0.829340,-1.505801
-0.791587,-1.307245,-1.521936
-0.779794,-0.421793,-1.459781
-0.807004,0.002797,-1.476144
-0.569847,0.196967,1.991769
-1.287383,0.293835,2.212698
-0.971651,0.254426,2.088791
0.340617,0.075889,1.696205
0.878507,-0.493889,1.456048
1.304420,-2.949898,1.213868
0.379593,-2.582639,-1.809746
1.018892,-2.598975,-2.006244
0.413237,-2.466882,-1.818852
-0.023271,-2.432923,-1.684443
0.093847,-2.442585,-1.720512
-0.564684,-2.191458,-1.515621
0.499739,-2.502738,-1.845796
-0.170456,-2.522709,-1.640195
1.070308,-0.437189,1.397748
2.006030,-0.104040,-2.339397
-1.183195,0.320042,-1.135013
-1.234114,0.585838,-1.006459
-1.140637,0.269136,-1.294014
-1.431612,0.290602,-0.108589
-1.710865,0.422211,0.995659
-1.481350,0.484537,0.036760
-1.487605,0.356949,0.100792
-1.173901,0.597710,-1.256675
-1.396334,0.322933,-0.262830
-1.248029,0.644341,-0.967072
-1.632349,0.513091,0.646684
-1.339220,0.378557,-0.513522
-1.581068,0.375132,0.478159
-1.324569,0.251690,-0.535343
0.772313,-0.480062,1.488806
-1.236026,0.058824,2.111263
-1.597846,0.212151,2.224000
-1.281002,0.101107,2.125523
-1.314298,-0.113440,2.133474
-1.658951,-0.073329,2.239740
-1.582484,-0.125123,2.215709
-0.846077,-0.058324,1.990271
-0.969862,-0.532711,-1.373619
-1.100494,0.140029,-1.326375
-0.922621,-0.087346,-1.383408
-0.381361,0.186607,1.808494
-0.837450,0.250881,1.926489
-0.441248,0.199483,1.787151
2.177580,-2.456395,-2.333929
1.775370,-0.799321,-2.289568
1.891673,-2.252519,-2.328486
-1.335816,0.309328,2.153272
-0.541118,0.200007,1.925489
-0.820508,0.238117,2.008257
-0.123879,0.143711,1.796761
1.077280,-3.365698,1.342529
1.026266,-2.662237,1.339716
-1.121413,0.363943,-1.401300
-0.532761,0.190431,1.993053
1.155693,-0.054707,1.615942
0.249855,0.075166,1.831882
-1.611484,0.335301,2.331481
0.951763,-0.015150,1.578889
0.506309,0.042486,1.736803
0.995851,-0.033332,1.666848
1.248869,-0.061483,1.539074
-0.843394,0.233343,2.080589
0.597016,0.036953,1.653141
0.951283,-0.023690,1.650472
1.021429,-2.590662,1.262818
0.859392,-2.569530,1.318875
0.152628,-2.477037,1.560739
-2.329761,0.452100,2.387994
-1.966354,0.542478,1.118447
-1.776206,0.593884,0.419997
-2.208787,0.507348,1.756472
-2.157217,0.447172,2.182395
-1.948154,0.566207,0.895444
-2.160213,0.454402,2.126649
-2.221796,0.460400,2.164837
-2.063185,0.479422,1.780301
-2.180397,0.442036,2.258149
-1.532475,0.653645,-0.424382
-2.264445,0.481578,2.049939
-2.303194,0.435480,2.488019
-2.116557,0.505856,1.637095
-2.027772,0.027762,1.897191
-1.965386,0.298784,1.560056
-2.174697,0.297614,2.417781
-2.003597,0.404648,1.684706
-2.090207,0.016711,2.156261
-1.760011,0.531161,0.648849
-1.548784,0.618114,-0.242552
-2.148177,-0.084244,2.424107
-1.943978,0.233666,1.491967
-2.080121,0.198824,2.060123
-2.132901,0.269236,2.255121
-1.884386,0.398434,1.198267
-2.165749,0.064563,2.451289
-1.654653,0.562250,0.207924
-1.970295,0.200026,1.609894
-1.819241,0.267440,0.970856
-1.722225,0.551049,0.488081
1.940751,-0.084861,-2.348067
1.140813,-2.174341,1.272328
1.024017,-2.389526,1.305915
1.006068,-1.042541,1.325698
1.113591,-1.654270,1.286198
2.220313,-3.348775,-2.383136
-1.582608,-2.651338,2.103617
1.227486,-2.227332,-2.048047
-1.634514,-1.047776,2.136547
-1.713576,-0.409687,2.167588
-1.892363,-0.133568,2.225417
-1.884790,0.352235,2.228239
1.889861,-0.327253,-1.422337
1.714902,-0.370326,-0.814773
1.945664,-0.314850,-1.605043
1.624029,-0.419935,-0.273070
1.482309,-0.471240,0.355358
1.949056,-0.276669,-1.926876
1.918162,-0.328377,-1.453439
-1.761911,-2.627310,2.122798
-0.700916,0.263323,2.239586
0.317845,0.117471,1.925186
1.210022,-0.040624,1.649530
1.360912,-0.058602,1.603002
-1.340122,0.303909,2.204412
-0.485590,0.189210,1.935798
-0.616820,0.208550,1.962714
-0.660445,-1.779458,-1.539935
-0.721769,-1.022671,-1.516569
-0.339960,-0.336585,1.840907
-0.700745,-0.287697,1.950477
-1.415522,-0.192878,2.184474
-1.925849,-0.126620,2.363496
-1.680722,-2.224631,2.084512
-1.381440,-2.266029,2.000628
-1.456825,-2.257343,2.036214
0.080812,-2.147102,-1.713378
1.112143,-2.462189,-2.033431
-0.090407,-2.078764,-1.660074
0.509369,-2.292767,-1.846529
0.130697,-2.200824,-1.729267
-0.230837,-2.077986,-1.616941
1.762285,-2.701032,-2.235616
1.111841,-2.298369,-2.031603
1.462377,-0.463043,0.315773
1.582639,-0.403711,-0.348637
1.624454,-0.395144,-0.479503
1.161049,-0.523895,1.251495
1.325656,-0.483635,0.682072
1.521614,-0.404704,-0.253205
0.769002,-2.197351,-1.925249
1.123314,-2.402169,-2.036226
0.694338,-2.160712,-1.901932
0.439589,-2.125463,-1.823327
0.882856,-2.246422,-1.960733
0.552180,-2.242154,-1.859139
0.829179,-2.409975,-1.945982
1.953349,-0.283650,-1.554211
1.401298,-0.294412,0.710324
1.284550,-0.544631,1.263870
1.384228,-0.512832,0.846001
1.440436,-0.460895,0.600128
1.315562,-0.372727,1.085093
1.413016,-0.216948,0.639007
1.725649,-0.262961,-0.627742
1.387254,-0.474719,0.822131
1.434547,-0.196360,0.544611
1.987347,-0.284944,-1.693084
1.668020,-0.298577,-0.380961
1.422395,-0.356379,0.642563
1.512458,-0.127033,0.204603
1.634406,-0.296374,-0.243938
1.878916,-0.283468,-1.249378
0.062761,-0.091717,1.796133
0.681717,-0.459806,1.602156
-0.091709,-0.323497,1.841114
-0.090989,-0.229989,1.841884
0.310853,-0.299746,1.717742
-1.791177,-0.096827,2.365410
-1.614967,-0.103310,2.311229
0.960616,-0.263861,1.518584
-1.373969,0.230365,-0.841894
-1.373010,0.413080,-0.900828
-1.598002,0.285215,0.059272
-1.592710,0.422116,-0.003619
-1.375058,0.613671,-0.952826
-1.263865,0.495555,-1.372734
-1.470279,0.454210,-0.514782
-1.702266,0.259829,0.493998
-1.391104,0.175962,-0.755329
-1.394832,0.267284,-0.767551
-1.368222,0.515704,-0.951334
-1.633476,0.189937,0.233264
-1.736148,0.211950,0.647197
-1.487182,0.150701,-0.354175
-1.342974,0.588695,-1.076729
-1.980616,-0.032418,1.722146
-1.634773,0.361746,0.186852
-1.783953,0.186900,0.850557
1.589147,0.109263,-0.364663
1.927835,0.251297,-2.027754
1.965714,0.226612,-1.876935
2.070795,0.251612,-2.234616
1.835587,0.197885,-1.452519
1.936632,0.222177,-1.798565
2.031722,0.249633,-2.162360
1.567940,0.089868,-0.173343
2.178045,-2.675678,-2.363024
-1.692546,0.078890,1.023975
-1.707356,0.213125,1.044231
-1.320071,0.124172,-0.515378
-1.647546,0.252723,0.787315
-1.695458,0.196392,1.000530
-1.942349,-0.071698,2.092547
-1.235100,0.157967,-0.873610
-1.558058,0.158617,0.449088
-1.919928,0.362929,1.869864
-1.772860,0.206650,1.314496
-1.607834,0.244091,0.627247
-1.861504,-0.014411,1.744144
-1.748976,0.142097,1.236096
-1.905310,0.330698,1.819688
-1.969513,0.239252,2.110206
1.160023,-0.837320,1.346745
1.872986,-2.828039,-2.234124
1.085870,-2.721226,-1.996351
0.891541,-2.693725,-1.947034
-0.784067,-2.901680,-1.455775
-0.187947,0.578564,-1.721972
-0.509094,0.621278,-1.617771
0.487806,0.486968,-1.926978
0.637016,0.465129,-1.958845
1.707847,-0.065341,-2.276337
0.950238,-0.081788,-2.043854
1.701776,0.112665,-2.272586
1.338113,0.265237,-2.159292
1.658893,-0.052846,-2.261171
1.641138,0.174604,-2.253309
-0.363882,0.139629,-1.637951
-1.440228,0.663018,-0.633990
-1.289810,0.699186,-1.149175
-1.630865,0.605062,0.119541
-2.155160,0.431248,2.311657
-1.441286,0.659359,-0.602097
-1.177635,0.708852,-1.389688
-1.167112,0.703906,-1.363654
1.229815,-0.035519,0.819485
1.277087,-0.278056,0.698867
1.259885,-0.041117,0.697999
1.688288,0.034267,-1.079509
1.290035,-0.255643,0.639082
1.338240,-0.034523,0.375060
1.372733,-0.283012,0.308575
1.442026,-0.229968,0.008771
1.149929,-0.474852,1.278973
1.190717,-0.344995,1.072806
1.474254,-0.018081,-0.187030
1.187644,-0.054005,0.997790
1.443629,-0.029202,-0.058233
1.172411,-0.038253,1.055446
1.513353,0.035052,-0.363178
1.559695,-0.038548,-0.530849
-0.883042,-2.131461,-1.417220
1.126088,-3.466543,1.263159
0.890806,0.009055,1.465016
-0.991666,-1.443575,-1.388619
1.062503,-2.203575,-2.009574
-0.482734,-1.999071,-1.499725
-0.091164,-2.050622,-1.631172
-1.697315,0.425991,1.701176
-0.458902,0.211972,1.708685
-0.305313,0.399728,-0.069549
-0.576626,0.233862,1.695145
-0.831100,0.347953,1.111502
0.267580,0.217251,0.626930
0.382332,0.199331,0.611759
-1.048803,0.508121,0.092774
-1.808623,0.423603,1.880028
-1.420210,0.543210,0.332088
-1.639647,0.398547,1.846636
-1.274173,0.505471,0.436762
-0.208510,0.328628,0.382437
-1.164597,0.636882,-0.810796
-0.637422,0.390577,0.480913
-1.198491,0.627611,-0.685406
-0.209035,0.180516,1.612854
-1.305852,0.631349,-0.563051
0.391577,0.190276,0.673730
-1.622373,0.509293,0.902509
-1.156669,0.576247,-0.318714
-0.462394,0.428299,-0.082330
-0.480934,0.400587,0.174233
-1.389817,0.455156,1.019713
0.419096,0.110094,1.300103
0.158828,0.164048,1.224010
-0.065641,0.192999,1.304349
-0.574456,0.263669,1.444577
-0.395011,0.264761,1.179134
-1.589810,0.391864,1.830912
-0.276413,0.324102,0.517027
-0.386282,0.228855,1.464767
-1.776332,0.441658,1.683996
-0.589460,0.365496,0.620618
-1.363313,0.440545,1.103153
0.070376,0.248002,0.653371
-0.418715,0.306347,0.867748
-0.902499,0.515074,-0.173977
-0.162498,0.275429,0.758376
0.817463,0.067272,1.086474
-1.593074,0.544350,0.569600
-0.129080,0.288111,0.605344
-0.382652,0.374471,0.250641
-0.775979,0.431486,0.339232
-1.095178,0.477668,0.411862
-1.170719,0.553000,-0.105641
-0.853454,0.436808,0.405737
-0.529485,0.247399,1.515410
0.705778,0.086365,1.087525
-0.400217,0.371997,0.296277
-1.201710,0.476797,0.571295
-0.260740,0.399031,-0.127444
-0.329466,0.189479,1.710509
-0.550913,0.467403,-0.280510
0.202244,0.168752,1.122924
0.178505,0.274919,0.275412
-0.433662,0.323045,0.750468
-0.340206,0.297161,0.831845
-0.409176,0.334064,0.624004
-0.125000,0.263280,0.805665
-0.244080,0.354534,0.218179
0.841772,0.052980,1.170393
0.275084,0.150913,1.166965
-1.465838,0.393777,1.637913
-0.728327,0.244349,1.824817
-0.043779,0.306929,0.327239
0.477729,0.172891,0.694972
-1.083939,0.558183,-0.272650
-0.805949,0.275737,1.675124
-0.650719,0.408502,0.351093
-1.653560,0.451062,1.430520
-0.949712,0.617361,-0.955736
-0.300141,0.244985,1.207778
-1.242033,0.425552,1.054352
-0.626802,0.427711,0.157446
-1.730656,0.475373,1.338827
-0.357864,0.201693,1.649674
0.648316,0.084831,1.182356
0.887472,0.025229,1.335503
-0.187325,0.189257,1.509269
-0.050484,0.315516,0.265528
-1.140029,0.348033,1.552207
-1.087080,0.384323,1.175266
-0.439839,0.396814,0.146840
-0.577606,0.397517,0.337832
-1.309800,0.531696,0.269937
-0.357788,0.264996,1.124004
-1.238290,0.365063,1.551205
-0.322695,0.394271,0.000588
-1.690880,0.511818,0.979421
-1.298747,0.625038,-0.520801
-0.019304,0.158659,1.523248
-0.622315,0.384904,0.506427
-0.014682,0.185902,1.290466
-0.813982,0.293688,1.537566
0.306300,0.174208,0.928960
-1.056840,0.588823,-0.565757
0.311997,0.150669,1.116255
-0.745735,0.241213,1.875724
0.442551,0.152484,0.914663
0.556531,0.096317,1.218131
-1.326928,0.509979,0.474712
-0.954130,0.441159,0.513453
-1.218153,0.576040,-0.229154
-1.188724,0.386547,1.302021
-0.979474,0.559679,-0.434328
-0.034016,0.241382,0.857480
0.006331,0.203617,1.113374
0.136919,0.147951,1.388950
-0.658051,0.323353,1.068502
-1.441764,0.605390,-0.153355
0.551452,0.137610,0.882556
0.331201,0.214750,0.556795
-1.067161,0.419071,0.858325
-0.732040,0.509188,-0.368642
-1.305467,0.550200,0.110120
-0.870591,0.324379,1.363642
-1.532059,0.366966,1.955120
-1.030744,0.611840,-0.794129
-1.006733,0.456501,0.461229
-1.482622,0.557349,0.303869
0.053951,0.148398,1.503780
-0.277479,0.216354,1.413104
-0.843965,0.339456,1.200427
-1.026105,0.535829,-0.169695
-0.426935,0.202151,1.744557
-0.381889,0.218784,1.542104
-1.434715,0.525749,0.497776
-0.668483,0.297780,1.295720
1.009760,0.021357,1.192933
-1.424084,0.567546,0.135581
0.873630,0.030384,1.312482
-0.792964,0.425335,0.414565
-0.887236,0.547330,-0.463581
-1.783575,0.384908,2.165497
0.257856,0.182445,0.929788
-1.721004,0.439061,1.626511
-0.785904,0.568374,-0.783071
-0.662741,0.437937,0.123893
-1.111597,0.452993,0.640181
-1.504671,0.428177,1.407800
-0.392742,0.411351,-0.041133
-1.321607,0.612907,-0.387432
-0.271921,0.234741,1.252511
-0.697725,0.237454,1.838343
-0.407427,0.405027,0.032347
0.173798,0.246784,0.515728
2.183783,-2.307733,-2.404093
-1.707372,-3.260367,2.218354
-1.964223,0.003066,2.248932
-0.423520,0.598966,-1.554792
-0.170389,0.567470,-1.654960
0.689463,0.447030,-1.883507
-0.439378,0.630804,-1.796467
-0.832905,0.686062,-1.693001
1.174988,0.401399,-2.198344
0.257957,0.536183,-2.007187
0.889843,0.442100,-2.128863
-0.538453,0.648202,-1.799356
-0.028474,0.577770,-1.943225
0.466445,0.498221,-1.989884
-0.875447,0.689240,-1.658599
0.307593,0.527217,-2.003660
1.307229,-3.245504,1.209873
0.190148,-2.091135,-1.696736
0.899955,-2.184793,-1.933276
2.044303,-2.342505,-2.258843
0.661638,-0.024656,1.612933
-1.722897,0.333919,2.349006
-0.599639,0.059811,2.001157
-1.193218,0.007449,2.182886
-1.042425,0.010911,2.136615
-2.030212,0.046448,2.440335
0.121746,0.006336,1.779058
-0.105222,-0.016422,1.848517
1.900220,-0.069618,-2.335459
1.131287,-3.637554,1.294244
-1.675006,-2.265952,2.136075
1.389231,-3.651764,1.255149
1.374237,-3.416432,1.245721
1.248044,-1.891542,1.303567
-1.585768,-1.857450,2.198363
-1.710981,-0.577192,2.250380
-1.612358,-2.580904,2.198863
-1.676809,-1.424881,2.230904
-1.675318,-3.093694,2.212765
0.096111,0.083581,1.981671
-2.020302,0.390647,2.456070
-2.089134,0.386037,2.592686
-1.167851,0.263493,2.293834
-2.022942,0.379058,2.556058
-1.485276,0.300346,2.441379
-1.556392,0.317970,2.396657
-0.145462,0.118930,2.033335
0.381427,0.048612,1.864365
0.564986,0.019061,1.847452
-1.370100,0.285686,2.398537
-1.921511,-0.083765,2.001502
-1.926674,-0.086050,2.027852
-1.679695,0.011319,0.866604
-1.905720,-0.050281,1.700948
-1.473325,0.082223,-0.016904
-1.914128,-0.058457,1.780843
-1.946928,-0.119106,2.331225
2.193948,-3.259758,-2.374097
-1.859967,0.097773,2.303283
-1.676924,-0.439410,2.220326
-1.720685,0.288471,2.180453
-1.463260,-2.909037,2.064236
-1.727312,-1.801637,2.242422
-1.774217,-0.751862,2.267948
-1.905135,-0.984439,2.305688
-1.794512,-1.279806,2.268587
-1.892812,-0.295901,2.309199
-1.865788,-0.663068,2.297010
1.598560,0.053212,-0.202348
2.035828,-0.177389,-1.924050
1.430194,-0.005912,0.505109
1.891646,0.169799,-1.437977
1.248212,-0.040674,1.261007
1.779679,0.139371,-0.970178
1.820374,-0.059140,-1.077110
1.519366,-0.023833,0.145239
1.901722,0.024612,-1.435542
2.090657,0.087600,-2.228416
2.042337,-0.082914,-1.979153
1.766874,0.032643,-0.885596
2.081584,0.029895,-2.173878
1.635954,-0.050060,-0.324430
1.732294,-0.008829,-0.731468
2.055085,-0.017345,-2.051112
0.421605,0.051566,-1.880102
0.806439,0.082472,-1.997954
1.150361,0.147718,-2.102879
-0.208451,0.154245,-1.685528
1.500342,0.077565,-2.211099
0.878261,0.198090,-2.018785
0.518579,0.142112,-1.908923
0.386413,0.218965,-1.867521
0.863951,-0.385412,1.461668
-1.749403,-0.282802,2.179934
-1.759004,0.334637,2.189424
-1.789314,-0.001111,2.195175
-1.012136,0.647578,-1.117426
-1.449668,0.386392,1.676123
-0.460662,0.207929,1.744772
-0.917891,0.400972,0.795320
-1.511457,0.566862,0.266086
-0.265970,0.203808,1.500823
-1.738512,0.506497,1.091650
-1.607146,0.478109,1.139656
-1.181797,0.605821,-0.528349
-1.252799,0.586397,-0.265641
0.686568,0.093938,1.052093
-0.310502,0.257538,1.118363
-1.956192,0.419084,2.128378
-0.848464,0.259948,1.866953
0.022338,0.145562,1.572490
0.115058,0.134088,1.535284
-1.315411,0.474175,0.755508
-1.475547,0.366867,1.875198
-0.603532,0.396615,0.382369
-1.406863,0.392095,1.567620
-0.757944,0.281032,1.562581
-0.938902,0.460139,0.334119
-1.120860,0.342249,1.572839
0.179546,0.189856,0.980147
-0.004850,0.208005,1.092913
-1.105320,0.515771,0.110012
-0.242459,0.270303,0.915178
-1.240985,0.410496,1.177860
0.448083,0.101608,1.329139
-1.124692,0.569735,-0.310335
0.788991,0.064994,1.146064
-0.484726,0.477932,-0.462492
-0.414682,0.255686,1.282588
-0.475587,0.364981,0.462202
-0.568076,0.381418,0.457877
-0.865072,0.473930,0.114136
-0.654100,0.288672,1.350786
-0.878177,0.517283,-0.227066
-0.598613,0.481599,-0.330220
0.080828,0.217743,0.889656
-0.471738,0.386706,0.276337
-0.930977,0.408671,0.750094
0.764621,0.097226,0.913278
-1.346120,0.626980,-0.469250
-1.574394,0.421729,1.560946
-0.723126,0.270244,1.602395
-0.596870,0.252928,1.565779
-1.155026,0.464103,0.609983
-1.368096,0.534957,0.326150
-0.572715,0.442436,-0.042080
-0.978266,0.435254,0.596958
0.215914,0.156927,1.201575
-1.085652,0.407758,0.978664
-0.759341,0.497531,-0.232859
-1.314820,0.502291,0.521235
-0.443035,0.228310,1.550381
-0.376335,0.385971,0.146138
0.687489,0.052649,1.393574
-0.875089,0.478557,0.090034
-1.866958,0.430947,1.902400
-0.314424,0.297377,0.793218
-0.546634,0.227815,1.702496
-0.227799,0.203382,1.449824
-0.709217,0.317718,1.188383
-1.387172,0.518640,0.488875
0.674715,0.124895,0.812015
-0.439383,0.399597,0.123086
-1.021167,0.450186,0.534284
-0.864251,0.330325,1.305214
-0.543872,0.268680,1.359282
-0.316724,0.302998,0.749834
-0.002287,0.145394,1.609070
-0.938827,0.622305,-1.012335
-2.005362,0.418324,2.204942
-1.348121,0.410814,1.328282
-0.651217,0.520952,-0.581785
0.784562,0.059346,1.199279
-1.386895,0.381467,1.627327
-1.061004,0.606073,-0.703018
-0.302264,0.381318,0.078943
0.240260,0.165569,1.095039
-1.061950,0.504452,0.142018
0.292676,0.206829,0.677598
-0.901450,0.262762,1.919291
-0.792907,0.365571,0.910666
0.084150,0.191195,1.105322
-1.352128,0.522432,0.407324
-1.240521,0.357293,1.618904
-0.597204,0.428861,0.105612
-0.746141,0.556417,-0.740606
-0.859866,0.492688,-0.049032
-0.408891,0.283394,1.044275
-1.478234,0.473439,0.994248
-1.448025,0.379237,1.733182
0.285467,0.158583,1.088449
0.376761,0.212842,0.507542
-0.264766,0.329225,0.457856
-1.479523,0.566649,0.222231
0.064062,0.270284,0.477403
-1.647945,0.532407,0.747146
-1.412170,0.408062,1.442643
-1.223149,0.370900,1.481114
-0.382186,0.271480,1.105035
-1.604742,0.472222,1.185096
-0.693922,0.510134,-0.430959
-0.386163,0.239755,1.374106
-1.026974,0.319965,1.623710
-0.922092,0.463188,0.284789
-0.661168,0.479495,-0.223378
-0.829081,0.572655,-0.756924
-0.300763,0.267098,1.025082
-0.280366,0.193410,1.607719
-1.607216,0.444605,1.417912
-1.114902,0.508405,0.184851
0.029006,0.148800,1.536083
0.003009,0.329704,0.071307
0.155897,0.234954,0.639513
0.381256,0.171729,0.842453
-0.950282,0.548256,-0.381196
-0.773591,0.276191,1.625123
-0.960424,0.595903,-0.762285
-0.934231,0.323529,1.461621
-1.022385,0.619699,-0.871325
0.238800,0.121607,1.462110
-0.240463,0.192547,1.557876
-0.357308,0.285673,0.951656
-1.076567,0.491425,0.271054
-1.178332,0.620466,-0.654889
-1.398851,0.354184,1.870923
-1.620769,0.470636,1.221161
-1.646578,0.519373,0.853405
-0.909359,0.330693,1.366605
-0.115093,0.283643,0.622455
-1.020919,0.553566,-0.324356
0.105087,0.283322,0.310541
2.104829,-3.365562,-2.354818
0.651919,-0.128616,1.529502
0.244067,-0.236614,1.653606
-0.596940,0.207174,1.916576
-0.632372,0.149801,1.926849
0.609893,-0.359529,1.539961
0.343505,-0.145147,1.624039
0.774625,-0.033522,1.492827
-2.017411,0.104160,2.347072
-1.426640,0.325755,2.146645
-1.435569,0.331684,2.110177
-0.813194,0.156390,-1.575799
1.023629,-0.092905,-2.130371
1.282455,-0.126372,-2.222305
-0.996196,0.180453,-1.514119
1.108670,0.338913,-2.173365
-0.652373,0.607098,-1.629719
1.541247,0.225412,-2.307408
1.136244,0.215898,-2.183136
1.412532,0.086644,-2.269351
0.349369,0.331466,-1.940267
1.736416,0.273010,-2.366839
1.265452,0.088193,-2.224168
-1.530874,0.070815,0.160026
-1.554966,-1.958812,2.178174
-1.588354,-1.553988,2.193064
-1.506579,-2.352907,2.098613
-1.294752,-2.791955,1.992077
-0.668561,-2.876025,1.795403
0.117392,-2.984992,1.577178
0.594108,0.467584,-1.917918
1.227525,0.379234,-2.089380
-1.077516,0.069767,2.062701
-0.636599,-0.235830,1.924061
-1.599994,0.107056,2.223546
-0.476402,-0.148928,1.875786
0.203001,-0.306509,1.665477
-0.504238,-0.214718,1.883637
-1.359334,0.047267,2.149007
-0.848239,-1.810861,-1.509874
-0.844971,-2.131341,-1.514273
-0.893994,-1.100202,-1.488294
-0.841069,-1.398310,-1.507705
-0.812328,-1.897283,-1.521818
1.270553,-3.656057,1.248891
-0.783765,-0.276220,1.973804
0.018000,-0.384236,1.725099
-1.911269,-1.015625,2.249403
-1.882330,-1.310621,2.219671
-2.381146,0.439328,2.567448
-1.821468,0.577441,0.621175
-2.253519,0.488152,1.979756
-2.317147,0.433046,2.528166
-2.006198,0.523634,1.331822
-2.090080,0.464255,1.944643
-1.929028,0.558417,0.932792
-1.926732,0.536336,1.112834
-2.135933,0.504769,1.673795
-1.778319,0.559812,0.705893
-1.603667,0.635923,-0.175535
-2.150258,0.442916,2.207789
-1.661541,-1.639464,2.223942
-1.643027,-2.388427,2.210321
-1.590231,-2.289414,2.195157
-1.682742,-3.002470,2.216011
-0.515811,-2.505065,-1.502644
0.186555,-2.600790,-1.711386
1.344991,0.513657,-2.449257
1.059374,0.522871,-2.361449
1.652296,0.461668,-2.544179
1.880877,0.459021,-2.614403
-0.173498,0.773299,-1.980188
1.287037,-3.601038,1.212307
-1.074499,0.065090,-1.420515
-0.613639,-2.644993,-1.590756
-0.957143,-0.171288,-1.459059
-0.886636,-0.901202,-1.488445
1.067006,-2.886161,1.287452
1.951307,-3.079405,-2.297672
-0.710312,0.147160,1.950755
-0.542996,0.079975,1.898662
0.405454,-0.308888,1.603280
-0.036719,-0.181937,1.740413
0.332493,-0.018979,1.628757
-0.304936,0.088454,1.825645
0.118623,-0.251141,1.691975
1.119987,-0.241771,1.331453
0.859424,-0.585616,1.397972
2.120626,-2.716550,-2.345824
1.689475,-2.794648,-2.153324
-0.350288,-2.488231,-1.523681
-0.214340,-2.517475,-1.565739
0.343262,-2.457001,-1.736334
1.098770,-2.451674,-1.968289
1.604423,-2.632677,-2.125489
0.189828,-2.439933,-1.689035
2.195266,-2.801742,-2.308724
1.500685,-2.612039,-2.093413
-0.196630,0.604039,-1.921072
2.189809,0.272839,-2.580886
1.584453,0.360097,-2.440451
0.643787,0.491172,-2.184734
2.162500,0.287858,-2.666564
1.972993,0.315577,-2.625944
-0.686494,0.672008,-1.785497
-0.058511,0.589475,-1.997488
1.722001,0.330839,-2.394054
2.150715,0.281712,-2.598701
1.142554,0.427900,-2.372021
1.114283,0.009220,-2.178581
0.709843,0.060406,-2.053838
0.060795,0.273413,-1.852263
-0.731964,0.513580,-1.606268
-0.159027,0.161850,-1.785939
-0.395336,0.420543,-1.710630
0.877430,-0.010074,-2.106050
0.297036,0.267352,-1.924875
-0.627071,0.531005,-1.638295
1.469205,0.022733,-2.287432
0.609791,0.287056,-2.020712
-0.318222,0.514270,-1.733318
1.302042,0.374599,-2.232369
1.379497,-0.012404,-2.260256
1.619459,0.067496,-2.333100
1.639359,0.266432,-2.337103
0.166384,0.385603,-1.883500
1.960247,-0.179355,-2.440369
0.125899,0.020695,-1.790914
0.368070,-0.009231,-1.888447
1.541372,-0.166234,-2.261274
0.893714,-0.077334,-2.074034
-1.731043,0.165244,2.259977
2.009047,-1.307811,-2.296633
2.098712,-1.576040,-2.327011
1.992814,-1.416268,-2.292798
2.064177,-1.195704,-2.312376
1.928505,-1.715851,-2.276223
1.985320,-2.333236,-2.251532
1.635875,-2.282596,-2.172702
1.696602,-2.289706,-2.200435
-0.962490,0.281547,-1.452620
-2.014928,0.308023,2.353098
2.174688,-2.075377,-2.440997
1.952894,-0.476586,-2.355946
2.159618,-2.430474,-2.440131
2.070091,-2.014400,-2.408230
1.955280,-0.877019,-2.360921
1.358149,-3.025499,1.193929
-1.284163,-2.282711,2.000144
-1.523343,-2.249458,2.065784
-0.912735,-2.332335,1.881474
2.006587,-0.337344,-2.370960
1.807410,-0.443298,-2.310916
2.135350,-1.922206,-2.427294
2.004875,-1.200240,-2.379576
2.169204,-2.671484,-2.445629
1.202422,-0.549218,1.402629
-1.173289,0.402760,-1.200493
-1.726438,0.407907,1.063752
-1.892612,0.416690,1.741789
-1.184008,0.269388,-1.116436
-1.523767,0.446050,0.222097
-1.357992,0.585549,-0.498944
-1.282585,0.489352,-0.778863
-1.372455,0.492590,-0.411717
-1.236682,0.535771,-0.980865
-1.177866,0.537152,-1.222202
-1.945978,0.413090,1.961469
-1.318965,0.265015,-0.562308
-1.468702,0.388898,0.013745
-1.803597,0.390775,1.384969
-1.796705,0.382528,1.359221
-1.304498,0.248356,-0.616553
2.076632,-0.980502,-2.364741
-1.384936,0.123507,-0.249479
-1.770322,-0.020987,1.372627
-1.911419,0.239351,1.872213
-1.630823,0.189949,0.737712
-1.719782,0.086605,1.133215
-1.418887,0.144345,-0.116685
-1.955396,0.225732,2.056451
-1.599910,0.049365,0.653412
-1.501025,0.239340,0.191171
-1.362377,0.220728,-0.371153
-1.988020,0.241935,2.185204
-1.756359,0.016085,1.304274
-1.485284,0.082763,0.173827
-1.814293,0.214318,1.481901
1.353926,-0.460720,0.451439
1.637949,-0.368625,-0.718950
1.300806,-0.529345,1.097073
1.240737,-0.519085,1.097710
1.353103,-0.504846,0.818960
1.168802,-0.531719,1.305377
1.254206,-0.524740,1.125420
-1.426557,0.446691,2.464368
0.849323,0.186859,1.762708
-1.959449,0.461075,2.628168
-0.423378,0.327251,2.155034
-2.495901,0.555385,2.793908
-1.840675,0.657651,-0.017307
-1.741343,0.692683,-0.450068
-2.020180,0.576051,0.916622
-1.458743,0.712759,-1.020500
-2.349532,0.484550,2.146830
-2.052990,0.587357,0.869626
-2.146041,0.540065,1.395199
-1.548638,0.734043,-1.068774
-1.771101,0.616140,0.227929
-1.490716,0.735054,-1.159919
-2.186623,0.540853,1.446644
-1.568566,0.704027,-0.791103
-2.084847,0.565765,1.094406
-1.767032,0.631512,0.094491
-2.015234,0.591903,0.777943
-1.775622,0.619630,0.205413
1.676960,0.238754,-1.565190
1.198164,0.031486,0.839671
1.780086,0.256676,-1.861322
1.814341,0.289890,-2.186016
1.442861,0.124073,-0.278618
1.607195,0.274453,-1.761899
1.802672,0.258682,-1.910247
1.453083,0.154686,-0.547379
1.469981,0.149873,-0.531565
1.487840,0.127495,-0.371287
1.669322,0.230534,-1.486030
1.742873,0.288647,-2.073592
1.165496,0.022098,0.964284
1.632962,0.249600,-1.592379
1.335960,-2.669147,1.177541
1.970763,-2.840346,-2.271647
2.054847,-2.852445,-2.291326
-0.801864,-0.702741,-1.427012
-0.840259,-0.946925,-1.417808
-0.883633,-1.119011,-1.406311
-0.700126,0.551316,-0.764000
-1.022543,0.674921,-1.329564
-0.035321,0.349354,-0.037070
-0.263669,0.429694,-0.377831
-0.905996,0.654142,-1.323565
0.054428,0.319491,0.082635
-0.643460,0.555628,-0.880756
-0.380280,0.452367,-0.399469
-0.642520,0.568416,-0.988273
-0.829350,0.629155,-1.225619
0.597897,0.151516,0.700749
0.368875,0.229414,0.381223
-0.194006,0.416582,-0.368503
-0.811786,0.619642,-1.171732
-0.639042,-2.813608,-1.499378
0.640968,0.035711,1.600657
1.102280,-0.027723,1.468224
-0.405095,0.183091,1.871592
1.815064,-1.426490,-2.263357
1.760503,-0.761836,-2.239958
-1.265856,-2.447719,2.008502
-0.288721,-2.487833,1.708006
0.805257,-2.587320,1.370999
-1.110226,-2.689261,1.958151
0.383596,-2.534187,1.501051
-0.625220,-2.413735,1.812128
1.302356,-2.759214,1.155598
0.446530,-2.815414,1.417821
-1.192503,-2.377107,1.925800
-0.363872,-2.415730,1.670924
-0.673363,-2.488629,1.765194
0.037786,-2.593228,1.545697
-1.251775,-2.299939,1.944820
0.637826,-2.670554,1.360610
0.982768,-2.802933,1.253278
1.360278,-2.994590,1.135317
2.314034,0.205470,-2.199053
1.720373,0.036638,0.050803
2.354547,0.255162,-2.669492
1.877317,0.072615,-0.472112
2.270064,0.202535,-2.111864
1.928704,0.129690,-1.019380
2.017316,0.121392,-1.077092
1.873863,0.123431,-0.889069
2.373981,0.256456,-2.707999
1.576653,-0.029725,0.807109
1.966123,0.137167,-1.134921
1.976958,0.182451,-1.526360
1.655536,-0.009514,0.526610
2.206980,0.183946,-1.867408
1.495678,-0.063109,1.199955
-1.006983,-1.078943,-1.435651
-1.030718,-0.742765,-1.439633
-0.591981,-2.782136,-1.518524
-1.589132,-3.049567,2.101402
-1.631628,-2.351501,2.121848
-0.911209,0.648063,0.519786
-0.558967,0.634804,0.126614
1.289225,0.547984,-1.793108
-2.358992,0.688421,2.253187
-0.754359,0.619565,0.532291
-0.596036,0.752009,-0.793490
-1.188203,0.789179,-0.256053
-0.220484,0.809762,-1.809529
-2.095954,0.779157,1.124070
-2.474556,0.659100,2.661726
-1.041374,0.631047,0.847028
1.271249,0.605382,-2.243962
0.067038,0.775040,-1.932039
-0.912970,0.717255,-0.052146
-0.232814,0.710396,-0.966946
-0.368587,0.700453,-0.690419
-1.661873,0.767029,0.604585
-1.349958,0.930123,-1.195105
-0.860502,0.715846,-0.115410
-1.430403,0.913637,-0.943304
-1.234641,0.922048,-1.292822
-1.880354,0.834876,0.353442
0.680128,0.624113,-1.554930
-1.840620,0.649232,1.837940
-0.078431,0.787003,-1.823528
-1.381563,0.816628,-0.207682
-0.144324,0.664219,-0.709998
0.734178,0.679445,-2.091536
-2.303904,0.703442,2.049774
-1.150046,0.682145,0.578062
-0.046637,0.715160,-1.272495
-1.221659,0.800346,-0.300960
-0.577365,0.609845,0.360117
-0.192406,0.615686,-0.238366
-1.479400,0.778562,0.248131
-1.520157,0.886007,-0.585679
1.903851,0.523261,-2.465978
0.566951,0.560717,-0.866905
-0.629412,0.850153,-1.560628
-0.948049,0.730999,-0.116139
-0.458486,0.812445,-1.491768
-0.561486,0.622917,0.228901
0.129542,0.760894,-1.903899
-1.359026,0.820646,-0.273244
-1.214783,0.946104,-1.520909
-0.543269,0.778732,-1.090738
-1.725846,0.800299,0.419760
-0.301425,0.631646,-0.215121
0.042087,0.598944,-0.434394
0.029717,0.563932,-0.126046
-0.615284,0.837278,-1.473915
0.472754,0.603676,-1.088985
-1.689716,0.875773,-0.258463
-1.704483,0.668089,1.486884
-0.700105,0.814862,-1.166629
-2.211044,0.682620,2.089974
-0.685641,0.707707,-0.297664
1.129582,0.543160,-1.524976
-1.694166,0.893792,-0.401700
-1.055364,0.906739,-1.421855
-1.626552,0.662017,1.425955
-1.200351,0.860281,-0.829006
1.077526,0.551357,-1.518659
-0.825699,0.875386,-1.489679
-0.952743,0.646955,0.588326
-0.555672,0.617942,0.261905
-0.388757,0.683433,-0.520298
-2.050810,0.813596,0.773646
0.737889,0.682148,-2.119277
-0.549406,0.703600,-0.458207
-1.115918,0.874564,-1.068218
1.679737,0.534633,-2.240193
0.565164,0.617087,-1.332348
-0.340937,0.603782,0.072669
-0.769176,0.604781,0.676202
-1.470869,0.631928,1.453335
-1.306557,0.912351,-1.109569
0.498401,0.706731,-1.981212
-1.953308,0.655779,1.944590
1.136370,0.610204,-2.091293
-1.457869,0.870136,-0.542906
-1.842687,0.869792,0.009749
-1.118828,0.603835,1.183608
-0.692279,0.659839,0.109233
0.951679,0.650763,-2.164158
-1.900209,0.662847,1.810044
-1.341272,0.627412,1.305677
-1.000130,0.775863,-0.414196
0.523915,0.608408,-1.201358
-0.378530,0.676096,-0.473991
-1.961210,0.713003,1.480785
-2.253953,0.679362,2.178327
-0.004329,0.602596,-0.398400
0.798888,0.656415,-1.992790
-1.209870,0.845309,-0.691103
-0.456199,0.714232,-0.679645
0.136455,0.674895,-1.199783
-0.517280,0.666776,-0.198385
-2.214434,0.742589,1.596940
-0.101638,0.567525,0.031798
-0.474410,0.692529,-0.473441
-1.530280,0.832693,-0.128592
-0.174876,0.576251,0.063988
0.030345,0.610210,-0.511155
-0.409823,0.663822,-0.327381
0.474721,0.545037,-0.604956
1.413324,0.544077,-1.937977
0.243158,0.583873,-0.596548
-1.465398,0.613724,1.596655
-1.142795,0.863161,-0.935150
0.366131,0.578652,-0.728889
-1.818266,0.847797,0.157463
-0.920473,0.660869,0.426701
0.941853,0.553885,-1.345811
-2.236987,0.748560,1.579589
-1.282281,0.923075,-1.233284
-0.743018,0.893181,-1.755542
-1.191312,0.718627,0.334134
-1.491641,0.838887,-0.235213
1.656028,0.574225,-2.535024
0.233272,0.591099,-0.642414
-0.872806,0.844726,-1.167830
-1.807817,0.636495,1.896819
0.529749,0.705758,-2.017926
-2.019965,0.758234,1.189211
0.094740,0.581439,-0.364290
0.973388,0.617381,-1.918024
-0.374287,0.589582,0.238207
-2.188522,0.743787,1.549972
-0.043070,0.774029,-1.766333
-1.314835,0.833425,-0.442475
-1.495038,0.670954,1.163866
-2.393954,0.689504,2.294148
-1.640280,0.655074,1.503216
-0.639854,0.713277,-0.409324
-0.372728,0.651201,-0.275593
-0.076055,0.792454,-1.872183
-0.445600,0.800809,-1.413571
-0.758759,0.865049,-1.499494
-0.458404,0.695160,-0.518148
-1.094325,0.848245,-0.880558
-0.698945,0.683432,-0.077116
-0.395573,0.628817,-0.057123
0.428210,0.614716,-1.116999
-1.713565,0.635113,1.773637
-1.842652,0.745351,1.042838
-0.630859,0.740475,-0.647979
-1.623259,0.948957,-0.961005
-0.183118,0.807978,-1.848100
-1.317333,0.629080,1.257627
-0.623795,0.645545,0.130060
-0.860071,0.688071,0.114570
-0.848438,0.836091,-1.130956
-0.098123,0.760823,-1.578043
-0.552275,0.858134,-1.737090
-2.050474,0.744944,1.343134
-1.303708,0.892597,-0.949633
0.000719,0.588760,-0.290741
-0.240502,0.667514,-0.599941
-0.642657,0.842995,-1.482273
0.910616,0.559705,-1.349497
0.150964,0.727077,-1.653749
-0.955692,0.752688,-0.285285
-1.222138,0.626397,1.143897
-0.883836,0.854501,-1.233228
-0.719149,0.806258,-1.067992
-1.692553,0.822860,0.184893
-1.017390,0.607704,1.006559
-1.042521,0.744069,-0.089677
0.346865,0.673647,-1.490041
-1.588208,0.794105,0.274542
-1.888285,0.747460,1.090522
1.518732,0.549608,-2.134495
-1.229355,0.850537,-0.706666
-0.810329,0.863450,-1.412547
2.019298,0.487799,-2.336504
-0.453433,0.631660,0.001939
-1.076259,0.669243,0.579755
-1.828433,0.805028,0.527071
-1.539355,0.926577,-0.895075
-1.158285,0.645354,0.895276
0.336235,0.659394,-1.356517
-1.272648,0.938912,-1.378530
-0.585806,0.847707,-1.602616
-1.624728,0.755927,0.643681
-0.505490,0.590783,0.415690
-1.693065,0.914600,-0.576029
-0.753271,0.624813,0.487165
1.073178,0.604731,-1.955572
-0.802890,0.796415,-0.866626
-0.573584,0.583600,0.572609
-1.020522,0.674147,0.459408
-1.304114,0.664863,0.941660
-0.753824,0.609260,0.617082
-1.661466,0.641472,1.646409
0.551148,0.643527,-1.531840
-2.481527,0.668801,2.591149
-1.994753,0.721247,1.460263
-1.372607,0.908857,-0.986190
-1.392666,0.877745,-0.699232
1.531957,0.566793,-2.296061
-1.541021,0.818892,0.001336
-1.100836,0.647710,0.793639
-1.618820,0.837934,-0.045599
1.136384,0.554972,-1.632761
1.443381,0.587127,-2.338329
-1.567832,0.643191,1.498362
-0.803002,0.758576,-0.552316
-1.704683,0.692109,1.287752
0.035969,0.594650,-0.390004
-2.023153,0.652221,2.073912
-0.294360,0.728544,-1.029683
1.601803,0.517293,-1.984892
-0.955134,0.841554,-1.023869
0.652287,0.578495,-1.136421
-0.839430,0.755036,-0.470885
-1.473701,0.824125,-0.138293
-1.569023,0.752028,0.596470
-1.538741,0.862564,-0.364496
-0.874492,0.686119,0.151382
0.631028,0.573549,-1.064989
-0.923524,0.802416,-0.744103
1.786022,0.556464,-2.573291
2.221346,0.493045,-2.668724
-0.304820,0.723027,-0.968940
1.346774,0.523807,-1.674605
-0.207385,0.825928,-1.962455
1.217224,-0.045185,0.873970
1.776942,0.188283,-1.489015
1.358464,0.060097,0.263732
1.152552,-0.377377,1.238883
1.526559,0.069659,-0.427692
1.297156,-0.228663,0.601791
1.594915,0.002487,-0.687468
1.666842,0.066304,-1.001307
1.386811,-0.087461,0.192041
1.916351,0.247779,-2.077972
1.401978,-0.049858,0.118595
1.546563,0.097158,-0.517912
1.583861,-0.074105,-0.619132
-0.928773,-0.447656,-1.385336
-0.928761,-0.701534,-1.388030
-0.895096,0.606409,-1.384510
-0.910576,0.167536,-1.384406
1.959253,0.222847,-0.748936
2.358416,0.241354,-2.389549
2.182467,0.304293,-1.687778
2.015658,0.321588,-1.009705
1.923172,0.222796,-0.601125
1.986830,0.203790,-0.856161
2.404176,0.300223,-2.594711
-1.664110,0.510196,2.537992
-2.452614,0.489271,2.779914
-0.986988,0.335003,2.328197
0.031366,0.293463,2.015027
-1.987326,0.408322,2.636170
1.544314,0.154817,0.971206
1.879941,0.273739,-0.439379
2.213493,0.309429,-1.816413
2.296903,0.371476,-2.176752
1.946149,0.251677,-0.703941
2.437345,0.367783,-2.750917
1.624271,0.197356,0.630884
1.736593,-0.515677,-2.216120
1.742334,-0.600339,-2.214151
1.754189,-0.665257,-2.243167
1.882284,-1.594838,-2.346110
1.913902,-1.956109,-2.359648
1.965835,-2.892406,-2.385516
2.038222,-2.928362,-2.408126
1.965582,-1.615851,-2.371913
-0.829817,-2.339638,-1.435770
-1.826904,-0.081368,2.291232
2.030302,-0.531562,-2.310118
2.026138,-0.366568,-2.342729
-1.216969,0.205714,-1.408424
-1.313282,0.168946,-0.965559
-1.272596,0.170636,-1.037715
-1.909456,-0.029958,1.537556
-1.636876,0.058323,0.415188
-1.770682,0.023972,0.891544
1.218143,-3.277593,1.236891
2.124208,-0.249089,-2.406096
-1.835550,0.716981,1.268226
0.191204,0.620738,-0.828379
-1.685755,0.738588,0.874827
-0.579071,0.704645,-0.424497
-2.381646,0.661479,2.509230
-1.975619,0.814690,0.657140
-1.278983,0.669897,0.863963
0.512420,0.542537,-0.638062
-1.585717,0.867908,-0.341751
-1.922101,0.648484,1.960563
-1.567960,0.767638,0.465351
-1.741690,0.691420,1.346346
0.584699,0.623750,-1.415576
-2.084895,0.742900,1.409282
0.192726,0.554435,-0.280086
1.307741,0.517858,-1.569453
-0.603038,0.761211,-0.859882
-0.836356,0.654418,0.360085
-1.793452,0.835929,0.220546
-0.948997,0.734516,-0.143983
-0.955543,0.821915,-0.860242
-1.276160,0.745990,0.228179
0.241973,0.559430,-0.391918
0.002680,0.618272,-0.538561
1.063904,0.630723,-2.158118
1.771912,0.518166,-2.235176
-1.735945,0.669700,1.518463
-1.622240,0.732407,0.835396
0.531225,0.655598,-1.603591
0.367987,0.684371,-1.609253
0.264537,0.665026,-1.300842
-0.665339,0.600094,0.566766
-0.019391,0.759152,-1.676652
-1.636214,0.895451,-0.498272
-1.344397,0.808314,-0.191757
1.129540,0.636447,-2.299415
-0.105910,0.645198,-0.606966
2.040627,0.507573,-2.531143
0.027105,0.703408,-1.280282
0.116649,0.598625,-0.538278
-1.630035,0.775989,0.484702
-0.684174,0.860530,-1.568538
-0.681758,0.779532,-0.899523
-1.703536,0.777751,0.575085
-2.162919,0.762205,1.360477
0.056997,0.729607,-1.540497
1.042847,0.636103,-2.172699
-1.774660,0.811269,0.398432
0.617384,0.578019,-1.082603
-0.035406,0.728524,-1.399492
0.789351,0.612729,-1.616466
-1.031309,0.769639,-0.317980
0.208853,0.641577,-1.026605
-0.848308,0.618907,0.671983
-0.786186,0.644164,0.373539
-1.087508,0.696418,0.370213
-0.198425,0.698187,-0.914720
-0.964094,0.784946,-0.541092
1.360695,0.596235,-2.295817
-0.388082,0.816903,-1.629367
-1.761104,0.660185,1.633403
-1.871076,0.802836,0.606194
-1.610988,0.940685,-0.909860
-1.857654,0.791115,0.684326
0.303910,0.717908,-1.796133
-2.097972,0.722420,1.597994
-0.403515,0.738409,-0.955640
-0.455689,0.642293,-0.083117
-1.633533,0.882892,-0.397838
-1.584645,0.897462,-0.588650
0.089055,0.778021,-1.988245
1.002159,0.591351,-1.743019
-0.942294,0.693501,0.186965
-0.948457,0.757167,-0.332804
1.443400,0.542342,-1.966544
-0.813331,0.901416,-1.723459
-0.608981,0.742846,-0.698922
-0.458517,0.578110,0.453792
-0.019282,0.608996,-0.430175
0.411236,0.632580,-1.241062
-1.823982,0.676010,1.591856
-1.590387,0.779663,0.397554
-2.065619,0.756466,1.269114
0.345042,0.576581,-0.681570
-1.746195,0.793177,0.507963
0.850509,0.547594,-1.163077
-1.503200,0.723507,0.739215
-0.909250,0.761445,-0.424339
-0.329161,0.590798,0.163636
1.256845,0.566160,-1.897752
-1.638832,0.846556,-0.088589
1.238489,0.544860,-1.694686
0.888009,0.646822,-2.040468
-1.087414,0.720536,0.169847
-0.350238,0.841131,-1.884578
0.639067,0.587578,-1.192940
0.460720,0.655728,-1.503941
0.853399,0.626265,-1.820357
-1.291764,0.713170,0.522959
-1.542534,0.911013,-0.761315
-0.818772,0.638974,0.463180
-1.082603,0.610426,1.077135
-1.306792,0.817281,-0.319933
0.567205,0.566138,-0.912271
-2.151317,0.726205,1.642787
-1.177610,0.761147,-0.038454
-0.463275,0.671028,-0.310841
-0.257644,0.810788,-1.764956
-0.688038,0.767368,-0.789563
1.856678,0.531320,-2.465492
-0.311446,0.800066,-1.599074
-1.159618,0.837074,-0.694527
-0.062381,0.604698,-0.332916
1.517786,0.536066,-2.020712
-1.528899,0.742069,0.621821
-1.485300,0.977364,-1.393951
-0.771187,0.788497,-0.846182
0.209340,0.769348,-2.088091
-2.021986,0.699205,1.682175
-0.426661,0.840904,-1.773508
0.075974,0.676450,-1.126292
-2.001573,0.672943,1.871044
1.057398,0.560767,-1.568026
-1.689511,0.850477,-0.048744
1.336107,0.518785,-1.617675
1.917575,0.505967,-2.342006
0.784024,0.590587,-1.425025
-1.353687,0.753624,0.275562
-1.622512,0.646455,1.549384
-1.702812,0.786635,0.500295
0.978699,0.534831,-1.240258
-0.319129,0.574566,0.284074
-1.278154,0.775048,-0.010218
0.034596,0.681782,-1.111438
-0.537552,0.626951,0.161217
-1.221787,0.927649,-1.357684
-0.766542,0.715832,-0.249539
1.554506,0.519412,-1.934905
-2.302300,0.724644,1.871462
0.603154,0.647713,-1.640895
-0.973960,0.686438,0.290838
1.002654,0.649233,-2.224277
0.525369,0.715684,-2.094075
-0.420271,0.853706,-1.888921
-0.605958,0.716386,-0.483561
-0.909110,0.613968,0.799858
0.487268,0.700802,-1.916085
-0.511936,0.829046,-1.553225
-1.832121,0.723273,1.211093
-0.315781,0.652600,-0.368575
-1.323781,0.937985,-1.297782
-1.820461,0.703036,1.362446
-1.129097,0.754924,-0.056106
0.795953,0.624700,-1.725283
1.880099,0.500575,-2.243698
1.265861,0.534784,-1.650138
-1.798763,0.806803,0.469946
-0.800648,0.903465,-1.758591
1.346194,0.557883,-1.956686
-0.602407,0.803093,-1.208503
0.861533,0.613007,-1.721903
-0.435224,0.688571,-0.496567
0.641571,0.707604,-2.193010
-1.743831,0.674811,1.487292
-1.200816,0.669691,0.753995
-0.320699,0.817122,-1.727457
-0.668609,0.669459,-0.004452
-0.430148,0.776576,-1.234457
-0.493922,0.717663,-0.654236
-0.851859,0.638690,0.512809
-0.307952,0.829827,-1.851144
-1.699276,0.865183,-0.156886
-1.882477,0.678190,1.657328
-1.840851,0.752377,0.981933
-1.608024,0.715352,0.956680
-0.028484,0.581204,-0.186286
1.419506,0.550985,-2.004161
-0.166884,0.764616,-1.511293
-0.071321,0.685738,-0.992958
0.516310,0.572430,-0.891796
-1.792576,0.744385,0.979318
-0.534068,0.584825,0.505984
-0.941884,0.762477,-0.386283
-1.197593,0.875555,-0.959753
-1.974818,0.758555,1.122041
0.686540,0.567556,-1.094543
0.515924,0.599055,-1.112296
-0.998565,0.597297,1.066071
1.414290,0.533013,-1.847502
1.975679,0.508917,-2.449513
1.295944,0.574010,-2.018783
-1.315411,0.727982,0.433765
-1.727730,0.814439,0.305061
-1.150278,0.817342,-0.544049
0.165809,0.732966,-1.723849
-0.237282,0.797323,-1.682255
-1.073688,0.911564,-1.435738
0.288181,0.636196,-1.095273
-0.780536,0.733600,-0.377055
0.532543,0.643074,-1.501493
-0.553463,0.600980,0.399570
-1.043437,0.749851,-0.136371
1.176523,0.604577,-2.101942
0.424474,0.650446,-1.408298
-1.340074,0.851464,-0.556182
-0.019842,0.601557,-0.367614
1.106981,0.594620,-1.919919
-1.221075,0.617733,1.214308
-1.946375,0.834359,0.452056
-1.193357,0.935962,-1.467319
-0.408577,0.696215,-0.598096
0.451440,0.700056,-1.858701
1.978263,-2.270665,-2.297381
1.964494,-0.734276,-2.276875
1.922883,-1.899296,-2.276440
2.132941,0.157853,-1.440827
1.856716,0.087506,-0.288181
1.653600,0.132405,0.530301
1.752630,0.121285,0.128004
1.406606,0.019207,1.576106
1.493209,-0.017146,1.232310
1.978064,0.165196,-0.808633
1.598368,0.088084,0.769883
1.576466,-0.000196,0.886173
-0.809059,-2.853236,1.806935
0.862224,-3.082154,1.319692
-0.493427,0.288808,-1.596588
-0.610435,0.355972,-1.559945
-0.441726,0.311405,-1.612226
-0.689946,0.371461,-1.535363
-0.530796,0.219291,-1.585849
1.735400,-0.375516,-0.800964
1.584179,-0.442389,-0.029717
1.853145,-0.350992,-1.172793
1.335913,-0.522113,0.986869
1.459473,-0.487308,0.521380
1.494395,-0.457028,0.220093
-1.744891,-2.888455,2.150941
-1.727501,0.228395,2.226458
1.926278,0.180661,-1.439090
1.839403,0.158876,-1.134102
1.364437,-0.024420,1.066258
1.932621,0.196942,-1.583320
1.484800,0.048999,0.284746
1.786266,0.130790,-0.825008
1.344052,-0.037717,1.205773
1.556975,-0.000964,0.596439
1.922179,0.169825,-1.343274
1.732623,0.075480,-0.289174
1.434392,-0.077904,1.410352
1.565854,-0.011982,0.675226
1.411645,0.020740,0.623878
1.482862,0.034112,0.411113
0.990089,-0.895528,1.332163
0.954930,-0.841413,1.343534
1.221729,-2.103683,1.248228
1.126713,-1.971067,1.278811
1.595989,0.127063,-0.522221
1.168517,-0.005979,1.193068
1.728089,0.193498,-1.262514
1.628302,0.146666,-0.731135
1.211344,-0.011692,1.179308
1.126259,-0.011875,1.302397
1.328561,0.054967,0.458421
-0.799108,-2.969029,-1.498060
0.995505,-2.411853,1.390341
1.826477,-0.050634,-1.619996
1.583819,-0.333456,-0.540884
1.905380,0.177855,-2.011980
1.518805,-0.249417,-0.299874
1.503154,-0.318818,-0.214869
1.965159,-0.168048,-2.152716
1.259902,-0.457067,0.823151
1.900951,0.026139,-1.948168
1.205947,-0.475705,1.049771
1.842772,-0.238533,-1.630176
1.973950,-0.224615,-2.171694
1.865647,-0.006200,-1.793820
1.758271,-0.147711,-1.311385
1.731627,-0.006485,-1.244765
1.792153,-0.001930,-1.494059
1.302543,-0.472404,0.653103
1.679280,0.213415,-2.200849
-1.653412,0.705051,-0.678379
-1.439427,0.703416,-0.970534
-1.840703,0.597257,0.484139
-2.046044,0.546686,1.197368
-2.097318,0.553754,1.211944
-2.357257,0.476000,2.228851
-2.046190,0.568507,1.016414
-1.653903,0.716535,-0.773026
-1.285143,0.734147,-1.446099
-1.420914,0.751185,-1.393573
-1.592840,0.657832,-0.372899
-1.829121,0.642189,0.094558
-1.497030,0.771239,-1.451317
-1.243638,0.190661,-1.245345
-1.608238,0.076625,0.222322
-1.794639,0.008583,1.053537
-1.335863,0.159389,-0.853950
-1.505731,0.111175,-0.210971
1.684647,0.131690,0.403340
1.439954,-0.038546,1.456894
1.470211,0.095091,1.292725
2.004296,0.194120,-0.924791
2.115034,0.147977,-1.364503
1.907615,0.087551,-0.496689
2.042510,0.124320,-1.060309
2.166634,0.172731,-1.583317
0.443085,0.265784,1.758684
0.015521,0.537969,0.109789
0.332993,0.451945,0.370409
1.049388,0.329784,0.361106
1.807618,0.484716,-2.008472
0.330944,0.412445,0.701274
1.089085,0.298453,0.564506
0.268645,0.316073,1.590393
0.505737,0.248343,1.813971
-1.416337,0.571837,1.874318
0.278361,0.447221,0.487682
1.759746,0.412054,-1.336818
1.731210,0.289211,-0.276172
-0.531523,0.527167,0.981035
1.655114,0.385964,-0.970725
2.320865,0.471061,-2.628390
-0.395957,0.566651,0.459545
1.108801,0.483512,-1.000076
-0.639032,0.440673,1.852734
-1.990224,0.594284,2.507874
0.827568,0.311183,0.832453
0.696322,0.330556,0.859125
-0.054161,0.492231,0.589079
0.355235,0.508509,-0.130980
0.827214,0.226894,1.532745
-0.042308,0.502044,0.490673
-0.871466,0.452239,2.088791
1.547599,0.374921,-0.725436
1.717170,0.354083,-0.794704
1.258255,0.231038,0.882514
0.892173,0.467995,-0.561748
0.647399,0.303799,1.151161
-1.601891,0.572090,2.137321
0.204051,0.347446,1.422214
-1.059425,0.535147,1.669005
1.246776,0.367896,-0.237321
0.211215,0.466771,0.421303
-0.590045,0.401054,2.111679
1.372943,0.454298,-1.134910
1.886614,0.476219,-2.050790
1.335442,0.258274,0.546115
-0.336561,0.358140,2.105803
-0.567411,0.552817,0.819360
0.347431,0.497641,-0.029598
1.626271,0.332422,-0.484995
1.298056,0.268581,0.513953
-0.975261,0.569256,1.265581
0.034472,0.363734,1.529265
-0.267534,0.423463,1.464856
1.245107,0.149248,1.580341
-0.340009,0.524392,0.730461
-0.738656,0.412608,2.228069
1.443552,0.254297,0.424672
1.091868,0.457050,-0.756187
-0.956708,0.593703,1.036106
1.912607,0.453395,-1.898441
1.650377,0.217960,0.430855
0.865540,0.233734,1.421200
-0.116260,0.450786,1.021886
-0.822449,0.540614,1.285048
0.466324,0.540021,-0.551312
0.301410,0.299228,1.683435
-1.252450,0.573041,1.630179
1.074111,0.496372,-1.057279
0.720023,0.226556,1.688703
2.416633,0.466690,-2.728924
-0.430083,0.504020,1.028282
1.343966,0.412510,-0.746573
1.071590,0.350751,0.155312
1.329996,0.238722,0.716217
1.638762,0.261735,0.084024
-0.391496,0.504071,0.972731
1.541838,0.312540,-0.199304
-0.559804,0.509961,1.164297
1.462337,0.376970,-0.620637
0.061456,0.489516,0.446430
1.097715,0.452010,-0.722696
0.355271,0.391697,0.838777
-0.306333,0.446864,1.326002
2.151102,0.429120,-2.037641
0.992438,0.197506,1.540678
0.861492,0.292732,0.937167
0.551442,0.385928,0.606401
-1.688839,0.599881,2.030820
1.696000,0.345485,-0.693075
-2.144297,0.604732,2.641260
-0.159711,0.550344,0.257409
0.341376,0.434749,0.501199
1.049421,0.313074,0.499790
-1.059248,0.557451,1.483577
-0.632664,0.538916,1.027998
0.273247,0.423422,0.692579
1.194352,0.394345,-0.382013
0.894153,0.323461,0.635385
1.431468,0.424546,-0.971520
1.580601,0.489671,-1.725270
0.482298,0.533848,-0.522884
-2.268321,0.641806,2.510655
1.118419,0.393004,-0.262394
-1.922014,0.626456,2.143324
0.264340,0.546257,-0.314509
0.942029,0.516481,-1.035518
1.211862,0.200090,1.205733
1.506445,0.361577,-0.555850
2.004794,0.461471,-2.097194
-1.630953,0.543313,2.417760
1.887840,0.407375,-1.480980
1.625313,0.266645,0.062473
0.501317,0.419720,0.397469
2.050608,0.398322,-1.638375
0.152744,0.402713,1.036674
-0.057855,0.365006,1.650611
0.278535,0.527091,-0.175670
1.313243,0.176998,1.252601
0.764857,0.261606,1.333652
1.128302,0.222735,1.137111
0.002764,0.467958,0.709266
-0.687230,0.458649,1.772358
1.392490,0.128829,1.539294
-0.594169,0.537734,0.982815
0.674381,0.281118,1.300918
1.501824,0.294917,0.004181
-0.895766,0.517975,1.577749
0.126469,0.469218,0.522066
1.280211,0.346990,-0.111527
0.224244,0.371989,1.189599
-1.190576,0.486050,2.263998
0.356620,0.303580,1.568420
0.857080,0.402938,0.028513
0.200004,0.378750,1.168095
-0.123644,0.376403,1.649979
0.278619,0.366556,1.157014
-1.131706,0.539307,1.737736
-1.215753,0.580616,1.514861
0.987180,0.391863,-0.065413
1.070797,0.389490,-0.165181
0.596099,0.280873,1.414799
0.684910,0.233976,1.677265
0.460398,0.494757,-0.167055
-0.368700,0.414461,1.684126
0.747204,0.428571,-0.027316
0.385298,0.435864,0.429187
0.406408,0.413856,0.581751
-0.220879,0.389116,1.683359
0.810596,0.466613,-0.433727
0.232071,0.443024,0.588660
-1.579387,0.550809,2.281848
1.366891,0.188495,1.080503
-0.341920,0.561444,0.425574
0.919943,0.273553,1.012889
0.602972,0.435385,0.122173
2.008443,0.339512,-1.089876
0.354404,0.399562,0.774718
0.973164,0.397035,-0.088330
1.605931,0.421610,-1.196402
0.527053,0.330414,1.102140
1.775228,0.324102,-0.628734
0.646172,0.325748,0.970690
-1.121149,0.480150,2.213795
1.865361,0.464398,-1.922291
0.432649,0.528494,-0.407497
0.420697,0.534166,-0.437514
-0.816003,0.507554,1.550307
1.602539,0.214901,0.524606
1.323133,0.394028,-0.563372
-0.802719,0.475722,1.795610
-1.140591,0.464612,2.370568
1.404732,0.317597,-0.045402
1.115262,0.498705,-1.135444
-1.484751,0.528137,2.334873
0.554989,0.339201,0.989277
1.431601,0.202553,0.871337
1.949125,0.404734,-1.546616
0.961348,0.392570,-0.034377
1.770449,0.362978,-0.944666
-0.362035,0.428106,1.561321
1.493415,0.369520,-0.603182
-0.079259,0.545901,0.179347
2.139386,0.462753,-2.300131
0.718320,0.303056,1.056006
-0.115453,0.368275,1.705764
1.973704,0.365432,-1.255434
-0.207215,0.392619,1.634751
0.021538,0.380089,1.411960
-2.224011,0.612464,2.690958
1.378620,0.202852,0.944552
1.245879,0.374436,-0.290335
-0.568890,0.573554,0.649307
1.123601,0.388156,-0.229543
0.208830,0.415737,0.848413
0.134724,0.529424,0.010426
-1.208113,0.601500,1.330561
0.049388,0.463248,0.681758
-1.043959,0.552891,1.499590
-0.763666,0.552771,1.100131
1.704494,0.269332,-0.072962
-0.105928,0.337782,1.945317
-1.943274,0.580477,2.555428
0.966453,0.411143,-0.195873
0.355113,0.310969,1.509232
2.249501,0.467786,-2.499245
0.966657,0.309906,0.644334
0.878453,0.294629,0.897186
-0.290452,0.534375,0.576775
1.916843,0.463901,-1.991714
1.718950,0.406457,-1.232066
1.009791,0.345066,0.290802
-0.167317,0.495577,0.722966
0.129019,0.553600,-0.182135
0.378864,0.279394,1.737436
-0.004463,0.480579,0.614808
-0.173148,0.422464,1.338302
1.358088,0.463098,-1.186749
1.178833,-0.988708,1.315274
1.163409,-0.734903,1.302043
-0.977870,0.688461,-1.505803
-0.188666,0.574942,-1.690880
-1.087858,0.700793,-1.451041
-0.354660,0.600279,-1.664075
1.806532,0.295704,-2.223128
-1.898860,0.223191,1.310310
-1.989773,0.305236,1.658004
-1.792772,0.420774,0.816272
-1.657679,0.372076,0.277568
-1.933527,0.285321,1.433607
-2.096210,0.261549,2.107141
-1.839153,0.346466,1.028628
-1.999187,0.285693,1.702449
-1.626054,0.459691,0.121650
-1.677790,0.430205,0.342447
-2.011752,0.067603,1.819574
-1.559792,0.572263,-0.183661
-1.974693,0.093627,1.659942
-1.922856,0.220268,1.409482
-1.411332,0.633213,-0.810124
-1.863021,0.303488,1.139332
0.838333,-3.007808,1.356387
0.504689,-2.791870,1.461134
-0.276352,-2.701901,1.701940
-1.080280,-2.814099,1.947632
0.308581,-2.891721,1.520300
0.119531,-2.760954,1.579741
0.056387,0.130723,1.647042
0.424012,0.082349,1.523430
-0.152560,0.157484,1.723387
-1.871120,0.160053,2.307368
1.056328,-0.991806,1.310802
0.965023,-0.712328,1.341802
1.002485,-0.454861,1.333025
0.931841,-0.386058,1.355449
0.679117,0.650491,-2.243322
1.298709,0.585313,-2.434285
0.806796,0.620482,-2.282849
2.057565,0.485304,-2.668384
1.148147,0.546231,-2.388463
2.011999,-2.738734,-2.312701
-1.454986,-3.131295,2.121609
-1.522497,-2.261744,2.136373
-0.334895,-2.139944,-1.524717
0.844897,-2.266924,-1.888369
1.754593,-2.359215,-2.168708
-0.504221,-2.231630,-1.473690
-0.328819,-2.351784,-1.528828
-0.802605,-2.358532,-1.383403
-0.804857,-2.202846,-1.381062
-0.375531,-2.334705,-1.514302
-0.446024,-2.279330,-1.492068
-1.850303,-1.724621,2.213114
-1.990748,-0.181049,2.323717
-1.932048,0.774500,0.298345
-2.180336,0.643815,1.354716
-2.008722,0.762478,0.616032
-2.082062,0.699231,0.935487
-2.306017,0.703463,1.851573
-1.886560,0.807761,0.102005
-2.093172,0.744869,0.967256
0.975335,-2.005616,1.350666
-1.264761,0.834953,-1.644416
1.110206,0.502981,-2.377269
1.335238,0.410340,-2.447357
0.517677,0.550724,-2.194802
-0.855182,0.823548,-1.770316
0.033426,0.328797,0.035376
-0.200299,0.407833,-0.286874
-1.002290,0.666267,-1.286648
-0.548204,0.543045,-0.912381
0.419309,0.204707,0.514300
-0.315262,0.435565,-0.352866
0.397513,0.214575,0.463509
0.672582,0.134518,0.735173
-0.977566,0.641818,-1.118994
-0.974058,0.651254,-1.202349
-0.687104,0.560091,-0.855459
-0.841438,0.615506,-1.095026
-2.331455,0.582629,1.992148
-2.335887,0.705353,1.973356
-2.380640,0.552302,2.202744
-2.491044,0.647898,2.626204
-2.434927,0.632106,2.401093
-2.460371,0.585608,2.519312
-2.121317,0.667006,1.105982
1.622705,-0.268156,-0.719824
1.575260,-0.258456,-0.528402
1.855955,-0.096789,-1.726847
1.600474,-0.271141,-0.627865
1.668272,-0.193208,-0.929036
1.879043,-0.214594,-1.785956
1.976085,-0.177425,-2.194646
1.817818,-0.135411,-1.559003
1.667312,-0.311870,-0.889383
1.628829,-0.180189,-0.771394
1.640342,-0.211242,-0.809205
1.299864,-0.392710,0.640087
1.538074,-0.240129,-0.381600
1.756297,-0.314101,-1.253210
1.681880,-0.084910,-1.017382
1.856564,0.096095,-1.787408
1.143880,0.401663,-2.156086
1.867180,0.305777,-2.393409
0.356131,0.510782,-1.936561
0.867669,0.442110,-2.097266
0.562557,0.480475,-1.979867
0.157796,0.622588,-2.083524
0.091809,0.573975,-2.063775
-0.258082,0.708649,-1.954898
-0.975595,0.751703,-1.734099
-0.535087,-2.382816,1.761034
-1.431741,-2.264236,2.057606
0.525282,-2.527192,1.444723
-1.754995,-2.955295,2.193205
-1.880109,-1.546695,2.281643
-1.773077,-2.850271,2.235659
-0.187778,0.584445,-1.771040
1.452982,0.359705,-2.249363
1.883559,0.298424,-2.355760
1.849959,-0.627723,-2.240573
1.762684,-0.408811,-2.211452
1.865870,-1.647001,-2.256259
1.864555,-0.451127,-2.243185
1.828849,-0.526381,-2.233017
0.625808,-0.470377,1.571878
-0.802544,-0.283194,2.058539
1.088105,-0.534836,1.446548
-0.097201,-0.373681,1.802051
-1.763023,-2.765682,2.169010
-1.826013,-2.225825,2.264504
-1.506965,0.277680,-0.311364
-1.290645,0.683473,-1.319614
-1.291614,0.233996,-1.180328
-1.507202,0.490591,-0.374489
-1.297540,0.215487,-1.150483
-1.875969,0.088134,1.257201
-1.530213,0.261988,-0.211412
-1.417474,0.487958,-0.741237
-1.754101,0.112229,0.750755
-1.379623,0.364268,-0.859047
-1.304730,0.464225,-1.195912
-1.572888,0.374045,-0.070343
-1.529052,0.456618,-0.274762
-1.263542,0.548649,-1.390041
-1.621610,0.375638,0.128753
-1.366057,0.337806,-0.906648
-1.785106,-2.337950,2.130697
0.218336,-2.316716,-1.696484
-0.007755,-2.408010,-1.628020
-0.871785,-2.123266,-1.359666
1.115095,-2.350121,-1.972226
-0.734764,-2.056544,-1.401037
0.538939,-2.350951,-1.795302
0.995524,-2.210308,-1.934026
0.357035,-2.360116,-1.739537
-2.231271,0.533359,1.596608
-2.084832,0.598583,0.977132
-1.492764,0.933838,-1.549011
-1.524851,0.866378,-1.397267
-1.921460,0.695750,0.278679
-1.675842,0.796122,-0.757631
-1.612750,0.869621,-1.038192
-2.141270,0.612054,1.204258
-2.019191,0.222430,2.318758
1.249037,-2.686544,1.233666
-0.585028,0.117061,-1.575256
1.999958,-0.227947,-2.404100
0.922085,-0.084635,-2.053954
1.423760,-0.151635,-2.214449
1.589333,0.195826,-1.083596
1.820055,0.231410,-1.708662
1.585001,0.246725,-1.499983
1.490985,0.203132,-1.003740
1.744521,0.230315,-1.591652
1.506561,0.157296,-0.645455
1.333405,0.104867,0.037214
1.783524,0.234112,-1.678898
1.427290,0.102499,-0.077255
1.400168,0.153616,-0.462900
1.820979,0.285677,-2.160524
1.390829,0.130662,-0.258986
0.715299,0.481458,-2.206250
2.249889,0.264649,-2.598726
1.498989,0.369557,-2.396883
1.629629,0.352349,-2.440668
-0.245535,0.611182,-1.910507
1.643941,0.341113,-2.367833
1.555697,0.354606,-2.353781
1.130654,0.422129,-2.307105
-0.292088,0.622116,-1.934770
1.925024,0.316607,-2.565956
0.490188,0.513088,-2.147238
1.065279,-2.965499,1.287141
1.873685,-1.987982,-2.334445
1.905031,0.049402,-2.335675
1.959978,-0.144972,-2.354608
1.576579,0.098385,-0.256392
1.989738,0.246495,-2.076331
1.907057,0.231970,-1.837611
1.918467,0.206540,-1.642783
1.883870,0.237392,-1.849496
1.593771,0.105394,-0.339146
-0.626509,-2.621263,1.749401
-1.115735,-2.701740,1.898786
-1.043568,-2.776512,1.875832
-1.666273,-2.456411,2.070451
-1.706162,-2.681472,2.080317
0.613730,-2.957393,1.364971
-0.664048,-2.658803,1.760531
-0.037613,-2.729039,1.567413
-1.163585,-2.724856,1.913235
0.907754,-2.507666,-1.971147
0.285677,-2.455686,-1.779560
0.271332,-2.395106,-1.774513
-0.544117,-2.318038,-1.523278
0.693309,-2.527352,-1.905501
1.246350,-2.691191,-2.077072
0.757459,-2.622345,-1.926207
-1.649609,0.537865,0.704212
-1.793794,0.516250,1.089666
-1.648738,0.557093,0.543326
-1.887014,0.493063,1.415352
-1.900674,0.471524,1.613689
-1.387726,0.629756,-0.432851
-1.798301,0.526546,1.010624
-2.093155,0.434522,2.195888
-1.872618,0.473062,1.560840
-1.967980,0.452242,1.869937
-1.724206,0.533775,0.844744
-1.996648,0.433704,2.064802
-1.308258,0.651702,-0.728593
0.918766,-2.652823,1.274523
-0.433333,-2.574522,1.690573
-1.011818,-2.433189,1.869719
-0.225258,-2.563250,1.626794
1.057292,-2.871632,1.229664
0.693796,-2.602420,1.344144
1.160825,-1.990199,1.353497
1.113307,-2.212226,1.365737
1.156883,-3.242755,1.341436
1.226675,-2.369246,1.329259
1.119841,-1.586438,1.370361
1.231936,0.110044,0.139209
0.598071,0.346068,-0.914723
1.395661,0.265218,-1.383007
0.072128,0.483099,-1.300973
1.165907,0.371129,-1.934061
1.106117,0.195932,-0.394101
0.936276,0.350187,-1.432119
0.148691,0.434711,-1.008629
0.996127,0.100569,0.554770
0.326259,0.419058,-1.132362
1.133934,0.216854,-0.607543
1.412789,0.255710,-1.328539
0.784052,0.358583,-1.284339
-0.287734,0.473639,-0.708294
0.728341,0.261777,-0.401031
1.114254,-0.001711,1.235162
1.268897,0.303332,-1.518335
0.776665,0.178010,0.225385
-0.329735,0.572402,-1.468247
0.545576,0.348295,-0.858212
1.169639,0.270805,-1.106475
0.768312,0.373928,-1.389246
0.780033,0.277244,-0.603297
0.895601,0.410163,-1.871942
1.278676,0.178308,-0.494316
0.366845,0.258160,0.145473
0.422309,0.263837,0.019095
0.170589,0.353971,-0.369585
1.337552,0.150515,-0.347688
0.808500,0.390707,-1.585974
0.353502,0.467858,-1.576437
0.830876,0.348942,-1.271196
-0.171459,0.485123,-0.969758
0.528479,0.393210,-1.206682
1.021611,0.236673,-0.611614
1.281011,0.182543,-0.532817
1.190263,0.076836,0.474443
1.058119,0.074942,0.678962
0.924454,0.391600,-1.759051
0.991604,0.064942,0.857018
0.171204,0.388521,-0.657305
0.066441,0.480902,-1.274611
1.144150,0.292932,-1.253760
-0.283103,0.546202,-1.317344
0.437246,0.443583,-1.494550
1.365972,0.192605,-0.737742
0.248485,0.480644,-1.532554
0.239373,0.411435,-0.944939
-0.127534,0.540612,-1.493198
1.016309,0.126048,0.314403
0.424163,0.378987,-0.939563
1.424270,0.217414,-1.027003
0.759779,0.196880,0.092845
1.337262,0.209826,-0.839691
1.000189,0.342899,-1.462923
0.110964,0.492852,-1.437432
1.155461,0.343786,-1.692125
1.317168,0.149618,-0.311125
-0.106910,0.468126,-0.920872
0.700671,0.335332,-0.972178
0.877325,0.227275,-0.327440
1.266598,0.262322,-1.174568
1.200502,0.136727,-0.037411
0.227094,0.461112,-1.339835
1.048536,0.365518,-1.719784
0.882012,0.250707,-0.528676
0.663271,0.208482,0.134401
0.952632,0.070775,0.864270
0.837310,0.254930,-0.499872
1.309073,0.277422,-1.360618
1.371118,0.299384,-1.631598
-0.400488,0.531191,-1.025015
0.779621,0.335500,-1.086364
-0.262040,0.483633,-0.827972
0.263494,0.288373,0.042293
-0.206219,0.495028,-1.002332
-0.202515,0.511857,-1.147339
1.073070,0.022886,1.089787
0.443404,0.315059,-0.436306
0.835728,0.324181,-1.072555
0.965654,0.078048,0.785287
1.373955,0.144765,-0.351960
1.189094,0.187221,-0.440331
1.072482,0.107499,0.388144
1.499938,0.277662,-1.635301
0.369842,0.309135,-0.282025
1.301820,0.165694,-0.422664
1.021208,0.334914,-1.426656
0.751714,0.308836,-0.825121
0.425155,0.453005,-1.555494
0.425563,0.416203,-1.250541
0.478244,0.372780,-0.965295
0.765076,0.383633,-1.465200
0.090807,0.350670,-0.228199
0.829383,0.107206,0.737900
0.532926,0.455942,-1.733851
0.153851,0.421213,-0.903938
0.612913,0.325127,-0.762066
-0.428034,0.549739,-1.139652
0.982874,0.046325,1.024057
1.355751,0.204116,-0.818700
0.552361,0.370510,-1.052340
0.581178,0.255928,-0.142217
0.718771,0.337872,-1.019122
0.829614,0.192355,0.030635
0.480977,0.362268,-0.881928
0.895722,0.153934,0.255167
0.649475,0.429415,-1.680130
0.259016,0.455296,-1.337157
1.202474,0.286787,-1.286072
1.369352,0.247955,-1.202094
1.113522,-0.295091,1.373987
2.128119,-0.218224,-2.289800
1.526893,0.053795,0.091039
1.332300,-0.060030,0.922394
1.964327,0.074646,-1.707043
1.544690,0.008954,0.031640
1.708912,-0.131972,-0.598617
1.951919,0.149795,-1.678843
2.095510,-0.010377,-2.218800
2.114976,-0.160636,-2.253297
1.677539,-0.040102,-0.497768
1.582606,0.027584,-0.129280
1.694413,-0.004403,-0.577631
1.498926,-0.033252,0.231803
1.991229,0.037918,-1.806184
1.768497,-0.143613,-0.839183
1.642481,0.011613,-0.369732
0.255965,0.081862,1.767560
0.924374,-0.014437,1.612096
0.378538,0.065911,1.724872
-0.941690,0.245288,2.121852
-0.069611,0.121521,1.903452
-0.975726,0.243486,2.185444
0.767739,0.004476,1.678864
0.292656,0.080229,1.728700
0.647513,0.014183,1.770043
0.931876,0.109393,-2.121504
-0.214659,0.568043,-1.596462
0.252374,0.510010,-1.781912
-0.295231,0.582590,-1.602127
-0.857328,0.601556,-1.450265
1.554547,0.065150,0.051010
1.451104,-0.005672,0.786787
1.839942,0.141582,-0.991299
1.819594,0.139082,-0.941474
1.623070,0.054138,0.044534
1.581144,0.075219,-0.070587
1.725556,0.114533,-0.603307
1.578197,-0.009408,0.636223
1.616656,0.068045,-0.061758
1.894400,0.146473,-1.109710
1.710524,0.074576,-0.250093
1.640108,0.057564,-0.008247
1.519955,-0.001394,0.652899
1.305036,-2.656673,1.300457
1.291966,-2.485144,1.302356
-0.725008,-2.399645,1.842921
-0.653418,-2.527220,1.819585
-0.062224,-2.523030,1.638078
-1.170824,-2.364429,1.980201
-0.954841,-2.566998,1.911728
-0.012484,-2.620339,1.621772
1.222529,0.020294,0.897772
1.157292,0.005535,1.113513
1.352443,0.033357,0.603716
1.308767,0.038974,0.619478
1.457670,0.076479,0.095365
1.730641,0.182400,-1.174020
1.762064,0.203021,-1.390116
-1.543014,-1.894420,2.109831
-1.664392,0.762965,-0.794549
-1.585643,0.756931,-1.115305
-1.799085,0.824686,-0.261405
-1.804661,0.693158,-0.198967
-1.754937,0.776652,-0.427782
-1.841525,0.789186,-0.076875
2.281016,-3.358494,-2.486050
-1.828780,0.385733,2.223240
-1.726299,-0.433401,2.256607
-1.842258,-0.320140,2.293417
-1.864265,-1.127292,2.291624
-0.854488,-2.622389,-1.431190
-0.056857,-2.567445,-1.640463
0.691909,-2.670622,-1.853628
1.213568,-2.739678,-2.025608
-0.707192,0.226857,1.939841
-1.486455,0.338844,2.123441
-1.636413,0.354233,2.209923
-0.751763,0.413748,-1.601245
1.191184,-0.088371,-2.203231
-0.316710,0.431236,-1.734662
-0.757954,0.239151,-1.601194
0.212518,0.091920,-1.900779
-0.529159,0.190487,-1.671971
0.728285,-0.037443,-2.060539
0.221714,0.222253,-1.902223
-0.668967,0.504954,-1.625705
-0.454526,0.234300,-1.694426
-1.827428,-0.873882,2.197632
-1.749130,-1.533546,2.166598
-1.596619,-2.143326,2.113302
1.474203,-0.389100,0.440199
1.361960,-0.134765,0.823397
1.542963,-0.344435,0.145099
1.483340,-0.413784,0.410203
1.239394,-0.461652,1.423860
2.092468,-0.250810,-2.133954
1.324701,-0.414856,1.060337
1.569416,-0.299032,0.023074
1.483725,-0.287502,0.370608
1.410443,-0.475711,0.727446
1.379638,-0.319989,0.806747
1.381373,-0.228799,0.772189
1.613716,-0.152772,-0.202415
1.834914,-0.273141,-1.072245
0.413521,-0.440333,1.625740
-1.595184,-0.176044,2.301397
-0.631943,-2.047260,-1.576064
-0.643963,-2.093578,-1.512885
-0.607627,-2.466044,-1.549592
-1.508244,-2.764605,2.070024
-0.352633,-2.919089,1.701561
1.049204,-3.110639,1.289047
1.300627,-3.087971,1.298934
1.189360,-3.471691,1.329037
1.129712,-3.075436,1.351553
1.195061,-2.784640,1.334566
1.166523,-2.863117,1.342498
1.833496,0.296389,-2.267338
0.850368,-2.175922,-1.936072
-0.790343,-1.957818,-1.402733
-1.532986,-3.282267,2.151031
0.631460,-2.944935,1.420582
0.974900,-2.664468,1.318086
0.610246,-2.711128,1.429574
-0.346666,-2.873485,1.721714
0.841209,-2.914465,1.356492
0.711619,-2.693353,1.398631
0.459365,-3.023215,1.472602
0.451448,-2.876788,1.476584
-1.310391,0.283647,2.330155
-0.427374,0.155823,2.129806
-1.311597,0.289145,2.286234
-1.252385,0.279838,2.278903
-1.260756,0.274417,2.335870
0.934929,-0.030082,1.726904
-2.405984,0.423495,2.734386
-1.847563,0.360795,2.457110
-1.757355,0.348145,2.433256
-2.309888,0.408786,2.719204
-1.863015,0.351360,2.557522
0.892237,-0.309658,1.453784
0.527620,0.234240,0.114362
0.572532,0.185446,0.455295
0.090451,0.425666,-0.850325
-0.478346,0.593502,-1.431097
1.005199,0.069437,0.800279
0.645622,0.416444,-1.566941
1.293300,0.347654,-1.921168
1.082890,0.316173,-1.359188
0.575339,0.276978,-0.308639
1.135826,0.229209,-0.712819
-0.253118,0.499308,-0.970861
0.932321,0.153661,0.205150
0.278703,0.489027,-1.645326
0.606229,0.260146,-0.213030
0.144219,0.417100,-0.856027
0.020049,0.439997,-0.868722
0.163688,0.424305,-0.943660
0.312083,0.407756,-1.018275
0.340406,0.301952,-0.180331
0.599521,0.281319,-0.379233
0.946753,0.303178,-1.056799
0.150193,0.447687,-1.118507
1.457525,0.265739,-1.475716
-0.113334,0.546623,-1.563397
0.474227,0.427505,-1.413894
0.422974,0.370136,-0.864381
1.080275,0.387635,-1.948753
0.005549,0.399992,-0.515872
0.386615,0.309842,-0.311857
-0.308123,0.469397,-0.643941
1.070709,0.116678,0.314472
0.023918,0.508699,-1.444628
0.399538,0.285968,-0.132111
-0.221191,0.503263,-1.049313
0.466282,0.458449,-1.659452
0.528670,0.274383,-0.220419
-0.460800,0.558543,-1.165932
0.682229,0.156484,0.539019
1.096394,0.109309,0.338959
1.500136,0.319662,-1.984285
0.746919,0.429134,-1.817023
0.505466,0.324026,-0.599418
-0.431656,0.578705,-1.374961
0.835320,0.264036,-0.572632
0.530618,0.257672,-0.084463
0.739557,0.169359,0.350225
0.178142,0.320528,-0.102729
0.002060,0.534892,-1.630864
0.933101,0.124198,0.448644
0.256978,0.425495,-1.086828
1.178917,0.102288,0.279347
-0.514127,0.601150,-1.443472
1.474022,0.272291,-1.553683
0.931936,0.329576,-1.254801
1.268391,0.265475,-1.203307
0.436273,0.340188,-0.634741
1.038776,0.087432,0.602906
0.451541,0.351403,-0.749661
1.325539,0.271488,-1.334877
0.447399,0.253338,0.070411
-0.432493,0.594171,-1.502163
0.994317,0.106729,0.506214
-0.436967,0.526808,-0.936510
0.805870,0.324486,-1.032423
1.228960,0.366448,-1.985280
0.209329,0.402621,-0.828840
0.781590,0.365202,-1.335776
1.271524,0.104942,0.125006
0.654566,0.198741,0.227711
0.300599,0.385815,-0.819715
1.151338,0.036917,0.861475
0.640000,0.327130,-0.817400
-0.724553,0.632002,-1.398982
1.177240,0.253912,-0.977086
0.670575,0.441860,-1.813602
1.149632,0.360781,-1.824895
-0.038772,0.496817,-1.256417
0.912956,0.276542,-0.787376
0.483867,0.310324,-0.454805
1.438797,0.219777,-1.067376
1.058993,0.190818,-0.284315
-0.604387,0.606418,-1.358258
1.028052,0.271850,-0.912863
1.418013,0.293374,-1.648700
0.764438,0.147931,0.492578
-0.485123,0.545850,-1.025797
1.142075,0.354316,-1.760424
0.679090,0.375709,-1.276563
-0.361552,0.556535,-1.291053
-0.698119,0.597527,-1.150528
0.409356,0.259256,0.075636
1.129139,0.210483,-0.547802
-0.554887,0.595865,-1.341366
0.798500,0.318947,-0.975914
0.844624,0.098647,0.787184
0.216735,0.482910,-1.506005
0.310081,0.491560,-1.711181
0.976287,0.124730,0.382527
0.247773,0.301883,-0.047408
-0.668642,0.601568,-1.226185
0.861686,0.398105,-1.723381
1.291209,0.204956,-0.733467
1.272765,0.294326,-1.449087
0.533694,0.402464,-1.290961
0.773316,0.199251,0.053821
0.852831,0.198893,-0.056811
1.452264,0.254365,-1.373776
0.641709,0.226169,0.018366
0.570389,0.271532,-0.256357
1.198927,0.105953,0.220331
0.039913,0.467399,-1.124600
0.685740,0.144616,0.632536
1.059120,0.274993,-0.983345
0.916470,0.272152,-0.755949
0.786447,0.130130,0.608922
-0.367240,0.545357,-1.190124
0.780177,0.410612,-1.710760
0.114828,0.341807,-0.188931
1.320083,0.292666,-1.502908
1.397798,0.324136,-1.875212
1.220449,0.115270,0.112230
-0.120089,0.543733,-1.529746
-0.887145,-2.579914,-1.474667
-0.980981,-1.371924,-1.453957
-0.879498,-2.825897,-1.431937
-0.763843,-2.969560,-1.544037
0.861012,-0.712412,1.429639
0.825139,-0.119250,1.398011
-0.754051,-2.185211,-1.542765
-0.742836,-2.607135,-1.550679
-0.734820,-2.461480,-1.551598
-1.041484,-0.537965,-1.437044
-0.772094,-1.990929,-1.535166
-1.969980,0.484755,1.602859
-1.977373,0.479322,1.658530
-1.914933,0.503746,1.366549
-1.294606,0.672111,-0.917532
-1.422541,0.676918,-0.774662
-1.374007,0.691332,-0.963675
-1.256722,0.687333,-1.098040
1.018816,-0.004708,1.396392
-0.625273,0.124047,-1.575764
0.461595,-0.019198,-1.939323
0.260251,0.009047,-1.886152
-0.768746,0.146747,-1.559238
1.802554,0.393446,-1.243494
-0.016970,0.417265,1.158332
0.304242,0.532580,-0.257969
0.481507,0.375126,0.796002
0.397384,0.342910,1.183655
-0.665904,0.535162,1.106656
1.602671,0.193489,0.702183
1.852018,0.295179,-0.498320
0.879974,0.389903,0.104021
0.629425,0.379723,0.546500
0.684509,0.490224,-0.449609
-0.682358,0.498037,1.438385
1.275003,0.169135,1.372521
1.631513,0.374940,-0.845478
0.515588,0.538032,-0.605186
1.727281,0.493555,-1.967083
-1.586864,0.579242,2.056477
0.940835,0.223252,1.400654
-0.179419,0.336165,2.063735
1.806011,0.462724,-1.823597
-0.657253,0.537557,1.074409
-0.999877,0.478870,2.051157
1.140015,0.267673,0.747291
0.250809,0.429018,0.678175
-1.309276,0.591785,1.555745
1.072405,0.251521,0.977981
0.825971,0.331092,0.669445
-0.809588,0.495414,1.641934
-1.538215,0.592605,1.876028
-0.333596,0.384643,1.881536
0.853724,0.509737,-0.853374
-1.375983,0.563722,1.884039
0.446786,0.254279,1.848912
1.382658,0.445287,-1.073978
0.714120,0.512383,-0.675883
1.077535,0.319064,0.409888
2.270514,0.415834,-2.097946
-1.428951,0.593071,1.716051
1.854449,0.315604,-0.671370
-0.639850,0.401397,2.179987
-1.005774,0.492198,1.948931
1.550901,0.478529,-1.590338
-0.873131,0.437255,2.215571
0.730382,0.284118,1.196000
0.252624,0.332827,1.474189
-1.624241,0.586321,2.051107
1.201735,0.176949,1.412326
1.119349,0.254959,0.882369
1.808640,0.306983,-0.534351
0.796094,0.322597,0.782659
0.307004,0.447602,0.443599
-0.188606,0.525567,0.504391
-1.777241,0.606144,2.105121
1.382471,0.161975,1.278418
1.442316,0.284660,0.174360
1.205041,0.359731,-0.109910
1.012962,0.340674,0.322733
-0.373653,0.409729,1.730493
0.484716,0.386830,0.694247
0.377457,0.338934,1.245132
2.015095,0.455135,-2.059310
0.590242,0.528726,-0.634582
1.119137,0.202883,1.315022
1.021009,0.377664,0.004136
0.631613,0.454064,-0.073826
1.167841,0.411885,-0.489760
1.194058,0.165859,1.515360
0.891118,0.394633,0.048833
1.645589,0.249431,0.176419
1.507184,0.397032,-0.851264
1.643802,0.383245,-0.931989
