-0.040188,-0.969348,0.858150
-1.784585,0.911046,0.047270
0.248296,-0.411998,-1.601571
1.412815,-0.827024,1.577082
-3.417691,2.968907,0.760126
1.344493,-0.777927,-1.796952
3.187496,-0.425390,-0.206785
0.713866,-0.192379,0.340513
0.184432,-0.715515,-1.056082
0.438691,-0.084465,1.448288
0.883351,0.551116,-0.013371
0.388961,0.061266,-2.127228
0.609018,-0.077334,-1.450921
-3.343051,0.881636,0.619361
1.770151,-1.002045,-0.521934
0.179675,-0.178276,-0.801324
0.120204,-0.100772,-1.094839
0.766067,-0.647069,-1.913382
-1.969880,0.425095,0.819809
0.110326,-0.189292,0.888571
-3.490253,0.980938,1.074882
0.848248,-0.916445,1.202201
1.243379,-0.327169,1.388964
-3.243658,0.600169,0.653456
0.734419,-0.555810,-1.910504
-0.996764,0.920653,0.054407
1.002869,-0.643037,1.688118
-0.107415,-0.270745,-0.840146
-0.513131,0.528492,0.518925
0.968056,-0.326972,-1.332802
-0.347813,-0.208632,-0.405442
-0.841988,0.707829,-3.573534
2.963802,-0.718815,-1.021294
0.555456,0.463021,0.226252
3.322300,-1.186143,-0.704928
1.174572,-0.433275,0.377806
0.484903,-0.433315,-1.646986
-1.432242,-0.349778,0.178083
-2.521271,0.792830,0.844724
1.537862,-0.002109,0.152894
3.366650,-0.355980,-0.953875
-0.199890,0.046808,-1.708442
1.399811,-0.307991,-0.732387
1.550823,0.441770,-0.309535
1.597336,0.435481,-0.298107
-0.839956,0.742196,-0.143532
1.079228,-0.374737,0.490683
-2.072397,-0.045855,0.556510
1.255313,0.149823,-0.640026
1.454867,-0.587285,0.056482
2.020529,-1.032610,-0.237533
-2.212248,-0.008553,0.376373
0.985552,-1.042587,-1.906731
-2.074031,-0.043534,0.259400
-2.544985,0.324474,0.752688
2.118324,0.231767,-0.153654
2.543196,0.183962,-0.295583
1.321715,-0.818529,-1.703651
-3.323489,1.083235,0.244883
0.505427,0.508323,0.207272
-0.512119,0.431760,-2.790464
-3.327298,0.683248,0.588949
0.717788,-0.347454,-0.217796
-1.291738,1.015861,-4.371587
0.847670,0.455854,-0.417941
1.375346,-0.447139,1.402752
1.157558,-1.133528,-1.932673
1.110404,-0.334879,-1.611858
0.379216,0.040283,-1.770894
-3.276650,1.050030,0.522301
-0.055118,0.058091,2.125395
-0.452027,0.294484,3.145031
1.151315,-1.213997,1.330450
0.937172,-0.458639,0.304387
0.549329,-0.314178,0.381847
-0.037572,0.329596,-2.823352
0.639297,-0.371937,1.421650
0.261939,-0.228115,0.596490
-0.106487,0.205169,-2.154415
-0.160520,0.250455,-2.284563
2.748587,-1.206576,-0.632273
0.624791,-0.283747,-0.407914
1.551512,-0.523469,-0.734542
1.366407,-0.423415,-1.905939
0.190849,-0.403317,1.597965
-0.072636,0.125141,-1.919612
0.072370,0.087875,2.276074
-0.032815,0.141315,2.506967
1.332352,-0.809075,1.373052
1.289474,-0.551334,1.410097
-3.106217,1.062796,0.309169
0.733957,-0.480255,-1.711796
1.463298,-0.432248,-1.765731
2.959138,-0.872123,-0.155553
-3.194130,2.837035,0.704282
0.915484,-0.989147,1.487337
0.845903,-0.250588,0.737523
-0.179777,0.414932,-2.924287
3.600421,-1.056694,-0.976358
2.740420,-0.915232,-0.914411
0.713910,-0.276697,-0.463039
1.530722,0.376019,-0.075098
1.338159,-0.724464,1.250390
1.332837,-0.731543,1.362144
3.321399,-1.592999,-0.682598
2.202286,-0.330993,0.052304
-0.415880,0.176962,-2.297901
-0.354453,0.114331,-1.944372
2.899888,0.004164,-0.816523
-0.366056,0.550580,-0.289279
-1.371171,1.180066,-4.636123
-0.726973,0.400296,3.622540
2.097753,-0.939826,-0.117549
0.843625,-0.859736,0.021743
1.337172,-0.942959,-0.052798
1.365479,-0.944907,-0.137619
0.166675,-0.010050,2.542012
1.364459,-0.512772,-0.534509
1.380768,-0.570625,0.218947
2.667879,-0.790577,-0.084750
-1.295486,0.609580,-0.161543
-0.453109,0.567172,-3.267722
-1.715468,0.003364,0.693398
-2.834696,0.971270,0.530585
1.221449,-0.282861,-1.837436
-1.497897,1.002802,0.116559
-0.655633,0.813324,-0.077380
0.948098,-0.276958,-0.664253
0.250776,0.153016,0.427910
-0.133547,-0.357859,1.391915
-0.894186,-0.183546,0.562214
-3.214228,1.052462,0.790990
-0.569144,0.349008,-3.020011
1.259433,-0.512830,-0.714531
2.439369,-1.050887,-0.725673
-2.373309,0.377127,0.805663
3.132457,-1.247025,-0.466495
1.323903,-0.471519,-1.995088
1.191421,-0.376060,-1.779266
2.956035,-1.246163,-0.684915
2.233801,-0.494353,0.042960
0.226607,-0.060415,-1.928764
0.170302,-0.045852,-1.928958
0.705303,-0.395506,1.408496
-0.804651,-0.287511,-0.174643
0.748177,-0.305988,-1.871173
-0.447907,0.517069,-0.301022
-3.795041,3.696405,0.852081
-3.577571,1.267405,2.047097
2.135895,-0.436388,-0.877354
-1.182482,0.712815,-0.132663
0.551546,-0.268331,-0.444014
-0.119944,-0.230347,1.252062
-0.148865,-0.199115,1.381450
1.430126,-0.690357,-0.736415
-0.027084,-0.220336,1.376377
0.003934,-0.269131,1.161495
0.080810,-0.257811,1.279863
-2.001892,-0.114012,0.320802
-0.014286,-0.146365,-0.970232
0.061143,0.338222,0.431631
0.410620,0.503618,-0.371411
-1.738119,0.709525,-0.053669
-0.182956,-0.334037,0.548479
-0.088273,0.182763,2.708397
-2.987036,0.446853,0.525151
0.157022,0.062617,2.512898
1.065617,-1.114142,-1.907117
0.137892,-0.155530,-1.573588
-0.746374,-0.108952,-0.272418
-0.951143,-0.427575,0.336800
3.298357,-1.619278,-0.635594
-0.442552,0.339055,-2.761569
-0.116541,0.189825,-2.522641
0.094764,0.061477,-2.251269
0.391055,-0.068583,-2.054473
0.146371,0.012357,-2.120204
-0.261131,0.292826,-2.763989
0.246184,-0.023736,-2.082105
-0.042362,0.135353,-2.392481
-0.044118,0.189262,-2.589032
0.028153,0.105984,-2.352024
-3.490567,1.028420,0.802136
0.550769,-0.135150,-0.576480
-1.045758,-0.343371,-0.040961
0.853965,-0.996813,1.215799
0.751890,-0.365443,-1.593629
-0.540543,0.837106,0.272586
-0.507460,0.624953,-3.544307
2.671747,-1.069844,-0.241565
1.221974,-0.330787,-1.970632
0.697446,-0.565017,0.346875
0.311437,-0.080733,1.401685
-0.760699,-0.491981,0.241925
-1.342889,-0.368544,0.162749
-1.211815,-0.397284,0.145430
-0.106425,0.162511,-2.026500
0.132592,0.173257,-2.143572
-0.543800,0.602567,-3.336853
0.267399,0.108159,-1.991965
-3.116819,1.053995,1.012479
0.156899,-0.438795,-0.520499
1.312715,-1.114288,-1.707840
1.531485,-0.232063,-0.761578
-0.588053,0.427149,0.569186
1.286234,-0.682787,0.168020
0.119196,-0.439148,-0.436636
0.962842,-0.451558,1.197801
0.092281,-1.113787,0.887782
-3.002199,1.078202,0.441514
0.599973,-0.272587,0.223459
-3.368223,2.938071,0.686691
-0.241491,-0.173803,-1.008613
2.874814,-0.894772,-0.961695
-2.770914,0.789377,0.746071
-2.677214,0.756066,0.664047
-0.579362,0.159659,-2.284862
0.838116,-0.233451,-0.643906
1.682663,0.377803,-0.154519
-2.911157,1.583647,0.560955
2.173515,-1.094704,-0.343549
-1.482992,0.335921,-0.173258
0.525993,-0.183183,-0.812588
1.391902,-1.150904,1.473431
-0.447545,-0.147897,-0.362348
0.570788,-0.179871,0.833972
-2.419785,1.269530,0.465823
-0.701562,0.182961,0.623667
0.425486,-0.146930,-0.932209
-3.322656,0.953401,0.805707
-0.981507,0.943406,0.320343
0.939037,-0.978609,1.640424
0.523435,-0.597648,1.479339
-0.915342,0.470004,3.948763
1.392762,-1.231973,1.327291
-0.369271,0.292271,3.143651
0.153595,0.018259,1.953541
1.472114,-1.243174,1.227476
3.346609,-0.546917,-0.257314
-0.783213,0.461213,-3.008181
-0.317210,-0.010582,0.536224
1.353623,-0.939864,1.395125
1.305605,-0.698662,-1.963807
0.200642,-0.467869,-0.529587
-2.853807,1.614190,0.551494
-3.460035,1.074066,0.605856
-0.151148,-0.035883,1.818879
1.629247,0.199770,-0.646705
3.378245,-0.184216,-0.483786
-1.592459,0.243281,-0.134656
0.269469,-0.246228,0.436741
-3.589632,1.332315,-0.701224
-2.130740,0.401795,0.030965
-1.411135,-0.118727,0.640401
0.003021,-0.166017,1.668246
-0.185735,0.366610,-3.103712
1.275702,-0.522824,-1.963013
3.401944,-1.051442,-0.344346
-0.278009,-0.626715,0.184775
-1.594978,1.013351,0.530714
0.444973,-0.532960,-1.654132
1.218681,-0.393260,1.494739
3.664105,-0.887568,-0.416814
-2.301778,1.162720,0.400399
0.097988,-0.730686,0.226824
0.003281,-0.703058,0.169644
0.255878,0.054312,-1.737144
0.915367,-0.345769,-0.324591
1.212884,-0.632108,-0.725892
1.346979,-0.388856,1.318784
-2.795398,1.147969,0.461133
-0.241007,0.099126,-1.872801
-2.164670,0.856294,0.788344
1.370913,-0.622272,0.190389
1.965250,0.253867,-0.611168
-2.046810,0.389567,0.001634
-3.871480,1.318305,2.322826
0.790681,-0.176391,-1.217475
0.784432,-0.557362,-0.642658
0.923162,-0.442434,1.399716
-0.313038,-0.498804,0.494250
1.867032,-0.707643,0.046034
2.705739,-0.149774,-0.919981
0.327093,0.034232,-1.689947
-1.776686,0.512323,0.802082
1.011589,-0.557466,-1.496211
3.410543,-1.384549,-0.824959
1.178112,-1.130815,1.559682
0.667219,-0.531805,-1.622153
1.261962,-1.258524,1.343034
0.078552,-0.155777,-0.905016
3.292548,-1.684365,-0.656418
1.770851,-0.039910,-0.766579
-0.771676,0.759207,-3.992879
-3.239565,1.042258,0.626705
0.405656,0.636378,-0.214623
-2.890593,2.114228,0.630946
-2.218507,1.122563,0.474465
0.733709,-0.144141,-1.294911
-0.214584,-0.279071,0.935548
-0.208192,-0.241628,1.124305
0.829884,-0.520183,1.550121
-0.718998,0.464799,-2.954500
0.579201,-0.103828,-1.210465
0.300534,-0.469959,-0.494790
-2.065516,0.415240,0.820903
1.241040,-1.219659,1.457742
1.301442,-0.448534,0.134142
-0.636740,0.683793,-3.591261
-0.197875,-0.347760,1.485052
1.340981,-0.543970,-2.107458
-0.576458,0.788005,0.364904
2.677301,0.059196,-0.218556
-0.511089,0.234897,2.942835
-1.148749,-0.219857,0.562984
0.991880,-0.403751,1.556989
0.028187,-0.923832,0.766482
-0.851982,0.475564,4.128946
-0.197952,-0.266354,-1.372929
-3.414911,3.109387,0.701523
1.324701,-0.593198,-1.768966
1.073682,0.390259,-0.480026
-3.081335,0.823010,0.672203
-3.652632,2.916885,0.793913
-3.625276,1.257344,1.978144
-2.735176,0.378562,0.728688
1.159840,-0.407495,-0.391616
-0.287934,-0.050754,1.998828
-1.058186,0.337013,-0.251882
0.824336,-0.736044,-2.000223
0.901671,-0.665947,0.305402
0.089094,0.105607,2.529064
3.346848,-0.109771,-0.614744
-0.234783,-0.151595,-1.320272
-0.334145,0.272027,-2.338502
-2.338437,0.535497,0.840586
-1.124422,0.796026,0.562988
3.223332,-0.170003,-0.877251
1.266367,-0.394191,-2.058504
0.505114,-0.030072,-2.070235
0.446711,-0.305120,-0.302539
0.897271,-0.902587,-1.853908
0.796676,-0.498037,1.620941
-3.338669,1.466798,0.683362
-0.241198,-0.139944,1.487017
2.023933,-1.053700,-0.511323
-0.806257,0.159331,-0.302958
-3.383765,0.916798,0.711249
-0.636087,0.323390,0.601615
2.931282,-1.067801,-0.887338
1.307878,-0.671887,-1.842845
-1.073304,0.466776,0.678686
0.766651,-0.755472,-1.539873
-3.312639,0.764840,0.800726
-0.068684,-0.272010,-1.461775
-2.012364,1.121611,0.299241
0.165630,-1.107808,0.828998
-2.969697,1.990841,0.584811
-1.563733,-0.274417,0.467358
0.704666,-0.532903,1.497047
1.163437,-0.323111,-2.003256
-3.310084,1.338920,0.651335
-2.827253,0.817075,0.378508
-2.918061,0.837053,0.391336
-0.041532,-0.109493,-1.384727
1.719479,-0.615432,0.095114
1.041367,-1.063475,1.146498
-0.489391,0.379990,3.546418
2.789623,-1.112283,-0.282525
1.265346,-0.300049,0.231374
-1.597775,-0.156752,0.033287
0.093598,-0.124582,-1.012598
1.391735,-0.820680,-1.587874
1.140767,-1.190229,1.500077
-3.532927,2.636349,0.713245
2.768635,-0.288819,-0.084104
-2.545660,1.221771,0.482443
-0.134072,-0.308413,-0.480364
0.494113,-0.102568,1.755047
-0.011212,-0.426773,-0.488317
0.294881,-0.495122,0.286677
0.442549,0.532582,-0.344704
0.148023,-0.401862,0.455464
-2.995363,1.033573,1.147431
1.313037,-0.924067,1.175597
2.285922,-1.123507,-0.401540
1.326132,-0.786484,-2.043466
2.271396,-0.446359,0.042086
3.081333,-0.316105,-0.985023
-0.661380,0.368114,3.480406
-3.405018,2.018164,0.722947
-0.008786,-0.889576,-0.854057
3.294114,-1.354492,-0.666916
1.268562,-0.906646,-1.720223
1.094388,-0.287042,-1.694935
-3.336795,0.716303,0.763138
-2.085589,0.834807,0.434738
-0.173236,-0.270005,-0.453302
3.160758,-1.230199,-0.441124
2.592700,-1.169407,-0.624522
-3.694582,0.934601,0.764854
0.973785,-0.291527,-1.827920
-3.081078,1.741807,0.598068
0.004350,-0.468952,-0.218455
0.952981,-0.694652,-0.287547
1.246737,-0.747513,-0.371690
0.931187,-0.666818,-0.368954
-0.186362,-0.451198,-0.103133
0.243522,-0.495690,-0.346585
0.316896,-0.518180,-0.333652
0.338838,-0.075428,-1.980006
-2.912663,1.086315,0.750837
-0.120379,-0.385276,0.211822
2.644093,-1.135594,-0.707522
2.823686,-1.025268,-0.209993
1.106903,0.494811,-0.348002
0.986823,-0.716140,-1.511799
1.287340,-1.210067,1.231718
2.028472,-0.407085,0.088208
0.837124,-0.286314,-1.859185
-0.395195,-0.520016,-0.313249
1.230309,-0.443366,-0.122269
-0.141892,-0.335457,1.501533
0.064443,-0.845150,-0.843900
-1.413809,-0.334568,0.128549
0.787697,-0.192019,-1.560016
0.968329,-0.410605,-1.559573
0.782487,-0.304540,1.346821
-0.326800,-0.602934,-0.074793
-2.610342,0.321148,0.729641
1.316933,-0.953267,-1.943824
2.119151,0.294646,-0.533049
0.457636,-0.251421,0.361950
-0.872194,0.900434,0.344204
0.313170,-0.301371,0.426943
-3.506592,1.203601,-0.102164
-1.818883,-0.081523,0.102170
3.180593,-0.720452,-1.038056
2.366728,-0.305954,0.016630
-2.167426,0.349433,0.807566
1.222056,-0.107932,-0.694184
2.605789,-0.006961,-0.840373
-2.794863,1.425756,0.534854
0.360200,0.621404,0.144419
0.067496,-0.048937,1.618990
-0.322501,0.493566,-3.086693
-0.724251,-0.462455,0.341142
1.736932,-0.240496,0.143386
-0.754202,0.588466,-3.382414
2.541186,0.088546,-0.187454
2.560016,0.030193,-0.146310
0.851324,-0.450348,1.389034
-0.896805,0.947448,0.197690
-0.697271,0.899617,0.115346
1.306015,-0.737713,1.166011
-0.275716,0.750894,0.269453
1.386765,-0.734180,-1.842332
-0.605731,0.393927,-3.069847
1.066301,-0.350520,-1.035293
1.743801,0.177139,-0.668750
-0.579754,0.485829,-2.944120
-3.777174,1.360507,-0.629859
-3.595406,1.108144,0.070560
0.510148,-0.515566,-1.713869
-0.208590,-0.418461,0.181020
0.818448,-0.197463,-1.392120
0.253227,0.014298,2.003119
1.217934,0.012804,0.227857
1.821685,-0.600133,0.086308
-3.465414,1.248680,-0.230927
3.694872,-1.281968,-0.713534
-0.476815,-0.540880,0.437676
1.343873,0.180200,0.141452
0.926443,-0.293132,0.708140
-0.776790,0.784036,0.446393
0.049560,0.123784,2.661089
0.245338,-0.950915,0.808645
1.265076,-0.724173,1.154571
0.872143,-0.329164,-0.008887
-0.258382,-0.051274,-0.408619
0.015894,-0.804340,-0.848360
0.250115,-0.446907,0.912994
3.607747,-0.929934,-1.009451
0.128072,-0.606185,0.809103
0.007559,0.144340,2.767882
3.586330,-1.246856,-0.553608
-0.121085,-0.145380,1.668534
0.286549,0.157630,-0.503010
-3.688816,1.250086,1.975481
0.883925,-0.722122,1.126318
-3.498787,1.132094,1.475994
0.399491,0.579015,0.187476
-2.330322,1.174273,0.500875
1.550956,-0.510753,0.149636
-0.241820,0.032708,-1.685540
0.206732,0.023503,2.002889
-3.073285,1.856763,0.664520
-3.252649,2.848849,0.720622
-2.318247,1.057441,0.438913
0.062413,0.747732,0.039315
-3.102966,1.166130,0.595367
0.041532,-1.044734,0.657708
-0.306731,0.246849,-2.267661
2.275633,-0.519495,0.032793
0.639450,-0.412583,-1.675695
0.184804,0.056173,2.243481
1.263975,-0.692874,1.247153
-2.602797,0.766002,0.740325
1.296747,-0.907362,1.028641
-1.384288,0.969326,0.498453
0.842179,-0.417041,1.572033
-2.144290,0.062758,0.658581
0.611637,-0.156557,-0.978020
3.022506,-0.933815,-0.186153
-2.860865,1.322620,0.544940
3.236162,-0.288064,-0.282757
-1.921354,1.073198,0.218718
2.903252,0.133435,-0.569756
0.733942,-0.436639,1.494152
1.315269,-0.477513,-1.782717
1.857264,-1.013456,-0.228317
0.310892,0.018664,-2.299028
2.534067,-1.062871,-0.750280
-0.970451,-0.314914,0.478154
1.428901,-0.801220,-2.161049
-3.560891,2.664783,0.771699
-1.385566,0.784852,-0.076153
0.386788,0.527749,0.234227
0.733252,-0.398532,1.564600
-0.039314,-0.163352,1.141066
1.192190,-1.105739,1.144916
1.319196,-0.490645,-0.086349
0.484327,-0.281579,-0.578203
-0.034188,0.280656,-0.429421
-3.672904,3.333698,0.817120
0.621634,-0.245461,0.409180
-0.639070,0.481784,-2.934120
-0.194881,0.164581,3.132436
-0.326826,0.220588,3.300890
-0.238710,0.171429,3.130510
-0.492259,0.318479,3.647760
0.384620,-0.160624,2.004239
-0.601262,0.339712,3.664209
-0.640236,0.355813,3.712161
-0.658668,0.421145,4.018175
1.207622,-0.894034,1.057861
0.174301,-0.501060,1.526747
-1.411446,0.843239,-0.041906
0.218471,-0.138625,-0.943442
1.369340,-0.400732,-2.039336
0.731553,-0.419740,1.327111
1.335242,-0.687677,-1.800879
-3.153834,1.086719,0.243669
0.374744,-0.517335,1.559983
-0.727242,0.492408,4.022430
2.794889,0.167292,-0.585038
1.397882,0.433919,-0.095640
0.721891,-0.477004,0.344668
3.492501,-0.421414,-0.391453
2.674015,-0.920009,-0.137909
1.298285,-0.661929,1.179700
1.589426,-0.803118,0.100082
-0.936224,-0.462563,0.130416
-3.717920,1.176453,1.789326
-0.250684,0.266811,3.075571
1.367458,-0.510276,1.279882
0.491561,-0.370116,0.391251
1.075619,-0.869336,-0.537053
2.122885,-0.185411,-0.857557
1.191507,-0.741945,-2.127392
-0.048778,0.278454,0.473477
-3.285978,1.863260,0.644739
-0.458195,0.250082,-2.306172
-0.231932,-0.296001,-0.629440
-0.211242,-0.233818,-0.877885
0.085945,0.153486,-2.043063
-0.506360,0.546153,-3.149384
0.705069,-0.597566,-1.958467
1.042472,-0.833559,1.684095
0.989584,-0.882079,-0.066783
1.281269,-0.928392,-0.199206
1.465761,-1.060975,-1.736494
0.765686,-0.953487,-1.724085
1.026446,-0.287237,-1.628005
1.462627,-0.775079,-1.629615
-2.804489,1.259686,0.596865
0.649165,-0.253978,-1.617697
0.260229,-0.269056,-1.194567
1.245939,-0.592120,-0.860155
0.770447,-0.278837,0.200562
0.218410,-0.024788,-1.385465
0.933291,-0.354023,-1.973456
2.337136,0.260898,-0.312569
1.832034,0.375510,-0.262146
0.432813,-0.459161,-0.659497
0.926196,-0.646154,-0.440227
0.080165,-0.318724,-0.841388
0.431106,-0.500653,-0.505732
-0.004853,-0.362087,-0.602341
0.500805,-0.478908,-0.651664
0.208290,-0.395421,-0.681654
0.951214,-0.313876,1.328957
-1.508442,0.648886,-0.121239
1.493198,-1.168381,1.124033
2.298724,-0.750770,-0.861957
1.361316,-0.905334,0.104021
1.193749,-0.883476,0.127360
-1.021545,0.647430,4.783441
-0.594558,0.161877,3.217517
-3.092079,0.835954,0.722463
-0.012341,0.018714,1.961058
-0.594866,0.374454,3.491913
2.843659,-0.636999,-1.006978
0.130967,-0.484200,0.456427
2.229014,-0.865896,-0.070973
-0.316424,0.475411,-3.004998
1.381199,-1.165477,-1.815567
0.585326,-0.292803,-0.597647
0.728280,-0.359429,-0.626567
-0.223895,0.447599,-3.102980
3.425607,-0.381364,-0.947865
0.914323,0.193877,0.257563
-0.950980,0.481157,4.075633
0.853949,-0.274791,0.241450
-0.152061,0.200363,-2.134510
-3.367107,2.029103,0.665805
0.719815,-0.321487,-1.437247
0.128043,-0.302837,-1.667996
-1.382280,-0.283883,0.509167
0.650530,-0.528600,1.507422
-0.028521,0.165138,2.748260
2.207340,-0.136633,0.021785
2.773664,0.095974,-0.299154
3.605226,-1.287595,-0.754427
-2.899986,0.973250,0.352242
-0.444338,0.156617,-2.090617
-0.690964,0.419610,-2.822944
-0.562464,0.299317,-2.502577
0.042172,-1.080234,0.907773
1.082727,-0.670335,1.680683
-3.551429,2.859514,0.720363
1.668963,-0.969008,0.022017
3.547811,-0.595634,-0.997334
1.997584,-0.023446,-0.791344
-1.279988,0.992691,-4.311237
1.113157,-0.876524,0.133247
1.344398,-1.035992,-1.842055
3.358191,-0.258620,-0.386300
3.882260,-0.926910,-0.607901
1.391679,-1.224677,1.249982
-2.828140,0.930487,0.572427
-2.485137,0.853759,0.173492
-1.667585,-0.166677,0.083126
-0.100588,-0.297340,-1.355624
-3.713511,1.248548,2.124284
-3.285237,0.934748,1.026179
-3.495170,1.037521,1.335295
0.032573,-0.900196,-0.977631
-0.812308,-0.018581,-0.278696
-2.291508,0.583845,0.076576
0.079345,0.713259,-0.133224
1.104601,-0.335571,0.181024
1.532628,-0.736425,-0.730918
0.806804,-0.839091,1.646372
2.088541,-1.002948,-0.176251
-0.800455,0.434070,3.966553
1.096179,-0.763830,-1.507223
0.847366,-0.553691,0.446196
0.732404,-0.468613,0.771324
1.253023,-0.699510,0.058688
0.875475,-0.474200,0.860213
0.838750,-0.451635,0.940861
0.903828,-0.502452,0.743826
0.459680,-0.419697,0.790553
0.310636,-0.349772,1.014159
0.719878,-0.422548,0.987977
1.230626,-0.706420,0.006426
0.989736,-0.602299,0.323274
0.845004,-0.528090,0.570115
0.687519,-0.522585,0.470016
0.438811,-0.369434,1.020588
0.153600,-0.336538,0.951074
0.958138,-0.507203,0.764661
1.318524,-1.041832,1.153011
-3.304221,1.480102,0.645244
1.331701,-0.959666,-2.037606
-0.168845,-0.586252,0.434393
1.071154,-0.978031,-2.050413
-1.723893,-0.248562,0.359316
-0.277154,-0.054586,-1.473167
-0.218406,-0.138854,-1.219263
1.085256,-1.051239,-1.665262
0.332046,-0.144246,1.020269
2.957036,-0.180614,-0.938876
1.421410,-1.101761,1.501997
1.251303,-0.514042,-2.098232
1.789403,-0.637471,0.079006
1.200012,-0.962781,-2.097496
0.979535,-0.507764,-0.678256
1.528280,-0.636503,0.113159
-0.922040,0.648089,0.581531
0.304090,-0.045858,-1.319777
3.421514,-1.144499,-0.695687
1.333245,-0.520732,-0.367332
-0.602911,0.453471,3.914878
-0.749714,0.717694,-3.640725
-2.041175,0.584822,-0.003629
1.906104,-0.367532,-0.833892
0.798208,0.142834,0.298853
1.068320,-1.106012,-1.834337
1.305062,-0.918593,1.335081
-0.169579,-0.392697,0.246985
-3.044543,1.096333,0.106233
0.636785,-0.781019,1.490684
0.999677,-0.654454,-1.489024
0.053300,0.251558,0.454945
1.155805,-0.105224,-0.682543
3.110215,-0.072174,-0.832570
-1.454351,-0.205678,-0.005652
1.038860,-0.520203,1.141243
1.200795,-0.476524,-0.966820
-0.287763,0.675084,0.358343
1.972734,-0.811227,-0.019786
0.025082,0.131051,2.509934
0.323553,-0.104006,2.217849
1.221475,-0.546840,1.110416
-1.415429,0.194212,-0.178699
0.326161,-0.507103,-1.659067
0.107477,-0.672894,0.620260
-3.067539,1.075343,-0.113700
-1.601196,-0.112470,0.638851
0.423468,-0.344737,1.130329
0.613035,-0.367066,1.173765
1.283490,-0.543247,1.090600
-2.506351,0.559568,0.842652
0.859671,-0.927661,-1.612923
-0.407789,0.057468,2.594847
1.298924,-0.785895,1.207981
-0.189595,-0.626445,0.383718
0.838849,-0.304862,-1.525512
1.387311,-0.760574,1.601202
0.885359,-0.419968,1.084672
-3.655839,1.060383,0.728598
0.092314,0.273081,-0.448528
-2.714999,0.804291,0.321832
1.238858,-0.896766,-2.129364
3.310321,-1.341351,-0.502088
1.334019,-0.890927,-1.793294
1.299400,-0.496905,-1.591449
1.499771,-0.491934,0.162105
-2.030415,0.120739,0.726736
-1.460903,1.063566,0.312127
-0.429837,0.840247,0.035589
0.008843,-1.008469,0.833141
-0.807446,0.799396,-4.097766
-0.018131,-1.082075,-0.733978
-1.179350,0.430597,-0.220153
3.915915,-0.833451,-0.753335
1.122563,-0.405129,1.329176
-2.969279,0.869286,0.327451
-2.859906,0.864662,0.840186
0.048471,-1.151079,0.653464
-2.163687,0.283798,0.074504
0.853727,-1.003488,-1.793530
0.976763,-0.073809,0.291014
1.272938,-0.428773,-1.811931
1.653402,-0.935191,-0.692823
2.860139,-0.297005,-0.109973
0.916785,-1.015660,1.422865
0.315526,-0.028893,2.253820
-1.111634,0.987756,0.269489
0.878629,-0.145158,0.315666
-0.827020,-0.474746,0.274675
0.716605,0.425396,0.198626
-2.403712,0.618808,0.114706
0.307862,-0.302060,0.188591
-3.406987,1.200704,1.731085
-0.724538,0.573290,-3.355086
3.126789,-1.097541,-0.912809
0.482535,-0.785019,-0.338314
1.038648,-0.877170,-0.474090
1.345070,-0.929047,-0.513301
1.078895,-0.236814,-1.754111
-3.353644,1.186801,-0.048117
0.566960,-0.071469,-1.378170
-3.630757,1.217400,-0.174699
-2.864124,1.167503,0.514394
-0.399579,0.755045,0.325697
0.633419,-0.173290,0.931679
3.031090,-0.785758,-0.143858
1.492494,-1.246186,1.325602
-2.769531,0.951426,0.428433
-0.025218,-1.011079,-1.009579
-1.056464,0.675119,-0.163913
-1.026856,0.623640,4.572610
0.906127,-0.366418,1.097839
-3.665636,1.000453,0.770195
-0.472963,0.322797,-2.491152
-1.149551,-0.057998,0.645732
1.809109,-0.994955,-0.050865
1.255520,-0.568272,1.074936
0.056013,0.033954,-1.604103
-0.566000,0.050161,0.585878
-2.116785,0.402653,0.820274
-2.105218,1.144755,0.366324
-1.311142,0.828382,5.151335
0.739207,-0.804312,1.298173
-0.223935,0.203451,3.299087
-2.231084,0.221210,0.135388
-0.198170,0.026036,-0.421135
0.403594,-0.277518,0.252645
0.700599,-0.153140,-1.084040
1.423209,-0.789470,-0.734174
-1.617039,-0.189288,0.564275
-3.464640,1.181447,-0.297406
-0.045682,-0.314678,0.896794
0.054245,-0.308341,-0.366524
-1.079225,0.947835,-4.348258
3.325707,-1.427364,-0.516383
3.357605,-1.578073,-0.762537
0.123062,-0.328603,0.749840
-0.173249,-0.198362,-1.043478
-0.195360,-0.157824,-1.171638
0.005632,-0.273600,-0.516995
0.317517,-0.058289,-0.522991
0.025000,-0.599145,-1.046604
1.303187,-0.505698,1.340616
1.153571,-0.267688,-0.683779
-1.946193,0.220022,-0.000700
-2.681686,0.441243,0.785324
0.765367,-0.508282,0.335569
-0.386481,0.629379,0.431821
0.729353,0.194223,0.303036
-0.001228,-0.057742,-1.722915
-1.517758,1.204868,-4.599502
3.438925,-0.633119,-1.027153
-1.209425,0.931505,-4.191136
3.448398,-0.190889,-0.680848
-1.716611,-0.237727,0.245746
0.819698,-0.240868,0.872421
2.854880,-0.748776,-0.100021
0.326485,-0.595193,1.562477
-1.275186,0.710559,4.866601
-1.844797,0.157417,0.757342
2.910998,-0.408290,-1.006960
3.523432,-0.255368,-0.645452
-0.600960,0.372414,-2.734298
-0.822827,0.525826,-3.087451
-0.812532,0.574237,-3.275456
-0.692588,0.494729,-3.096511
0.071501,-0.978466,-1.028414
0.770757,-0.191642,-0.957464
3.370173,-1.264407,-0.532426
-1.763714,0.832668,0.720738
0.567822,-0.726146,0.304063
3.714871,-0.771416,-0.967798
-1.976602,1.130787,0.340586
-0.440453,-0.056813,0.551965
-0.259469,-0.221796,-0.865178
-3.269782,1.002710,0.423679
0.602197,-0.096161,0.368685
0.240107,-0.250500,-0.512070
-3.476461,2.974970,0.771709
-0.597224,0.639457,0.490469
0.916607,-0.815217,0.211595
1.092703,-0.499230,1.120356
-1.370641,0.691488,-0.126323
-2.879969,0.734087,0.309481
-2.687818,0.798121,0.235138
-3.224333,1.138932,0.083606
-0.427957,0.573382,-3.374105
-2.904221,1.023202,0.204341
0.109823,0.574352,-0.304308
0.405419,0.585648,-0.295239
-0.178807,0.237349,3.172505
-0.256733,0.099475,-2.356655
-0.089297,-0.034570,-1.387834
-3.315382,1.808185,0.702011
0.912956,-0.373182,1.290646
-1.161024,-0.335146,0.460485
-0.130786,-0.665829,0.304054
1.417623,-1.119701,-1.791501
-0.137443,0.177688,0.506929
-1.365360,0.523232,0.736419
1.421441,0.425969,-0.417094
-2.950719,1.050025,0.187140
1.075678,-0.592545,1.086237
-2.245792,1.139431,0.343113
-1.158592,0.737655,4.931560
-3.432307,1.119405,0.124864
1.378839,-0.729615,-0.738339
-0.042621,-0.393838,0.510107
1.048557,-0.349302,0.445385
0.495090,-0.135523,-1.007028
-3.059711,2.161391,0.669636
0.162028,-0.399723,1.511309
-3.346969,0.909064,0.866251
-2.985607,2.342126,0.653958
1.071389,0.456824,0.034568
0.178830,-0.701970,-0.901048
-0.328343,0.823154,0.134995
-1.259143,1.017938,0.298409
1.278878,-1.070635,1.420467
-0.550103,0.189249,2.819163
2.435259,-0.696605,-0.024432
1.540066,0.429686,-0.391599
-0.664697,0.101687,0.608671
1.395405,-1.174559,-1.880455
-3.613334,1.249532,2.201207
1.319808,-0.762787,1.489474
-2.769732,1.178531,0.585510
-0.760676,-0.472993,0.008455
-3.432541,0.962113,0.477894
-0.719088,0.514264,4.198880
2.478470,0.136277,-0.723046
-1.210131,0.621612,-0.169076
-1.546268,0.091801,-0.118296
3.483694,-0.554993,-1.002932
0.467079,0.120902,0.384918
-3.100024,1.242736,0.646759
1.227618,-1.132466,-1.964642
1.410258,-0.466964,1.175682
0.892789,-1.017690,-1.712486
0.774360,-0.308305,-1.606730
0.554784,0.635451,-0.006520
-1.799584,1.107278,0.425366
0.112455,-0.387035,0.938331
1.326542,-0.314970,-1.854289
-3.622240,1.279285,2.091225
0.384597,-0.154786,0.953567
1.344466,-0.683008,-1.958068
1.429367,-0.573433,-0.518913
-1.511752,0.479759,0.773094
-1.259369,-0.069077,-0.148645
0.183996,-0.533998,0.767411
3.270822,-0.143000,-0.828345
1.096169,-0.357384,-0.868535
-3.446438,3.197748,0.710493
-0.940254,0.705667,-3.564550
2.222534,-0.684606,0.007332
-3.109555,0.966125,0.719786
1.236339,-0.453476,-2.069090
-0.619996,0.002452,0.589585
-2.383788,1.046788,0.508478
0.579937,-0.275812,-1.752868
1.283752,-0.281230,-1.874396
3.625198,-1.243999,-0.564976
1.141499,-0.433117,0.528805
-0.205376,-0.271324,1.514906
3.255003,-0.607325,-1.037212
1.251072,-0.477418,1.558507
-0.516632,0.788379,-0.098489
0.645499,-0.509948,1.435117
1.301132,-1.054242,1.372917
3.194798,-1.289865,-0.638576
0.211754,-0.290809,-0.373216
-0.094287,-0.155601,-1.275339
0.944076,0.464243,-0.410633
1.137856,0.421198,-0.451630
1.373721,-0.698243,-0.672165
2.211938,-0.847544,-0.793273
-1.346121,1.091446,-4.495906
-0.071318,0.107953,-1.867962
0.029908,-0.708770,0.122487
-0.761946,-0.304466,0.484553
0.822250,-0.276023,-0.516350
-0.373710,0.086973,-1.901353
-0.316393,0.105643,-2.024328
-0.507974,0.383090,-2.861858
-1.493263,1.059762,0.254377
-0.577112,0.866652,0.040426
-1.364377,0.368849,0.750000
3.053991,-1.183150,-0.829714
-0.484743,0.394918,3.793452
-1.815807,0.005802,0.033177
1.143485,-0.718676,-1.509029
0.758651,-0.226382,0.636600
0.140015,-0.652384,-0.435614
0.713241,-0.638766,1.317930
0.205753,-0.607117,-0.490325
0.823733,-0.285694,0.179578
0.211561,-0.278780,0.779074
-2.551303,0.362128,0.242738
-2.079802,0.940706,0.115141
2.766666,0.022305,-0.226507
-1.250501,1.054078,-4.479573
-0.250291,-0.276875,0.916750
-0.264457,-0.187864,1.343826
-2.670162,0.917581,0.276334
-0.076796,-0.212812,1.372910
0.867896,-1.099068,1.404488
0.238933,-0.102474,1.272205
-0.251082,0.034522,-1.824805
-0.192340,0.020398,-1.828580
0.049084,-1.095307,-0.956428
0.807987,-0.547326,-1.996855
2.409644,-0.077579,-0.047579
-3.134710,1.463731,0.661249
3.089811,-1.121427,-0.886610
-0.131298,0.327690,-3.013450
0.968488,0.111094,0.264872
0.475531,0.639978,0.058177
-2.628501,0.869513,0.726224
0.121333,-0.329039,-0.267879
0.896392,-0.720948,-2.059215
-3.219140,1.159396,0.003078
-3.199325,0.850194,0.709104
1.396555,-0.619983,-0.767255
1.035773,-0.566126,1.644300
1.033104,-0.324907,-1.968335
2.297878,-0.193543,-0.883474
2.419819,-0.530373,0.006865
0.041236,0.006001,1.897621
0.208104,-0.278023,-1.112433
1.443310,-0.630813,-1.636623
-3.412759,0.940946,0.563245
-2.842436,0.348176,0.535302
3.251826,-1.568455,-0.682397
3.491082,-0.254423,-0.547926
2.873122,0.109935,-0.393216
3.114980,-1.053134,-0.269751
0.878678,-0.854089,-0.330657
0.789660,-0.840019,-0.287218
0.764855,-0.833630,-0.353440
0.192294,0.709345,-0.107990
-2.132085,1.084843,0.242210
0.237188,0.154470,-2.237256
2.062011,-0.306441,-0.861184
-3.595766,2.987195,0.790708
-1.676627,0.190430,0.767640
0.061934,-0.150279,1.792532
2.359820,-1.109210,-0.604084
2.989006,-0.186786,-0.195128
-0.390632,0.252196,-0.376048
-1.886891,1.025042,0.155814
-2.812917,1.890867,0.556296
0.202568,-0.928487,-1.039620
0.648726,-0.256253,0.294921
0.714273,-0.150862,-1.128522
3.168907,-0.657048,-0.173885
-3.555904,2.507651,0.718276
-3.644770,2.674213,0.754625
-2.802324,0.874770,0.289072
-3.825399,1.407422,-0.746843
2.467775,-0.777926,-0.053810
-1.983364,0.873903,0.058988
1.071798,-0.798002,-0.625454
3.319029,-1.457303,-0.700233
-3.218454,0.928420,1.046155
-3.072494,0.902502,1.034964
-3.327984,1.060591,1.560206
-3.349401,1.091322,1.681683
-3.120759,0.944072,1.186604
-3.206713,1.012321,1.431155
1.754604,-0.812361,-0.690311
-3.202539,1.763407,0.683199
0.417008,-0.230227,-0.564034
1.020713,-0.437836,-1.530264
-0.320460,0.558181,0.448184
-2.856861,1.004806,0.796306
0.224034,-1.146853,0.903864
-1.324594,0.038805,-0.166964
-1.492112,0.821597,-0.047211
3.548223,-1.024790,-0.992762
2.235776,0.048804,-0.779997
-0.606832,0.418744,-2.899024
2.946537,-0.352317,-0.999762
0.369931,-0.217458,-0.637546
-0.314670,0.121560,2.454514
-1.145301,-0.427813,0.228004
3.445431,-1.031094,-0.985005
-0.960505,0.622567,4.598022
1.246465,0.335757,-0.531580
-2.666947,0.514645,0.246886
-2.322219,1.024340,0.726805
-3.042946,1.818003,0.592379
0.810110,-1.004860,1.291886
0.357177,-0.112441,-0.549454
0.906316,-0.335490,-1.433547
-0.044208,0.010897,-1.934058
-3.035092,1.009883,0.573839
0.104817,-0.758152,-1.060897
-0.727979,0.178645,3.326321
3.348266,-1.283430,-0.569487
0.584832,-0.088803,-1.297139
0.162069,0.568666,0.282294
-2.247245,0.758687,0.081594
-1.634694,-0.250785,0.173410
0.960668,0.103103,-0.615477
-2.901141,0.919276,1.118548
1.399081,-0.693995,0.165760
0.439912,0.672504,-0.070883
-0.563567,-0.537969,0.168957
0.000724,0.640555,0.281758
0.614681,0.621713,-0.197891
0.723767,0.601627,-0.206019
1.969207,-0.548506,0.081884
1.225445,-0.282846,-1.732461
1.372457,-0.905016,1.339581
-0.668984,-0.402801,-0.239283
0.865678,-0.841021,1.658395
-0.102164,-0.221715,0.944690
-0.233186,-0.629544,-0.110156
-3.359634,1.580777,0.664288
-1.264225,0.589147,0.695280
2.506904,-0.418782,-0.950399
-2.542428,0.610459,0.171449
-0.058677,-1.000064,-0.923674
-3.116270,0.943587,0.642160
0.865523,0.282684,0.232651
1.247715,-0.376475,-1.909049
0.706064,-0.702879,1.544614
0.598463,-0.813271,-0.092434
0.854017,-0.855666,-0.155957
0.586516,-0.815221,0.030853
1.112303,-0.613643,-2.108288
-3.254732,1.185270,-0.311025
0.982003,-0.207745,-1.734953
0.954967,-0.438144,1.589785
0.880926,-0.032777,0.308331
-3.427265,0.909389,0.809390
-3.305425,0.889822,0.809842
-3.436339,2.621025,0.690581
0.065108,0.350263,-0.421115
1.051821,-0.419943,-1.567764
0.630995,0.508823,0.161111
-0.437457,0.205319,-2.190679
-3.619878,0.930630,0.731163
0.793656,-0.584299,1.208037
-0.964298,0.868024,-4.071789
-3.696517,1.334507,-0.613194
-3.073149,0.893793,0.336402
0.813597,-0.842758,-0.332516
1.196861,-0.909186,-0.335017
-0.849283,0.224179,3.345208
0.090747,-0.347777,-0.214310
0.220428,-0.196609,0.779517
0.981970,-0.556882,1.140592
-2.735199,1.173454,0.605718
1.130880,-0.379092,-0.007614
1.255080,-0.570683,-2.056300
-1.466908,0.407142,-0.173639
1.351809,-0.472712,-0.696294
0.173493,-0.816625,-0.867576
0.912126,0.573810,-0.175457
0.792519,0.596591,-0.163009
0.842446,-0.696997,-2.035101
-0.202297,0.327765,-2.947623
-0.292637,0.388113,-3.083992
-0.786863,0.707624,-3.789534
-0.662189,0.564973,-3.383600
-0.236877,0.375312,-3.090123
-0.086725,0.246602,-2.759025
-0.187818,0.339083,-3.003412
0.232003,0.046945,-2.327651
0.027769,-0.271562,0.577149
-1.116684,1.008557,-4.416780
0.606266,-0.327259,-1.308050
0.672051,-0.417397,-1.039591
0.978566,-0.502794,-1.016389
0.417636,-0.314375,-1.176785
0.842744,-0.561278,-0.672820
1.012554,-0.628285,-0.587732
0.417138,-0.378313,-0.942069
0.485355,-0.408644,-0.895150
0.527907,-0.332727,-1.213950
0.745164,-0.514658,-0.751599
0.174277,-0.288183,-1.042668
0.711331,-0.387338,-1.186852
1.238925,-0.715753,-0.480980
0.376477,-0.387318,-0.869852
0.808571,-0.442291,-1.077546
-0.769394,0.412037,3.681443
-0.923041,0.919174,0.063628
1.192861,-0.384328,-0.701335
-0.175277,-0.142076,-0.449391
0.439341,0.029148,-1.886775
3.363574,-0.159617,-0.774715
-3.064434,2.519423,0.624501
0.153623,0.016201,-1.540865
1.014871,-0.387768,-0.248724
-0.432860,-0.396358,-0.369440
0.471244,-0.558093,0.119892
1.110916,-0.701900,-0.068757
-0.199373,-0.382102,0.440732
0.187290,-0.495562,0.197094
0.332763,-0.513657,0.226053
0.692740,-0.610481,0.041428
0.165630,-0.471301,0.298164
-1.304212,-0.330049,0.449601
-1.429134,0.302658,-0.182407
2.275583,0.290967,-0.375541
2.374493,0.275545,-0.416387
0.273513,0.002672,1.945315
-0.936146,0.435695,3.850815
0.357744,-0.241955,1.582053
1.079708,-0.585141,-0.699366
-0.443887,0.418908,-3.030977
-2.420834,0.326483,0.183107
-3.308731,1.144104,0.080591
-0.642136,0.411912,3.655922
1.837613,0.058486,0.054973
-1.001679,0.157340,0.672923
1.318635,-0.441615,-1.627500
-2.111562,0.790899,0.399311
-0.394903,0.140666,2.563302
1.445864,-0.555554,-2.122158
-0.272314,0.348862,0.510870
-2.969804,1.450870,0.568972
2.843147,-1.131200,-0.300789
-3.003989,0.563256,0.419221
0.710097,-0.708299,-1.848432
1.303323,-0.762680,-1.752690
-3.115751,1.629792,0.664484
1.447311,-0.569996,-0.669622
1.840499,-0.242539,0.122018
-0.598019,0.268308,3.103266
1.740327,0.253915,-0.032293
0.913228,-0.246958,-1.114520
0.299042,-0.166534,0.903845
3.036118,-0.050019,-0.312776
1.344091,-0.968018,1.512305
-3.419734,1.272794,-0.500782
-0.053397,0.537258,-0.322274
-1.240514,-0.110248,0.631116
3.198699,-0.583497,-0.189329
2.437896,-0.829113,-0.067862
2.341266,-0.695239,-0.886226
2.260331,0.261964,-0.270816
0.834881,-0.203739,-1.088490
-2.069649,0.819116,0.053976
0.416761,0.019471,-1.704104
-0.946417,-0.213098,-0.171358
0.310260,0.080504,0.419993
1.298382,-0.682991,1.350580
1.257973,-0.630841,-1.614884
0.041857,-0.715017,0.959426
-2.765539,0.312809,0.623378
-3.121450,0.852168,0.774089
-3.074534,0.858151,0.834633
-1.019160,0.861515,-4.134080
2.327564,-0.334390,0.026504
0.765342,0.219807,0.287771
-0.290028,-0.082119,1.785209
-1.393778,-0.124678,-0.082616
1.558390,-0.065198,-0.746311
1.282393,-0.702491,0.229307
3.841959,-0.744015,-0.835833
-0.343692,0.184406,3.109788
0.926343,-0.627265,-0.671470
2.136285,-0.986598,-0.161194
-3.232092,1.118744,0.740026
-0.810072,0.879146,0.012120
-0.626352,0.477931,-0.290395
1.360090,-0.645095,1.589127
0.206369,0.029615,2.462375
0.305608,-0.003653,2.037752
-2.471207,1.039982,0.526543
0.701480,0.257670,-0.533674
0.006283,0.144513,2.596087
-0.231850,-0.044321,2.473674
-3.048731,1.092592,0.758347
0.319647,-0.253407,-0.484280
-2.356033,1.168278,0.541904
0.172569,0.725191,-0.032156
0.703072,-0.125773,-1.531459
1.429271,0.328983,0.018852
0.815718,0.284109,0.246490
0.125978,-0.222992,-0.653285
0.434750,-0.041509,-0.548259
0.456343,-0.080832,1.536838
1.295441,-0.438131,1.460375
-3.185577,1.990902,0.624869
1.373956,-1.219132,1.388649
1.606733,-0.986551,-0.282040
1.173791,-1.003538,-2.046065
-1.060535,0.594469,4.544680
-1.017293,0.612685,4.669188
-0.054031,-0.372906,0.184810
-0.083008,0.776639,0.012475
2.308246,-0.763998,-0.028411
0.554029,-0.515628,1.526063
0.605879,-0.476598,-1.763314
-0.568235,-0.523866,0.432095
1.306406,-0.846022,-0.664749
0.651549,-0.239991,-0.591282
-0.491591,0.168919,3.186236
1.339047,-1.151320,1.519052
1.409152,-0.777931,-1.874246
0.390860,0.045916,-1.835595
2.612715,0.143466,-0.272843
0.222669,-0.216209,-0.655226
1.045433,-0.454946,1.588795
0.714042,-0.203808,0.779985
-0.818366,0.245373,0.644137
-3.612984,1.179105,1.884964
-3.496181,1.096091,1.597697
-3.525733,1.075459,1.483762
-3.303422,0.928266,0.983831
1.334167,-1.005956,1.573398
-2.655864,0.785033,0.845794
-0.175089,-0.321821,0.757379
1.177275,-0.857159,-2.107314
0.995878,-1.097872,-1.735774
-0.571764,-0.360700,-0.312294
-3.046717,0.999577,1.348118
1.339263,-0.666655,-1.585094
-2.893513,0.941496,0.607219
-3.498291,1.154741,1.546495
-0.445841,0.430922,-3.096164
2.675620,0.100315,-0.751111
2.835358,0.143281,-0.433573
0.961878,-0.428306,-2.022874
0.903816,-0.734102,-1.963278
3.327448,-1.393420,-0.690776
0.165365,0.423469,0.370308
1.103618,-0.275148,-1.903032
-0.803826,0.811039,-4.025203
0.604979,-0.067138,-1.647259
1.164895,-1.238832,1.398431
-2.108587,0.827128,0.066501
1.190463,-0.659303,1.653676
-0.076770,0.353609,-2.802030
0.411298,0.610947,0.134450
1.656511,0.384277,-0.451798
-0.234261,0.806551,0.036183
-0.139619,0.193559,3.183866
-3.317222,0.963692,0.695569
0.712965,0.035573,0.339079
-0.530815,0.126422,2.618788
2.455277,-0.032627,-0.082440
2.227858,-0.365768,-0.896493
0.711822,-0.260892,-0.517678
-0.319578,-0.614160,0.201022
-1.227688,-0.188566,0.586827
0.870104,-0.256605,-1.718337
0.217267,-0.151266,-0.895132
0.865990,-0.728061,-1.592291
-1.729326,0.935792,0.058741
0.772285,-0.799606,-1.683647
-0.508626,0.143109,-0.363737
0.049116,-0.252094,0.647977
-0.987367,0.800469,-3.832194
-3.900049,3.774124,0.856378
-2.986552,0.973253,0.513795
0.081287,-0.933737,0.876663
2.997059,-1.262221,-0.497717
3.749019,-1.238451,-0.634601
-0.098356,-0.082598,1.569800
-0.650145,0.293286,3.396531
-0.713672,0.311057,3.432568
-0.396987,-0.002968,2.145402
-0.513198,0.102366,2.568609
-1.111454,0.662112,4.789053
2.841630,-1.195944,-0.715215
-1.173630,0.753895,5.021582
1.333713,-1.108495,1.207709
0.304146,0.691792,0.020133
0.961247,-0.405335,1.451949
-0.414565,0.517910,-3.098567
-0.173716,0.371705,-2.698973
1.150501,-0.575625,-0.911590
0.764076,-0.240048,0.523833
1.277601,-1.133109,1.547105
-0.910458,0.467917,4.043234
-0.216560,-0.285536,1.400343
-2.049631,0.990517,0.693235
-3.422972,1.103044,0.617935
-0.404642,-0.576098,-0.153633
-3.434920,1.062421,1.222776
2.589408,0.225680,-0.435671
0.613447,0.128843,0.347692
0.283921,-0.752507,-0.277263
0.526359,-0.799813,-0.120075
0.722633,-0.832205,-0.176034
0.364836,-0.767150,-0.263854
0.285597,0.001763,-1.517695
0.032717,-0.124312,1.896490
-2.290202,0.101218,0.257461
0.739966,-0.614478,1.345213
-0.628263,-0.510845,0.402717
1.347159,-1.106898,1.147905
1.029010,-0.421339,-2.059334
1.429091,0.462064,-0.201722
1.314397,0.477392,-0.144232
1.265442,-0.825808,-1.702341
1.432441,-0.624484,0.162762
1.157547,-0.272462,-1.862210
-0.498217,-0.561047,0.301092
-0.124832,0.470130,-0.353529
1.261399,-0.590357,-1.549374
-0.341217,-0.183759,-1.377581
0.878404,-0.459964,-0.657779
0.195691,-0.751473,0.737242
-1.065985,0.839306,-0.052277
0.918972,-0.491260,-2.051676
-0.930730,0.770878,-3.752228
-0.185510,-0.061340,-1.343734
0.496132,-0.261964,0.291857
-1.141596,0.332378,-0.238037
-0.495900,0.613419,-3.461638
1.410042,-1.113116,-2.030208
1.205855,-0.373553,-0.650001
3.795194,-1.201534,-0.859568
-2.970836,0.959717,0.674321
-2.273626,0.166690,0.191362
3.110720,-0.683923,-0.158110
-1.351522,0.024432,0.697812
3.244727,-1.174577,-0.390457
-0.054574,0.111710,2.353436
-0.136613,0.148815,2.513886
-0.430036,-0.570807,-0.070398
0.206645,-0.267487,-0.455797
0.252314,-0.309944,1.588892
-0.726925,-0.404564,-0.182598
3.139741,-0.377407,-0.196979
2.783669,-0.776536,-0.972284
1.411309,-0.751191,-0.072966
-3.316425,1.736954,0.649985
0.804300,0.438405,-0.433857
0.985341,-0.296721,-1.738036
0.068379,-0.929992,-0.801649
1.464206,0.368368,-0.502245
-0.587665,0.658324,-3.531852
2.622259,-0.519253,-0.972910
2.872516,0.078149,-0.740877
1.269416,-0.833294,1.232540
0.826345,-0.838572,-1.988927
0.611204,-0.465523,1.516611
1.959018,-1.048391,-0.287697
1.692208,-1.005239,-0.306070
-0.090544,-0.104399,1.894627
0.179672,-0.159007,1.845870
-3.336416,2.302838,0.663025
0.886298,-0.319470,-1.585728
-0.292630,0.443205,-0.345146
-2.518410,0.174397,0.390424
-1.381270,-0.233035,0.556273
-2.320282,0.049752,0.540220
-2.578868,0.241517,0.668126
-3.321426,1.166144,1.564406
2.652505,-0.011711,-0.153161
1.085409,-0.376537,1.254502
0.396123,-0.087857,1.387274
0.521751,-0.150722,1.012025
-0.171278,0.030809,2.493833
0.247922,-0.113371,2.125767
-0.114728,-0.053117,2.127430
0.194297,-0.104495,2.125049
-0.128783,0.036078,2.554490
-0.035542,-0.080119,2.059170
-0.158774,0.017640,2.439150
-0.328865,0.107449,2.743036
-0.560107,0.285652,3.431916
-3.391618,1.778439,0.708455
-1.018042,0.678178,0.595198
3.577303,-0.879038,-1.018049
-1.505206,0.410861,0.776291
-0.206225,-0.024494,2.512446
2.762247,-0.397670,-0.987636
-0.475789,0.105156,2.512464
-1.858445,-0.189041,0.331682
-1.742109,0.051067,-0.022620
-0.541912,0.738236,-0.148721
1.304940,-1.148229,-1.863013
-3.345717,0.869378,0.821418
-0.005468,-0.250118,-0.609699
0.797802,-0.438317,-1.884220
0.655484,-0.460660,0.748244
0.364697,-0.411407,0.754432
0.911810,-0.527806,0.626311
0.705858,-0.481234,0.688154
0.558394,-0.427358,0.833586
0.808869,-0.408919,1.127062
0.625060,-0.476556,0.645868
0.361914,-0.376525,0.923739
0.676510,-0.429772,0.917435
1.311290,-0.735655,-0.072172
0.781308,-0.508705,0.614394
0.100413,-0.341039,0.885706
0.502537,-0.378952,1.025991
0.586682,-0.457195,0.709565
-0.200504,0.343174,-0.388164
0.327401,0.499554,0.279054
3.071872,0.007175,-0.749629
-3.561165,3.247939,0.795417
0.661708,-0.100723,-0.591764
0.159358,-0.048208,1.594707
0.208745,-1.052169,-0.974367
-0.041889,-0.190635,-1.196410
-0.013412,-0.178456,-1.268203
-3.208110,0.991316,0.879799
-0.163019,-0.273294,-0.624836
-3.627912,1.236762,2.133224
-2.001011,0.689461,0.811308
-3.593094,1.187204,1.935903
0.033493,-1.032629,0.784725
1.289594,-0.342306,-2.004316
2.527973,0.203409,-0.626252
0.122065,-0.204979,-0.507458
1.074791,-0.349936,-0.970152
-3.066480,0.507826,0.693087
0.114764,-0.361342,-0.717622
0.697906,-0.536067,-0.628635
0.412819,-0.437762,-0.719318
0.585222,-0.502506,-0.644655
0.375009,-0.453174,-0.626840
0.298010,-0.398372,-0.755190
0.786992,-0.608592,1.676327
1.315182,-0.719549,-1.883977
0.979274,-0.415097,-1.281181
1.335474,-1.054751,-1.882977
1.298806,-0.441627,-0.632741
1.613373,-0.990560,-0.340146
-3.249149,1.335441,0.672216
-0.721475,0.473551,3.927758
-0.886207,0.560415,4.305446
0.163148,-0.258594,-0.503203
0.897457,-0.470299,-1.751509
2.010603,-0.212390,-0.841392
-0.699582,0.723450,0.468250
-3.770547,3.363782,0.828986
2.957087,-0.381448,-0.120530
1.941222,0.135215,-0.012101
-3.081155,0.998087,0.453421
0.008017,-0.231091,-1.592033
0.895881,-0.287561,-0.519355
2.668791,0.212244,-0.486559
-2.615702,1.119197,0.557509
-1.164904,0.489876,-0.215626
-0.161061,-0.139716,1.434532
1.271146,-0.977214,-1.846831
0.037768,-0.403785,1.370159
1.472518,0.400050,-0.082274
0.080804,-0.123652,1.231328
2.003878,-0.247350,0.088398
-1.918725,0.161469,0.758648
-0.824003,0.792597,-3.878849
-0.039945,0.030311,-0.454233
-3.719122,3.604485,0.835166
-1.190137,0.949530,0.073677
-2.728576,0.712715,0.849272
-2.677016,0.699744,0.850268
0.475319,-0.319213,0.035596
2.032642,-0.373250,-0.859713
2.707055,-1.001123,-0.863292
-2.841947,0.789596,0.695477
-2.627656,0.724962,0.560740
-2.629539,0.955965,0.803702
1.446648,-0.826711,1.020061
-3.021514,1.926340,0.591444
0.719772,-0.196179,0.917222
1.847440,-0.969309,-0.064320
2.868942,-0.328907,-0.988639
0.394285,0.059078,-2.057481
1.159691,-0.576336,-1.541685
-0.540219,0.263804,3.300134
-0.037182,0.112915,-0.452762
1.079357,-0.360915,-0.004673
0.488856,-0.093150,1.496549
0.029397,0.120688,2.828137
0.905366,-0.599540,-2.065174
1.401454,-0.722582,0.051330
0.101077,-0.496182,-0.591893
0.816711,-0.941508,1.329126
-0.363511,0.334056,3.522852
0.204486,-0.075756,1.430532
1.046854,-0.381217,-1.806925
-1.614662,1.077403,0.265896
1.396152,-1.104174,1.081961
-2.834033,0.946132,0.653097
-2.337385,0.059943,0.384088
-3.075454,2.589191,0.629778
-3.164375,0.648567,0.479270
0.206082,-0.564241,0.913881
2.336546,0.276348,-0.490832
2.410644,0.269044,-0.456922
0.463350,-0.002353,-1.645813
0.269524,-0.577008,-0.527764
0.951717,-1.056102,-1.760046
0.702066,-0.588790,1.519512
0.561862,-0.010315,0.373201
0.216767,-0.927209,-0.975964
0.474396,-0.059854,-1.343559
0.059363,-0.158450,1.077453
1.317045,-0.809537,1.291749
-0.287205,0.428001,-2.838530
-0.071761,0.268636,-2.375777
1.132207,-0.317197,1.380595
-0.100648,-0.673001,0.116531
3.738244,-1.266667,-0.763425
2.366431,0.113934,-0.743122
-3.334976,3.170774,0.702852
-2.690707,0.916173,0.750277
0.413130,0.213141,0.376140
1.039070,-0.318848,0.267954
-0.169996,-0.186066,1.183079
-0.169826,-0.305592,-0.517860
0.016830,0.680571,-0.200277
-3.571692,1.105532,0.690528
3.682222,-1.138206,-0.928917
-2.124064,0.496908,0.831852
0.339621,0.000047,-1.537270
0.083044,-0.414474,1.379589
-3.250014,1.197133,-0.196005
1.465915,-0.162172,0.194779
0.797401,-0.818521,0.202271
0.880822,-0.213986,1.424168
-1.826895,0.451707,0.811473
3.016086,-1.099887,-0.275673
-2.513357,1.080766,0.300960
-1.087592,0.020468,0.661777
-3.491117,2.761413,0.766491
-0.553411,-0.251057,0.540421
2.764798,-0.644481,-0.068537
0.138843,-0.451504,0.374179
-1.062606,-0.264297,-0.099930
-0.851952,0.553390,4.511351
-3.279428,2.187904,0.711150
0.088891,-0.320200,-0.465631
-3.544601,0.943412,0.740483
-2.790176,1.415680,0.598591
0.571824,-0.476400,1.431556
-3.159982,1.729773,0.614234
-3.617998,1.144325,-0.015815
0.652038,-0.824925,0.155158
-1.999779,0.261391,0.010170
-2.554617,0.996241,0.542126
0.037848,-0.470806,0.197228
0.584512,-0.587823,0.065795
0.122329,-0.473405,0.252670
-0.009283,-0.470523,0.159987
0.463857,-0.583100,-0.009485
-0.153166,-0.389979,0.439926
0.131805,-0.490730,0.175077
0.039310,-0.490387,0.102225
-0.253275,0.238443,3.398106
1.197624,-0.599617,0.251158
1.220064,0.309688,0.110894
-1.625633,0.661557,0.756737
1.333930,-1.089791,1.493278
-0.065928,-0.885654,-0.731760
-0.913625,0.222902,-0.284526
1.248505,0.170483,0.174035
-0.036992,-1.099841,0.668815
-0.547268,0.479150,-2.924554
1.681899,-0.976497,-0.632205
0.639649,-0.807611,-0.409673
0.596705,-0.330118,1.342176
0.242658,-0.317812,1.115910
-1.331681,1.073915,-4.449286
0.569725,-0.026230,-0.572988
-3.731242,3.218299,0.769805
-2.780928,0.940301,0.240223
1.615211,0.363957,-0.493667
-0.069243,-0.306077,-0.442602
-3.143183,0.903961,0.364170
-2.860847,0.844783,0.314116
-1.097012,0.626681,0.643093
-2.797264,1.177626,0.546072
-0.207423,-0.628092,-0.250717
-2.358455,0.270674,0.760214
-0.186284,0.396939,0.477874
3.439748,-0.669674,-0.290731
2.301771,-0.993541,-0.168523
1.782279,0.188081,0.006657
0.769156,-0.716318,-1.596569
-0.745819,0.212654,-0.318712
3.358788,-1.799871,-0.625268
-1.704611,1.013169,0.128133
0.194494,-0.450575,-1.626792
-3.250914,0.969786,0.815655
-2.361307,0.512715,0.106425
-0.918684,0.839787,-4.149491
-0.248682,0.313619,-2.464208
-0.491524,0.495208,-2.983104
0.753348,-0.975259,1.299795
-1.949437,-0.094116,0.559902
0.723728,-0.390697,-1.675995
0.925311,-0.256224,-0.916865
1.572030,0.375712,-0.480235
2.119869,-0.536143,0.057622
-0.576167,-0.533289,0.257354
1.115682,-0.274760,-0.675529
0.904987,-0.967383,1.168367
2.387390,-1.087855,-0.274771
-0.328915,0.101660,-2.422183
-0.847809,-0.211352,-0.201114
1.415059,-0.561673,-0.079155
-0.044006,-0.272757,1.104589
-0.021107,-0.238192,1.293659
0.060128,-0.270548,1.200085
2.714752,-1.218459,-0.528905
3.252193,-1.728468,-0.774725
-0.679871,0.714901,-3.685289
-2.947237,0.940891,0.607948
-2.167662,1.148515,0.365306
-1.696216,-0.020525,-0.008790
0.337386,-0.158826,-0.867555
0.220474,-0.053174,-1.273163
-3.492905,1.025574,1.184316
1.067661,-0.897587,-0.008934
0.710405,-0.838086,0.068416
1.571959,-0.982970,-0.074309
0.140619,-0.283714,0.921763
1.092120,-1.107753,-1.771738
-3.398499,2.198379,0.675711
-0.364287,0.118294,2.472272
2.161658,-0.088120,0.020936
-3.240839,1.069551,1.110317
1.013877,0.545815,-0.114835
1.325588,0.486117,-0.193839
1.895750,0.294833,-0.136638
3.027550,0.034725,-0.409763
-0.838549,0.432114,3.783372
-0.053415,0.032089,2.024115
1.619541,-0.398056,-0.772556
0.205854,0.149373,-0.490201
2.405356,-1.144538,-0.403629
2.299841,-1.133703,-0.449510
1.334101,-0.915097,1.442165
-0.267775,-0.236877,1.099824
1.266558,-1.020698,1.081500
0.834424,-0.260750,-1.725769
-0.587680,0.389801,-2.810671
-2.531516,0.446864,0.812920
0.549963,-0.045905,-1.533758
0.719924,0.526805,0.106041
2.709027,-0.886387,-0.122638
0.062552,0.076945,-0.474057
1.025747,-0.162182,-1.763808
-1.596794,1.017137,0.134142
-1.723490,0.298678,-0.097042
0.661834,-0.820557,-0.208683
0.240700,-0.750173,-0.121042
1.330409,-0.979472,-1.721276
-3.612881,2.982919,0.736954
0.000039,-0.677423,-0.313344
0.452589,-0.118658,1.199321
0.702580,-0.216880,1.506148
-3.478823,3.341440,0.723543
1.359162,-0.865170,-1.582084
-2.741170,0.916974,0.500248
3.091555,-1.268199,-0.497482
-3.349823,1.915680,0.660391
-0.248862,-0.246850,1.025572
-0.823030,0.680524,-3.496222
0.548857,-0.120534,1.525396
3.436950,-0.315485,-0.412503
-3.308840,1.110757,1.293422
-1.727364,0.990336,0.605282
-1.354732,0.876789,5.227661
-0.455053,-0.575017,0.298865
1.010543,-0.673187,-2.088115
-2.705238,1.023041,0.506498
2.926145,-1.202240,-0.747450
1.134539,-0.780867,1.659515
1.052957,-0.306212,1.367755
-1.457906,-0.046787,0.684047
-0.716042,0.847709,0.345267
3.174881,-1.079826,-0.298730
-0.921929,-0.378350,-0.053277
-1.216282,-0.314221,-0.001656
0.137890,-0.466485,-0.849637
0.607531,-0.650667,1.533043
-3.457973,3.395658,0.728408
-2.770045,0.769531,0.263585
2.423170,-0.142277,-0.884259
0.180151,-0.414893,0.926005
3.060506,-1.229275,-0.425765
-3.713247,2.963390,0.775001
-0.121900,-0.042864,1.768515
1.015527,0.443226,0.075328
-2.817235,0.842436,0.842189
0.923876,-0.647363,-1.486856
0.994935,-0.325501,-0.676153
1.344791,-0.490944,0.051974
-0.998362,-0.175145,0.575425
1.208755,-0.737409,-0.372663
0.194435,-0.488437,-0.327089
0.055985,-0.437920,-0.380842
0.162890,-0.510754,-0.214869
0.267621,-0.520036,-0.279738
0.134976,-0.901198,0.811354
-0.095562,0.143851,-1.972617
1.486434,-1.086818,-2.020304
-0.358344,0.165747,-2.425964
0.597057,-0.570371,-0.407176
2.110226,-0.522772,-0.866846
-0.028512,-0.338275,0.317634
-1.361505,-0.049640,-0.127914
0.540701,-0.549248,-0.431536
1.310543,-0.905049,-0.596343
-0.619742,0.428027,4.083918
3.613569,-0.433616,-0.871722
1.290266,-1.005166,1.606093
1.334061,-0.907563,1.550645
-0.060369,-0.309122,-0.743963
1.955056,0.130275,-0.712037
-0.914940,0.559939,0.616614
0.133062,-0.356453,-1.008301
-0.398495,0.184100,-2.126844
0.915246,-1.150977,1.416613
0.656317,0.625142,-0.132053
0.109488,0.024114,-1.566919
0.378429,-0.205708,-0.686841
1.337571,-0.792976,-1.900942
1.291093,-0.430723,-1.869064
-2.349341,0.053116,0.443325
-2.133682,0.008319,0.240453
-0.527403,0.033074,-0.353214
0.261426,-0.132316,-1.697299
0.659066,-0.756150,1.354104
-3.121150,1.961833,0.676483
1.020109,-0.311238,1.443812
-0.896418,0.561789,4.516346
0.903419,-0.524066,1.334053
3.082603,-0.199500,-0.933058
-1.145928,-0.386581,0.072140
2.482255,-0.110830,-0.882339
0.988431,-0.863017,-0.488402
-0.800096,0.535205,4.213256
-0.210307,0.231497,2.896878
0.819513,-0.935404,1.231902
1.878941,-0.993666,-0.537528
1.273239,-0.932300,1.212616
-0.254743,-0.243177,-1.400669
0.901259,-0.482619,1.643224
0.396604,-0.041892,-1.377883
3.297230,-0.906374,-0.258987
-0.524314,-0.336790,0.542120
-0.037835,-0.371024,-0.194531
0.128668,0.112979,-2.472242
-0.265211,0.394880,-3.134476
-0.530353,0.537518,-3.407362
-0.685558,0.588695,-3.448631
-0.625494,0.611456,-3.588627
-0.319052,0.382305,-3.037897
-0.315098,0.420540,-3.182040
2.461906,-1.075967,-0.245903
1.357049,-0.354702,-1.729527
0.854188,0.056001,-0.612088
0.515027,-0.370188,1.079196
-3.120473,0.830290,0.595909
0.918477,-0.908853,1.413942
3.873463,-1.089240,-0.608594
3.296812,-1.140196,-0.370376
0.164068,-1.040404,0.739357
0.965061,-0.434759,0.966811
0.191962,-0.033324,2.468862
1.364063,-1.179376,1.455536
-2.257236,0.877874,0.476752
0.267769,-0.264255,0.389685
-2.588856,1.099246,0.710400
-0.079818,-0.342449,0.361310
-0.637262,0.453446,4.160724
1.458969,-0.471916,1.300909
2.075867,0.322175,-0.486218
1.645649,0.416537,-0.363252
-0.310419,0.056961,-1.851239
0.265399,-0.493872,-1.053631
0.031664,-0.079897,-1.672879
1.081264,-0.906049,-1.561391
-2.791655,0.772734,0.498237
3.312563,-1.542524,-0.748237
-0.898581,0.577772,4.594067
-1.063751,0.800274,-3.867144
-1.595595,0.770059,0.714333
0.235397,-0.210713,0.699986
-0.543923,0.406307,0.563489
-3.343417,1.026509,0.803207
1.893474,0.377080,-0.335408
-2.718114,1.565800,0.527127
1.062386,0.125013,-0.622178
-0.093861,-0.663205,-0.236876
-1.664571,0.775767,-0.046491
3.657039,-0.818079,-1.002475
3.393623,-0.814021,-0.273720
-2.440439,1.350801,0.520547
3.246917,-1.345610,-0.490615
-3.210258,1.123792,0.659018
0.056540,-0.713018,0.030881
1.219632,-0.799268,-1.553129
-0.071259,-0.012863,-1.457386
2.694165,-0.192636,-0.087337
0.346017,-0.100562,1.282943
0.894986,-0.999380,-1.633556
-0.163309,-0.078866,-1.272116
1.390301,-1.051766,-2.050401
3.224809,-0.079760,-0.450571
-1.010973,0.767270,-3.796114
-1.008221,0.733519,-3.675080
-3.432179,1.209026,1.883209
1.045038,-1.162700,1.464909
-1.642903,0.568670,-0.112475
-1.681057,-0.259957,0.268526
-0.073911,-0.382268,-0.177306
0.416768,-0.235155,0.491922
0.238363,0.627524,0.196532
1.043667,-0.642185,-1.513211
-0.670281,0.549332,-3.318579
3.258001,-0.107090,-0.788181
2.585692,-0.885197,-0.110924
-3.522875,3.134052,0.719419
1.729870,-0.770608,0.022560
0.079440,-0.182068,0.948261
2.454845,-1.152282,-0.398295
0.629424,-0.572751,1.423199
1.253020,-0.699502,1.643392
-3.057252,1.011880,0.892331
-2.033926,1.129057,0.517106
-3.070673,1.068763,1.104524
-0.212976,-0.540400,0.466966
3.296400,-1.692935,-0.745376
3.203583,-0.019351,-0.563710
1.420622,-0.776983,1.043538
1.118764,-0.362930,-0.763858
-1.197537,0.714985,4.920997
1.096406,-0.426057,0.272722
0.127019,-0.534766,-0.897044
-2.014004,0.530031,-0.018029
0.773943,-0.867112,1.465987
0.258918,-0.428052,-0.539532
1.205573,-0.853324,-0.620505
-2.019426,0.428503,0.821688
0.277709,-0.165987,0.437391
0.959229,-0.342802,-0.365060
1.305064,-0.859092,1.500315
0.570969,-0.136912,1.562710
-2.416080,0.976985,0.513519
-2.756032,1.499084,0.530643
-0.188318,-0.088716,0.516268
-0.185256,0.160702,2.564540
-3.721152,3.403375,0.826631
-2.762811,1.470680,0.594077
1.335904,-0.916370,-1.918948
0.559832,-0.281541,1.551263
2.082159,-0.039938,0.028456
2.486711,-1.098629,-0.684007
0.131073,-0.192847,-1.351584
0.091728,-0.129848,-1.545833
0.011622,-0.113921,-1.528527
-2.654487,0.797922,0.289637
0.787112,-0.407748,1.555409
-0.861491,0.587905,4.604072
-2.578880,0.748708,0.600443
0.127805,-0.584205,0.623920
1.317159,-0.968512,-1.769429
-0.404257,0.052991,2.471006
-0.013990,-0.012485,1.826903
1.131163,-0.217121,-1.763471
-0.905083,0.770684,-0.116892
0.677120,-0.174876,1.461023
0.008963,0.220549,-2.244288
-0.181674,0.358357,-2.642081
-0.666465,0.464873,-2.894058
0.190981,-0.326765,-0.870630
0.998701,-1.138907,1.482509
0.050844,-1.103751,-0.748769
0.766897,-0.338022,-0.076339
-0.256754,0.466886,-3.215893
-0.445134,0.423291,-2.769177
-0.052386,0.245500,-2.302934
-0.828712,0.763759,-3.765558
3.308038,-1.274940,-0.638079
0.637691,-0.536599,0.359965
0.689232,-0.574918,0.213425
1.182948,-0.714510,-0.072615
-0.029798,-0.377363,0.601614
0.167017,-0.388304,0.708331
0.499797,-0.502908,0.414190
3.643567,-1.049100,-0.977988
-1.085003,0.589941,4.502027
-2.764450,1.096872,0.584935
0.380354,-0.317384,-0.559491
-0.450967,0.101697,2.589463
1.383576,-0.873301,-0.668014
0.238624,-0.197080,-1.438107
0.180167,-0.211059,-1.331681
0.315140,-0.194965,-1.518434
1.296572,-1.161178,-1.934149
0.661042,-0.682618,-0.579087
1.642991,-0.224376,-0.779817
-3.818140,1.287882,2.174615
-3.162372,0.876650,0.835875
-0.392315,0.154694,3.194066
3.010760,-0.287553,-0.164154
-3.120946,1.088999,0.487821
-0.576791,0.583816,-0.253647
0.485353,-0.104260,-2.012360
-3.189603,1.091605,1.191885
0.144809,0.137236,-2.575858
-3.525530,1.332007,-0.578503
1.780458,0.329889,-0.131427
-0.867661,0.043722,-0.280571
-1.345185,1.019164,0.169874
-2.512242,1.460350,0.537450
-3.242754,0.701662,0.505156
3.331685,-1.252437,-0.505657
1.441969,0.454448,-0.346285
0.523949,0.639762,-0.183161
-0.008306,-0.110081,1.933234
-0.059522,-0.226298,-1.048900
2.813492,-0.260245,-0.964557
0.364631,0.196128,0.392322
0.738968,-0.506318,1.474668
0.304045,-0.282960,-1.608578
0.876651,-0.326606,-1.469496
0.151759,-0.218461,0.716182
2.107284,-0.131491,0.045107
1.300442,-0.862462,1.445064
1.930433,0.214526,-0.647469
0.035731,0.002055,2.520695
-0.148511,0.062223,2.667073
0.058526,-0.089114,2.091361
-0.009559,-0.043149,2.261519
0.007168,-0.017030,2.403377
-0.164361,0.048671,2.587342
0.219477,-0.146792,1.937498
-0.068238,-0.030257,2.277356
-0.453553,0.192404,3.059303
-0.436829,0.164925,2.937820
3.217692,-0.692875,-1.039821
1.089919,-0.596865,1.662760
1.390097,-0.470986,1.314687
0.449438,-0.161846,-0.876197
0.789770,-0.387677,1.216020
1.933404,-0.759376,0.012042
0.242502,-0.144522,1.040887
0.955980,-0.229257,-1.863518
-0.177087,-0.124724,1.724765
2.286934,-0.524137,-0.903319
0.852696,-0.770576,-1.932212
0.500430,-0.175661,1.912052
0.331717,-0.533091,-0.556218
-0.815948,0.671730,-3.630287
-0.015119,0.506821,-0.342331
-1.395764,1.045184,0.328000
-1.164889,0.988836,0.322127
2.434020,-1.153706,-0.521098
-3.112348,2.637830,0.637404
0.076985,-0.777559,-0.886087
-3.570326,1.133495,0.032436
3.539300,-1.125119,-0.946953
1.532217,-0.974268,-0.027682
0.189499,-0.627008,0.404940
0.820850,-0.995176,1.565498
0.681423,-0.215267,-0.747185
2.733778,0.123607,-0.714043
0.940271,-0.335956,-1.730578
0.158714,0.200170,-2.329395
0.224531,-1.188734,0.655956
-3.215248,2.728038,0.654597
3.422097,-1.398351,-0.536098
-1.031717,-0.071481,-0.211694
-1.255707,0.961397,0.445576
-3.332922,1.098499,0.759135
0.118720,-0.785996,-0.828761
3.014760,-1.112393,-0.879603
0.169105,-0.935301,-0.948996
-3.246377,0.992684,1.314377
-3.240951,1.026849,1.471549
-2.951487,0.876299,1.005121
-3.336073,1.025387,1.395485
-3.113709,0.957662,1.252939
1.289360,-1.026047,-1.629042
-3.842543,1.312877,2.258486
0.268764,-0.431389,0.578193
0.568335,-0.501890,0.474442
0.892726,-0.628780,0.114115
0.149910,-0.370633,0.780622
0.030314,-0.333777,0.864835
0.472092,-0.519539,0.310434
0.768071,-0.569841,0.302811
-3.433429,2.473766,0.687663
1.007893,-0.994475,1.150517
-0.454402,0.042921,2.324378
-0.760423,0.317634,3.426401
-0.591842,0.166560,2.820815
0.810486,-0.887130,-1.573627
1.257738,-0.533567,1.211332
-0.548904,0.158720,3.201741
-3.625290,0.993079,0.685618
-3.225818,1.180550,-0.090951
-0.492691,-0.555618,0.394100
-0.145634,-0.626326,-0.319675
-0.161400,-0.287356,-1.449981
0.657420,-0.607543,0.353287
1.288503,-1.258934,1.297729
-0.813285,0.501482,4.042502
-0.032409,0.585704,-0.292816
1.399172,-0.870566,1.020949
1.419163,-0.637742,-2.151322
-0.946165,0.560220,4.296245
-0.979272,0.796782,-3.934351
-0.769639,0.446647,3.811545
-3.384573,2.317907,0.732540
-3.278024,2.173858,0.648128
0.381196,-0.220749,1.705184
-0.673722,0.171333,3.225596
0.771886,-0.217736,0.907036
0.939265,-0.522899,1.661663
1.405524,-0.721859,-0.601971
0.737741,-0.807590,0.215283
1.303449,-0.941005,1.408120
1.130085,-0.188459,-1.828084
-3.146351,0.951415,0.615975
-0.556177,-0.531799,-0.003330
2.826276,-0.454992,-0.075669
0.867898,-0.268240,-0.570962
-1.224397,1.031156,-4.450094
-0.023102,-0.130755,1.819600
-0.147698,-0.098711,1.876047
1.262795,-0.660422,1.311484
1.040425,-0.323057,-0.929534
1.174352,-0.947860,1.058318
0.059060,0.263719,-2.509527
-3.737968,3.060411,0.783202
3.132215,-0.935498,-0.994127
2.179613,-0.180938,-0.863958
-0.123887,0.160687,2.571074
0.775020,-1.023532,1.490899
1.299393,-0.837229,1.390769
1.102262,-1.092307,1.563005
-0.114914,-0.072777,-1.336587
-1.057007,0.863048,-4.012970
0.406845,-0.756130,-0.412156
1.476644,-0.756933,-0.442117
-0.308400,0.233998,-2.503236
-0.019683,0.162529,-2.514290
-0.294519,0.318346,-2.825664
0.176282,-0.024640,-2.012290
-0.673879,0.537917,-3.273442
0.305000,-0.023403,-2.138432
0.041550,0.045259,-2.141675
-0.115114,0.049256,-2.007841
-0.427198,0.384081,-2.941615
0.036151,0.091478,-2.306071
-0.163574,-0.173828,0.520781
-0.033423,-1.107735,0.935558
-3.664966,1.335222,-0.643649
-3.609957,1.269307,-0.467513
0.144875,-0.782979,-1.075506
-0.552504,0.095593,2.576855
-3.666260,1.262143,2.219889
-2.481211,1.559084,0.516974
-2.403235,0.578968,0.847021
3.508406,-0.964926,-1.007644
-0.680627,0.414465,-2.770419
-0.865011,0.065492,0.638868
-1.647182,-0.205540,0.115217
0.372791,0.049998,0.408854
-0.498075,0.344364,-2.985032
-3.203946,0.962264,0.218902
-3.226833,1.094322,-0.211958
-3.018693,0.981770,-0.013043
-3.035465,0.904163,0.266756
-3.463093,1.207974,-0.388903
-3.195444,1.011941,0.041409
-3.353444,1.128108,-0.214212
3.147885,-0.031125,-0.429589
0.404962,-0.063582,1.997567
-0.929277,0.818753,-3.910978
-0.140951,0.277281,-2.375805
-1.229694,-0.212784,-0.081497
1.331072,-0.658323,-0.762240
-0.093319,-0.125308,1.367891
1.424742,0.152613,-0.656141
-0.632373,-0.220377,0.526801
-2.435608,0.099355,0.503320
-0.349673,0.213877,2.802423
0.676366,-0.416233,-1.764024
0.226914,-0.418546,1.498497
-3.223998,0.951443,0.607316
1.338991,-1.120477,-1.769445
1.571912,-0.976763,-0.012886
0.138692,-0.529535,0.728813
-0.497173,0.336104,3.730692
-0.105359,0.104688,2.910809
-0.050287,0.076626,2.817101
-0.725610,0.428654,4.000796
-0.463633,0.271212,3.439286
-0.673074,0.374223,3.775487
-0.529452,0.362524,3.834256
0.587460,-0.138178,1.227152
1.303978,-0.809150,-1.643858
2.509817,-0.635039,-0.942548
-2.907396,0.980357,0.545876
0.832822,-0.350101,1.321810
0.066051,0.734343,-0.089156
3.575125,-0.549989,-0.399245
-2.389544,0.921867,0.169927
1.690801,-0.475302,-0.780864
1.061733,-0.618418,0.276386
-1.070604,-0.441039,0.182092
0.489816,-0.120844,-1.955518
1.336589,-0.634250,-2.152476
0.214033,-0.553920,1.504248
0.021218,-0.698105,-0.126878
0.123140,-0.727620,-0.071117
2.091539,-0.439442,0.073678
-2.619439,0.244933,0.637190
2.352370,-0.005511,-0.065294
0.786617,-0.239610,-1.749215
0.595704,-0.144014,1.457588
2.982283,0.017665,-0.338021
-3.499468,2.389795,0.702648
1.051619,-0.743380,1.689210
-1.868939,0.044697,0.702777
3.593865,-0.538011,-0.957871
-3.207773,0.842146,0.633190
-3.432732,0.905300,0.619124
1.338647,-1.023598,1.050727
0.893711,0.436681,0.124976
0.180773,-0.772971,0.780445
-0.293763,0.041354,2.446936
-0.357512,0.080223,2.586370
-0.344131,-0.038529,2.012769
-0.366564,0.098895,2.670257
-0.415881,0.148075,2.872144
0.908640,-0.754391,-1.640236
-1.942722,0.975010,0.678606
-3.302131,1.123496,0.595322
-0.181602,-0.076183,1.683877
0.365773,-0.301854,-0.313583
-0.755648,0.616359,-3.483724
-0.873357,0.744031,-3.841411
0.081680,0.081766,-1.785041
0.524717,-0.651701,0.360459
0.834775,-0.749197,1.152623
3.083299,-0.604619,-0.143832
-3.151524,1.230334,0.654485
0.578007,0.274514,0.320265
0.906562,-0.599103,1.514273
-0.263552,0.011999,-1.635111
-0.979918,0.946837,0.106139
0.808003,-0.240068,-1.797486
-2.983349,0.436899,0.635259
1.053752,-1.076851,-1.715328
-0.628843,0.203498,0.607358
-0.666776,0.422220,-3.063415
-2.247338,0.002311,0.464836
1.747629,0.358824,-0.481306
0.573876,0.120534,-0.556639
0.803277,-0.426525,-1.634613
0.682214,0.320512,-0.502388
-0.023393,-0.501439,-0.470749
1.476747,-0.648361,-2.129298
-3.098318,2.341599,0.680929
-0.776337,0.212693,3.263916
1.314910,-0.467076,1.147424
-3.545778,1.144353,1.548448
0.032072,0.140630,-1.981400
-0.293290,0.373838,-2.646413
1.168741,-0.376555,1.501000
-3.717696,3.463175,0.767226
1.350151,-0.759989,-1.585363
0.907394,-0.727294,-1.793556
-0.769593,-0.239119,0.521310
0.286025,-0.990097,0.664279
0.377999,-0.076173,-1.216213
-0.880922,-0.316684,0.476066
1.469055,-0.701799,-0.582341
0.334704,0.076577,-2.337986
-1.488297,0.890864,5.231954
0.346345,-0.022428,0.418627
0.583122,-0.759659,-0.486197
0.313970,-0.720013,-0.426790
0.534150,-0.127530,1.719743
0.574229,-0.200525,0.696469
2.053937,-0.620603,0.049344
-2.560164,1.184374,0.550190
1.517113,-0.960953,-0.453715
0.524998,-0.791117,-0.375389
1.250618,-0.913899,-0.474011
3.171813,-0.125758,-0.342965
-3.677277,1.259933,-0.375472
-3.556876,1.204706,-0.293932
-3.594254,1.154676,-0.089156
-3.420273,1.044966,0.130107
-3.146417,1.144152,0.561462
1.959702,0.182617,-0.053435
-2.254083,0.555478,0.841486
-3.639504,3.047494,0.744059
-3.220397,0.887040,0.455484
0.709668,-0.785546,-1.690544
-0.007460,-0.380977,0.093967
2.558117,-0.633789,-0.953072
-3.420133,0.740880,0.619669
0.851750,-0.628773,-2.025833
0.595161,-0.262780,-1.534779
0.364208,-0.258322,-1.331951
1.146613,0.501059,-0.330434
-2.421350,1.166035,0.398366
-1.783161,0.421283,-0.086301
-3.342568,0.978993,0.474547
-0.428418,0.128741,2.547360
-3.099688,2.702062,0.677744
-0.558971,-0.008408,2.599853
-3.708444,1.017789,0.692902
0.786143,-0.692664,1.195494
-3.433448,1.149393,0.051571
1.946790,0.350846,-0.279921
2.451894,0.238839,-0.340832
-0.637966,0.473435,4.032588
-1.627654,-0.287353,0.358739
-3.312317,2.472080,0.661573
0.612492,-0.293563,0.124915
0.503315,0.476872,-0.396750
-3.505487,3.119505,0.781331
0.377776,-0.127581,1.119766
-0.185448,-0.179763,-1.324059
0.318157,0.665358,-0.178100
1.310730,-0.750757,-0.146677
3.347534,-1.195718,-0.675761
3.771646,-0.590097,-0.684242
1.285653,-0.513309,-0.830593
-0.397638,0.192699,2.741941
-2.635373,1.715936,0.567678
1.064731,-0.772566,1.062375
0.407830,0.082161,0.399582
1.109859,-1.207096,1.355388
1.148184,-0.377189,-2.023256
-0.239900,0.059827,-1.928438
-0.478963,0.315654,-2.641418
-0.394336,0.166009,-2.172056
-0.500901,0.279473,-2.488038
-3.703767,1.269650,2.051358
-0.162458,-0.231909,-0.761774
0.128711,0.084827,2.475512
0.048519,-0.302653,1.032455
0.425123,-0.305797,1.322699
0.322923,-0.299034,1.273122
1.265706,0.071400,-0.665555
0.513293,-0.180784,0.805842
2.651986,-1.191075,-0.427704
1.353646,-1.208317,1.215402
0.246004,-0.362360,-0.117559
1.170889,-0.454473,-2.093604
-2.477625,1.114805,0.529820
-3.664423,2.878436,0.751444
2.572674,-0.592772,-0.026629
-2.890543,0.449425,0.421482
2.934788,0.108538,-0.658636
-0.081224,-0.248694,-0.654156
-1.180969,0.900480,-4.124173
-0.983881,0.867877,-4.191413
-3.472965,2.970249,0.705451
-2.767668,0.484353,0.788723
-0.013957,0.043286,-1.644933
-1.345462,0.879712,0.574368
-0.706351,0.161127,-0.323808
0.052048,-0.325349,-0.497509
0.888408,-0.255033,-1.827211
0.265247,-0.080465,2.301065
1.758626,0.086300,-0.720099
1.102064,-0.469016,1.584436
0.862791,-0.532504,1.170461
1.005974,-0.354758,-0.064513
-1.929041,-0.047455,0.622367
1.283018,-0.710037,1.053432
-3.449474,0.906518,0.751854
0.910803,-0.260464,-1.319137
-2.383693,1.093677,0.450762
1.817545,0.298513,-0.102854
2.155653,-1.078530,-0.545410
0.799867,-0.368090,-1.702187
-0.354328,0.214663,-2.189699
0.868846,-0.621030,1.666670
-1.006417,-0.440854,0.295519
-0.838257,0.595634,-3.329687
-0.003960,-0.105192,-1.637542
0.546717,-0.223641,0.545052
0.319495,-0.056915,1.562861
0.444368,-0.303616,0.116085
1.341601,-0.756146,-1.747092
2.082610,-0.191920,0.066138
-3.134104,1.083671,1.407819
2.335029,0.121862,-0.139875
1.292893,-0.518528,0.298555
-1.803203,-0.154219,0.174630
0.772691,-0.811939,-1.742350
0.997555,-0.503234,0.291718
2.212047,0.309355,-0.420579
2.505002,0.236232,-0.558345
-0.355683,0.319502,0.538808
1.335632,-0.398227,-1.668523
-0.539768,-0.517979,-0.216113
1.303482,0.307616,0.082220
1.431026,-0.735744,-0.025592
-3.186522,2.313696,0.633236
-2.842585,1.743284,0.615996
0.996067,-0.929575,1.109071
-3.452860,0.995517,0.810699
-0.376842,-0.219768,1.497706
-0.217636,-0.292790,0.785106
-0.263917,-0.205605,1.223847
3.023710,-0.123236,-0.244160
-0.290215,0.063271,-1.791679
3.950752,-0.915444,-0.727279
1.639744,-0.988535,-0.258643
1.568893,-0.976288,-0.257553
-0.884153,0.480846,-0.255550
0.297890,-0.214671,1.667636
2.339035,-0.524295,-0.914180
1.150638,-0.372506,0.077661
1.475780,-0.597213,1.484336
0.123578,-0.382617,0.420923
1.252675,-0.453124,-0.424822
-0.080756,-0.253640,0.778412
3.342421,-1.073220,-0.955245
0.790000,-0.255193,1.210616
0.301211,-0.325460,-0.237661
-2.395117,0.824344,0.826619
0.510863,-0.307434,1.384547
0.477158,-0.291169,1.437418
0.747794,-0.136612,-1.688620
-3.539359,1.158006,-0.005418
0.334234,0.087337,-2.006468
3.183566,-1.271452,-0.713796
-0.169243,-0.074324,1.978789
-3.480162,1.135969,1.788076
-2.887417,1.990299,0.629324
3.171719,-0.259099,-0.256234
0.726665,-0.571365,1.413120
0.364450,-0.168266,-1.709079
-0.703862,0.798478,0.407914
0.656155,-0.107961,-1.322302
0.321697,-0.384766,-1.706943
-2.720095,0.926695,0.425706
-0.950132,0.551916,4.424040
1.110328,-0.706281,-0.393704
0.670949,-0.634157,-1.820670
-0.776048,0.660555,-3.440629
0.303688,-0.375738,1.485130
0.563901,-0.318222,0.018137
0.757363,-0.302133,0.342765
-3.494909,2.331227,0.748179
-1.981117,0.173096,0.761779
-3.042645,2.241464,0.606380
-0.272027,0.076533,2.475041
1.430128,-0.564726,-0.575977
-3.788070,1.234977,2.009497
2.348223,-0.883997,-0.815734
0.180481,0.209026,-0.478964
2.790499,-1.231442,-0.570223
-2.133825,0.117463,0.708930
0.340591,-0.271388,-1.707399
-1.800734,-0.126347,0.579271
-0.761773,0.153693,0.631453
-2.439688,1.045661,0.251964
-0.447501,0.215231,3.269684
-0.804636,-0.333692,0.459878
0.756367,-0.411736,-1.140305
1.221967,-0.664594,-0.652623
0.276502,-0.366364,-0.852867
0.421722,-0.341145,-1.082842
0.579087,-0.458221,-0.801785
0.674482,-0.441044,-0.954964
0.786710,-0.426366,-1.115202
1.346559,-0.748783,-0.461172
0.306445,-0.382549,-0.821677
-3.473272,1.301753,-0.556433
0.749270,-0.566164,1.578347
-0.709009,0.806534,-0.084490
1.149156,-0.718625,-2.120978
1.399023,-0.648807,1.052991
0.558043,-0.586101,-1.657590
0.930212,-0.285376,-1.367286
-3.136378,2.820250,0.669085
-0.503880,0.193682,3.024806
-0.287970,-0.017476,2.161798
-0.230138,-0.011632,2.237727
-0.515756,0.169743,2.897999
0.929473,0.336522,-0.513878
0.859593,-0.996328,-1.842594
3.620213,-0.628805,-0.410521
0.473654,-0.105755,1.309019
0.274897,-0.234687,-0.572429
-2.651828,1.852113,0.538364
0.016509,-0.953378,-0.869899
-2.043872,1.098716,0.422560
-3.189964,0.990653,0.109755
-3.321610,1.054416,0.009604
-2.973788,0.941317,0.085038
-3.275187,1.095418,-0.172497
-3.366566,1.172012,-0.352430
1.375606,-0.793559,-0.723015
-2.605572,0.778823,0.325177
-0.414500,0.263989,-2.328286
1.660542,-0.571631,0.116356
0.171327,-0.925124,-0.729367
-0.818035,0.455168,-2.950926
-0.563724,0.392415,3.576893
1.247934,-0.717788,-2.136713
2.692346,-1.179645,-0.665223
0.432745,0.033169,-2.072662
0.509091,-0.045949,-1.445203
-3.217330,1.129639,1.456531
2.089155,-0.432591,-0.867831
-3.029633,1.042499,0.428411
0.715061,-0.300398,0.093186
1.785409,0.197486,-0.660868
2.118695,-0.273730,0.066199
-3.290466,1.055609,0.322901
-2.435364,1.244414,0.523272
1.465127,-1.195214,1.438486
-0.907544,0.728650,0.538626
-0.320434,-0.134766,-1.400865
1.349803,-0.978791,-1.641585
-0.953899,-0.459281,0.237616
-0.234877,0.688364,-0.196581
-0.183029,0.679746,-0.204811
-2.257186,1.208132,0.483024
-0.382500,0.450444,-2.871808
0.209482,-0.266970,0.421349
0.049215,-0.013296,0.473061
-3.181885,2.289854,0.697167
0.199303,0.028951,-1.602949
-0.125724,-0.111705,-1.545525
1.298644,-0.554594,1.244394
1.272804,-0.463731,-0.762172
0.781181,-0.248206,1.398177
2.674470,-0.928860,-0.889199
-0.707377,0.467582,-3.032369
-0.377022,0.258473,-2.307382
-0.712376,0.754932,-3.899908
0.501182,-0.177876,-1.756930
-3.432079,1.061058,0.085342
-3.464286,1.021333,0.249862
1.059705,-0.548326,0.644748
0.099322,-0.503684,0.483285
-0.981306,0.501670,4.152618
0.191455,-1.166279,0.841360
-0.674578,0.541066,0.560278
-3.495507,1.205580,-0.351855
3.710081,-0.535515,-0.836218
0.704318,-0.519137,-1.620527
-2.332417,0.822388,0.434278
0.433558,-0.244693,-1.447630
0.553594,-0.226690,-1.627840
-3.176564,1.155700,0.597479
-0.404496,0.204945,2.788490
3.079753,-0.418082,-1.017380
-0.097172,-0.666908,-0.096971
-0.055634,-0.679656,-0.050989
1.268257,0.025090,0.212466
-3.552473,1.164026,1.861398
-1.948207,0.385284,-0.032230
1.189546,-0.087699,0.247643
-1.242205,-0.334582,0.451948
1.159298,-0.392938,0.280584
0.348705,-0.264592,-0.443211
-3.545884,2.398684,0.755190
-0.158791,-0.000448,1.958852
-0.304614,0.185579,-2.105732
1.367796,-1.100852,1.543435
0.255637,-1.131601,0.806081
-2.332873,0.739070,0.102768
-0.011252,0.313285,-2.790071
2.125252,0.063519,-0.031766
1.294403,-0.519087,1.297985
1.161598,-0.701145,-0.715965
1.234999,0.029666,-0.674262
3.246739,-1.218153,-0.790045
2.854225,-0.045759,-0.212449
-1.127697,0.107173,0.688659
0.897130,-0.862146,0.126422
-2.242161,0.802155,0.813360
-0.198890,0.788751,0.144014
-0.134384,-0.111060,-1.147691
-0.059530,-0.199178,0.998053
-3.280473,1.714171,0.693229
-0.530790,0.414802,3.734442
2.164768,-0.868379,-0.769423
1.331479,-0.743197,-0.733823
1.965885,-0.838536,-0.725430
-0.257218,0.471319,0.471258
-2.202815,0.831855,0.801373
1.040248,-0.359666,0.594923
0.751282,-0.868925,1.641287
-0.573209,0.295263,3.180401
-2.878156,1.427206,0.550393
0.305357,-1.004745,0.872801
1.069870,-0.891431,-0.203751
0.379435,-0.780038,0.052613
1.154156,-0.906004,-0.207873
-0.625024,0.709581,-0.175015
-2.658880,0.959761,0.495831
-3.111490,1.077945,0.775324
0.758693,0.581226,-0.253463
-0.040188,-0.969348,0.858150
-1.784585,0.911046,0.047270
0.248296,-0.411998,-1.601571
1.412815,-0.827024,1.577082
-3.417691,2.968907,0.760126
1.344493,-0.777927,-1.796952
3.187496,-0.425390,-0.206785
0.713866,-0.192379,0.340513
0.184432,-0.715515,-1.056082
0.438691,-0.084465,1.448288
0.883351,0.551116,-0.013371
0.388961,0.061266,-2.127228
0.609018,-0.077334,-1.450921
-3.343051,0.881636,0.619361
1.770151,-1.002045,-0.521934
0.179675,-0.178276,-0.801324
0.120204,-0.100772,-1.094839
0.766067,-0.647069,-1.913382
-1.969880,0.425095,0.819809
0.110326,-0.189292,0.888571
-3.490253,0.980938,1.074882
0.848248,-0.916445,1.202201
1.243379,-0.327169,1.388964
-3.243658,0.600169,0.653456
0.734419,-0.555810,-1.910504
-0.996764,0.920653,0.054407
1.002869,-0.643037,1.688118
-0.107415,-0.270745,-0.840146
-0.513131,0.528492,0.518925
0.968056,-0.326972,-1.332802
-0.347813,-0.208632,-0.405442
-0.841988,0.707829,-3.573534
2.963802,-0.718815,-1.021294
0.555456,0.463021,0.226252
3.322300,-1.186143,-0.704928
1.174572,-0.433275,0.377806
0.484903,-0.433315,-1.646986
-1.432242,-0.349778,0.178083
-2.521271,0.792830,0.844724
1.537862,-0.002109,0.152894
3.366650,-0.355980,-0.953875
-0.199890,0.046808,-1.708442
1.399811,-0.307991,-0.732387
1.550823,0.441770,-0.309535
1.597336,0.435481,-0.298107
-0.839956,0.742196,-0.143532
1.079228,-0.374737,0.490683
-2.072397,-0.045855,0.556510
1.255313,0.149823,-0.640026
1.454867,-0.587285,0.056482
2.020529,-1.032610,-0.237533
-2.212248,-0.008553,0.376373
0.985552,-1.042587,-1.906731
-2.074031,-0.043534,0.259400
-2.544985,0.324474,0.752688
2.118324,0.231767,-0.153654
2.543196,0.183962,-0.295583
1.321715,-0.818529,-1.703651
-3.323489,1.083235,0.244883
0.505427,0.508323,0.207272
-0.512119,0.431760,-2.790464
-3.327298,0.683248,0.588949
0.717788,-0.347454,-0.217796
-1.291738,1.015861,-4.371587
0.847670,0.455854,-0.417941
1.375346,-0.447139,1.402752
1.157558,-1.133528,-1.932673
1.110404,-0.334879,-1.611858
0.379216,0.040283,-1.770894
-3.276650,1.050030,0.522301
-0.055118,0.058091,2.125395
-0.452027,0.294484,3.145031
1.151315,-1.213997,1.330450
0.937172,-0.458639,0.304387
0.549329,-0.314178,0.381847
-0.037572,0.329596,-2.823352
0.639297,-0.371937,1.421650
0.261939,-0.228115,0.596490
-0.106487,0.205169,-2.154415
-0.160520,0.250455,-2.284563
2.748587,-1.206576,-0.632273
0.624791,-0.283747,-0.407914
1.551512,-0.523469,-0.734542
1.366407,-0.423415,-1.905939
0.190849,-0.403317,1.597965
-0.072636,0.125141,-1.919612
0.072370,0.087875,2.276074
-0.032815,0.141315,2.506967
1.332352,-0.809075,1.373052
1.289474,-0.551334,1.410097
-3.106217,1.062796,0.309169
0.733957,-0.480255,-1.711796
1.463298,-0.432248,-1.765731
2.959138,-0.872123,-0.155553
-3.194130,2.837035,0.704282
0.915484,-0.989147,1.487337
0.845903,-0.250588,0.737523
-0.179777,0.414932,-2.924287
3.600421,-1.056694,-0.976358
2.740420,-0.915232,-0.914411
0.713910,-0.276697,-0.463039
1.530722,0.376019,-0.075098
1.338159,-0.724464,1.250390
1.332837,-0.731543,1.362144
3.321399,-1.592999,-0.682598
2.202286,-0.330993,0.052304
-0.415880,0.176962,-2.297901
-0.354453,0.114331,-1.944372
2.899888,0.004164,-0.816523
-0.366056,0.550580,-0.289279
-1.371171,1.180066,-4.636123
-0.726973,0.400296,3.622540
2.097753,-0.939826,-0.117549
0.843625,-0.859736,0.021743
1.337172,-0.942959,-0.052798
1.365479,-0.944907,-0.137619
0.166675,-0.010050,2.542012
1.364459,-0.512772,-0.534509
1.380768,-0.570625,0.218947
2.667879,-0.790577,-0.084750
-1.295486,0.609580,-0.161543
-0.453109,0.567172,-3.267722
-1.715468,0.003364,0.693398
-2.834696,0.971270,0.530585
1.221449,-0.282861,-1.837436
-1.497897,1.002802,0.116559
-0.655633,0.813324,-0.077380
0.948098,-0.276958,-0.664253
0.250776,0.153016,0.427910
-0.133547,-0.357859,1.391915
-0.894186,-0.183546,0.562214
-3.214228,1.052462,0.790990
-0.569144,0.349008,-3.020011
1.259433,-0.512830,-0.714531
2.439369,-1.050887,-0.725673
-2.373309,0.377127,0.805663
3.132457,-1.247025,-0.466495
1.323903,-0.471519,-1.995088
1.191421,-0.376060,-1.779266
2.956035,-1.246163,-0.684915
2.233801,-0.494353,0.042960
0.226607,-0.060415,-1.928764
0.170302,-0.045852,-1.928958
0.705303,-0.395506,1.408496
-0.804651,-0.287511,-0.174643
0.748177,-0.305988,-1.871173
-0.447907,0.517069,-0.301022
-3.795041,3.696405,0.852081
-3.577571,1.267405,2.047097
2.135895,-0.436388,-0.877354
-1.182482,0.712815,-0.132663
0.551546,-0.268331,-0.444014
-0.119944,-0.230347,1.252062
-0.148865,-0.199115,1.381450
1.430126,-0.690357,-0.736415
-0.027084,-0.220336,1.376377
0.003934,-0.269131,1.161495
0.080810,-0.257811,1.279863
-2.001892,-0.114012,0.320802
-0.014286,-0.146365,-0.970232
0.061143,0.338222,0.431631
0.410620,0.503618,-0.371411
-1.738119,0.709525,-0.053669
-0.182956,-0.334037,0.548479
-0.088273,0.182763,2.708397
-2.987036,0.446853,0.525151
0.157022,0.062617,2.512898
1.065617,-1.114142,-1.907117
0.137892,-0.155530,-1.573588
-0.746374,-0.108952,-0.272418
-0.951143,-0.427575,0.336800
3.298357,-1.619278,-0.635594
-0.442552,0.339055,-2.761569
-0.116541,0.189825,-2.522641
0.094764,0.061477,-2.251269
0.391055,-0.068583,-2.054473
0.146371,0.012357,-2.120204
-0.261131,0.292826,-2.763989
0.246184,-0.023736,-2.082105
-0.042362,0.135353,-2.392481
-0.044118,0.189262,-2.589032
0.028153,0.105984,-2.352024
-3.490567,1.028420,0.802136
0.550769,-0.135150,-0.576480
-1.045758,-0.343371,-0.040961
0.853965,-0.996813,1.215799
0.751890,-0.365443,-1.593629
-0.540543,0.837106,0.272586
-0.507460,0.624953,-3.544307
2.671747,-1.069844,-0.241565
1.221974,-0.330787,-1.970632
0.697446,-0.565017,0.346875
0.311437,-0.080733,1.401685
-0.760699,-0.491981,0.241925
-1.342889,-0.368544,0.162749
-1.211815,-0.397284,0.145430
-0.106425,0.162511,-2.026500
0.132592,0.173257,-2.143572
-0.543800,0.602567,-3.336853
0.267399,0.108159,-1.991965
-3.116819,1.053995,1.012479
0.156899,-0.438795,-0.520499
1.312715,-1.114288,-1.707840
1.531485,-0.232063,-0.761578
-0.588053,0.427149,0.569186
1.286234,-0.682787,0.168020
0.119196,-0.439148,-0.436636
0.962842,-0.451558,1.197801
0.092281,-1.113787,0.887782
-3.002199,1.078202,0.441514
0.599973,-0.272587,0.223459
-3.368223,2.938071,0.686691
-0.241491,-0.173803,-1.008613
2.874814,-0.894772,-0.961695
-2.770914,0.789377,0.746071
-2.677214,0.756066,0.664047
-0.579362,0.159659,-2.284862
0.838116,-0.233451,-0.643906
1.682663,0.377803,-0.154519
-2.911157,1.583647,0.560955
2.173515,-1.094704,-0.343549
-1.482992,0.335921,-0.173258
0.525993,-0.183183,-0.812588
1.391902,-1.150904,1.473431
-0.447545,-0.147897,-0.362348
0.570788,-0.179871,0.833972
-2.419785,1.269530,0.465823
-0.701562,0.182961,0.623667
0.425486,-0.146930,-0.932209
-3.322656,0.953401,0.805707
-0.981507,0.943406,0.320343
0.939037,-0.978609,1.640424
0.523435,-0.597648,1.479339
-0.915342,0.470004,3.948763
1.392762,-1.231973,1.327291
-0.369271,0.292271,3.143651
0.153595,0.018259,1.953541
1.472114,-1.243174,1.227476
3.346609,-0.546917,-0.257314
-0.783213,0.461213,-3.008181
-0.317210,-0.010582,0.536224
1.353623,-0.939864,1.395125
1.305605,-0.698662,-1.963807
0.200642,-0.467869,-0.529587
-2.853807,1.614190,0.551494
-3.460035,1.074066,0.605856
-0.151148,-0.035883,1.818879
1.629247,0.199770,-0.646705
3.378245,-0.184216,-0.483786
-1.592459,0.243281,-0.134656
0.269469,-0.246228,0.436741
-3.589632,1.332315,-0.701224
-2.130740,0.401795,0.030965
-1.411135,-0.118727,0.640401
0.003021,-0.166017,1.668246
-0.185735,0.366610,-3.103712
1.275702,-0.522824,-1.963013
3.401944,-1.051442,-0.344346
-0.278009,-0.626715,0.184775
-1.594978,1.013351,0.530714
0.444973,-0.532960,-1.654132
1.218681,-0.393260,1.494739
3.664105,-0.887568,-0.416814
-2.301778,1.162720,0.400399
0.097988,-0.730686,0.226824
0.003281,-0.703058,0.169644
0.255878,0.054312,-1.737144
0.915367,-0.345769,-0.324591
1.212884,-0.632108,-0.725892
1.346979,-0.388856,1.318784
-2.795398,1.147969,0.461133
-0.241007,0.099126,-1.872801
-2.164670,0.856294,0.788344
1.370913,-0.622272,0.190389
1.965250,0.253867,-0.611168
-2.046810,0.389567,0.001634
-3.871480,1.318305,2.322826
0.790681,-0.176391,-1.217475
0.784432,-0.557362,-0.642658
0.923162,-0.442434,1.399716
-0.313038,-0.498804,0.494250
1.867032,-0.707643,0.046034
2.705739,-0.149774,-0.919981
0.327093,0.034232,-1.689947
-1.776686,0.512323,0.802082
1.011589,-0.557466,-1.496211
3.410543,-1.384549,-0.824959
1.178112,-1.130815,1.559682
0.667219,-0.531805,-1.622153
1.261962,-1.258524,1.343034
0.078552,-0.155777,-0.905016
3.292548,-1.684365,-0.656418
1.770851,-0.039910,-0.766579
-0.771676,0.759207,-3.992879
-3.239565,1.042258,0.626705
0.405656,0.636378,-0.214623
-2.890593,2.114228,0.630946
-2.218507,1.122563,0.474465
0.733709,-0.144141,-1.294911
-0.214584,-0.279071,0.935548
-0.208192,-0.241628,1.124305
0.829884,-0.520183,1.550121
-0.718998,0.464799,-2.954500
0.579201,-0.103828,-1.210465
0.300534,-0.469959,-0.494790
-2.065516,0.415240,0.820903
1.241040,-1.219659,1.457742
1.301442,-0.448534,0.134142
-0.636740,0.683793,-3.591261
-0.197875,-0.347760,1.485052
1.340981,-0.543970,-2.107458
-0.576458,0.788005,0.364904
2.677301,0.059196,-0.218556
-0.511089,0.234897,2.942835
-1.148749,-0.219857,0.562984
0.991880,-0.403751,1.556989
0.028187,-0.923832,0.766482
-0.851982,0.475564,4.128946
-0.197952,-0.266354,-1.372929
-3.414911,3.109387,0.701523
1.324701,-0.593198,-1.768966
1.073682,0.390259,-0.480026
-3.081335,0.823010,0.672203
-3.652632,2.916885,0.793913
-3.625276,1.257344,1.978144
-2.735176,0.378562,0.728688
1.159840,-0.407495,-0.391616
-0.287934,-0.050754,1.998828
-1.058186,0.337013,-0.251882
0.824336,-0.736044,-2.000223
0.901671,-0.665947,0.305402
0.089094,0.105607,2.529064
3.346848,-0.109771,-0.614744
-0.234783,-0.151595,-1.320272
-0.334145,0.272027,-2.338502
-2.338437,0.535497,0.840586
-1.124422,0.796026,0.562988
3.223332,-0.170003,-0.877251
1.266367,-0.394191,-2.058504
0.505114,-0.030072,-2.070235
0.446711,-0.305120,-0.302539
0.897271,-0.902587,-1.853908
0.796676,-0.498037,1.620941
-3.338669,1.466798,0.683362
-0.241198,-0.139944,1.487017
2.023933,-1.053700,-0.511323
-0.806257,0.159331,-0.302958
-3.383765,0.916798,0.711249
-0.636087,0.323390,0.601615
2.931282,-1.067801,-0.887338
1.307878,-0.671887,-1.842845
-1.073304,0.466776,0.678686
0.766651,-0.755472,-1.539873
-3.312639,0.764840,0.800726
-0.068684,-0.272010,-1.461775
-2.012364,1.121611,0.299241
0.165630,-1.107808,0.828998
-2.969697,1.990841,0.584811
-1.563733,-0.274417,0.467358
0.704666,-0.532903,1.497047
1.163437,-0.323111,-2.003256
-3.310084,1.338920,0.651335
-2.827253,0.817075,0.378508
-2.918061,0.837053,0.391336
-0.041532,-0.109493,-1.384727
1.719479,-0.615432,0.095114
1.041367,-1.063475,1.146498
-0.489391,0.379990,3.546418
2.789623,-1.112283,-0.282525
1.265346,-0.300049,0.231374
-1.597775,-0.156752,0.033287
0.093598,-0.124582,-1.012598
1.391735,-0.820680,-1.587874
1.140767,-1.190229,1.500077
-3.532927,2.636349,0.713245
2.768635,-0.288819,-0.084104
-2.545660,1.221771,0.482443
-0.134072,-0.308413,-0.480364
0.494113,-0.102568,1.755047
-0.011212,-0.426773,-0.488317
0.294881,-0.495122,0.286677
0.442549,0.532582,-0.344704
0.148023,-0.401862,0.455464
-2.995363,1.033573,1.147431
1.313037,-0.924067,1.175597
2.285922,-1.123507,-0.401540
1.326132,-0.786484,-2.043466
2.271396,-0.446359,0.042086
3.081333,-0.316105,-0.985023
-0.661380,0.368114,3.480406
-3.405018,2.018164,0.722947
-0.008786,-0.889576,-0.854057
3.294114,-1.354492,-0.666916
1.268562,-0.906646,-1.720223
1.094388,-0.287042,-1.694935
-3.336795,0.716303,0.763138
-2.085589,0.834807,0.434738
-0.173236,-0.270005,-0.453302
3.160758,-1.230199,-0.441124
2.592700,-1.169407,-0.624522
-3.694582,0.934601,0.764854
0.973785,-0.291527,-1.827920
-3.081078,1.741807,0.598068
0.004350,-0.468952,-0.218455
0.952981,-0.694652,-0.287547
1.246737,-0.747513,-0.371690
0.931187,-0.666818,-0.368954
-0.186362,-0.451198,-0.103133
0.243522,-0.495690,-0.346585
