0.254906,-0.470401,0.269343
0.254906,-0.647242,0.290183
0.254906,-0.279178,0.306256
0.254906,-0.369620,0.314382
0.254906,-0.548130,0.259647
0.254906,-0.626019,0.315127
0.254906,-0.768823,0.308167
0.254906,-0.690390,0.309997
0.254906,-0.573979,0.300724
0.254906,-0.662771,0.232731
0.254906,-0.400156,0.285938
0.254906,-0.575689,0.318466
0.254906,-0.762567,0.185620
0.254906,-0.635091,0.271354
0.254906,-0.496713,0.236996
0.254906,-0.711030,0.326533
0.254906,-0.703365,0.308991
0.254906,-0.532319,0.313135
0.254906,-0.699322,0.328685
0.254906,-0.310780,0.328102
0.254906,-0.162123,0.270208
0.254906,-0.151260,0.290887
0.254906,-0.144421,0.264173
0.254906,-0.408303,0.218167
0.254906,-0.073713,0.281613
0.254906,-0.318626,0.237941
0.254906,-0.107045,0.252405
0.254906,-0.573395,0.181415
0.254906,-0.034567,0.227300
0.254906,-0.665970,0.192922
0.254906,-0.452941,0.207787
0.254906,-0.044363,0.270710
0.254906,-0.113040,0.237740
0.254906,-0.089242,0.253350
0.254906,-0.514496,0.200345
0.254906,-0.095378,0.292456
0.254906,-0.461128,0.197810
0.254906,-0.221304,0.198876
0.254906,-0.056031,0.206399
0.394149,-0.517071,-0.330699
0.374435,-0.331741,-0.330699
0.382683,-0.719156,-0.330699
0.414728,-0.416309,-0.330699
0.386485,-0.149953,-0.330699
0.312518,-0.518559,-0.330699
0.352710,-0.553984,-0.330699
0.298678,-0.768662,-0.330699
0.327183,-0.650259,-0.330699
0.407406,-0.756190,-0.330699
0.359590,-0.772283,-0.330699
0.412173,-0.002059,-0.330699
0.285281,-0.642816,-0.330699
0.378962,-0.563076,-0.330699
0.398957,-0.292254,-0.330699
0.315254,-0.671361,-0.330699
0.400586,-0.569936,-0.330699
0.331488,-0.690290,-0.330699
0.390408,-0.356263,-0.330699
0.405092,-0.071580,-0.330699
0.418490,0.006953,-0.330699
0.317326,-0.588462,-0.330699
0.293187,-0.750336,-0.330699
0.388336,-0.710507,-0.330699
0.303868,-0.575528,-0.330699
0.346575,-0.476456,-0.330699
0.406621,-0.480178,-0.330699
0.254906,-0.400377,-0.226780
0.254906,-0.593652,-0.277130
0.254906,-0.597635,-0.220765
0.254906,-0.751644,-0.231105
0.254906,-0.636640,-0.242691
0.254906,-0.582709,-0.245407
0.254906,-0.682042,-0.190571
0.254906,-0.664602,-0.288536
0.254906,-0.748626,-0.259026
0.254906,-0.123118,-0.190289
0.254906,-0.629580,-0.259710
0.254906,-0.507274,-0.252910
0.254906,-0.228546,-0.215816
0.254906,-0.771679,-0.254540
0.254906,-0.472151,-0.224688
0.254906,-0.720263,-0.300163
0.254906,-0.648811,-0.248585
0.395577,0.146075,0.281271
0.202564,0.146075,0.074720
0.398655,0.146075,-0.100994
0.335350,0.146075,0.204468
0.413239,0.146075,-0.315089
0.391514,0.146075,-0.093129
0.284517,0.146075,0.156934
0.375924,0.146075,0.145750
-0.131282,0.146075,0.329912
0.327746,0.146075,0.246249
0.045176,0.146075,0.186847
0.310426,0.146075,0.111110
0.275163,0.146075,-0.043040
0.241730,0.146075,0.181657
0.315676,0.146075,-0.145631
0.154728,0.146075,0.327116
0.187859,0.146075,0.158242
0.157886,0.146075,0.274633
0.279226,0.146075,0.212072
0.154889,0.146075,0.313839
0.053886,0.146075,0.264495
0.068068,0.146075,0.210222
0.415854,0.146075,-0.035516
0.355003,0.146075,0.255121
0.409900,0.146075,0.258842
0.078448,0.146075,0.167394
0.321490,0.146075,0.029076
0.146923,0.146075,0.128832
0.291296,0.146075,-0.160296
0.337523,0.146075,-0.157560
0.313926,0.146075,0.321463
0.408271,0.146075,0.242327
0.360696,0.146075,-0.098137
0.223867,0.146075,0.294286
-0.057778,0.146075,0.330435
0.253820,0.146075,0.012742
0.095788,0.146075,0.210966
0.091905,0.146075,0.188939
0.351584,0.146075,-0.028254
0.089713,0.146075,0.176547
0.303728,0.146075,-0.036944
0.380410,0.146075,0.181657
0.242957,0.146075,0.256529
0.080118,0.146075,0.143698
0.130790,0.146075,0.143235
0.169211,0.146075,0.028936
0.261645,0.146075,-0.002807
-0.061580,0.146075,0.248321
0.132158,0.146075,0.191775
0.289687,0.146075,-0.108075
0.270999,0.146075,0.126680
0.398997,0.146075,0.053095
0.253679,0.146075,0.147198
0.144066,0.146075,0.292013
0.063823,0.146075,0.198715
0.232094,0.146075,-0.066656
0.314087,0.146075,0.222553
0.003254,0.146075,0.219736
0.204254,0.146075,-0.056718
0.148432,0.146075,0.215572
0.065895,0.146075,0.290062
0.110553,0.146075,0.203463
-0.170327,-0.139673,0.217302
-0.176865,-0.124224,0.217302
-0.281911,-0.568990,0.217302
-0.257329,-0.482793,0.217302
-0.266925,-0.144984,0.217302
-0.271592,-0.406955,0.217302
-0.261353,-0.311263,0.217302
-0.250047,-0.396656,0.217302
-0.259562,-0.190748,0.217302
-0.239265,-0.226997,0.217302
-0.206617,-0.089001,0.217302
-0.244717,-0.181857,0.217302
-0.276037,-0.609222,0.217302
-0.273583,-0.552113,0.217302
-0.180385,-0.169606,0.217302
-0.266482,-0.673835,0.217302
-0.243087,-0.474163,0.217302
-0.240452,-0.441153,0.217302
-0.191409,-0.458493,-0.206382
-0.171052,-0.323715,-0.206382
-0.159706,-0.038530,-0.206382
-0.205390,-0.122856,-0.206382
-0.190966,-0.136857,-0.206382
-0.218908,-0.349926,-0.206382
-0.172098,-0.505343,-0.206382
-0.162945,-0.076931,-0.206382
-0.247774,-0.136555,-0.206382
-0.162884,-0.361976,-0.206382
-0.162402,-0.594859,-0.206382
-0.225566,-0.176425,-0.206382
-0.197202,-0.470200,-0.206382
-0.212913,-0.400257,-0.206382
-0.151780,-0.068121,-0.206382
-0.245622,-0.038067,-0.206382
-0.211264,-0.361433,-0.206382
-0.203298,-0.262341,-0.206382
-0.162522,-0.536221,-0.206382
0.308435,-0.286360,-0.330699
0.351805,-0.060114,-0.330699
0.342612,0.036201,-0.330699
0.305357,-0.196823,-0.330699
0.348888,0.051067,-0.330699
0.268203,-0.038188,-0.330699
0.311231,-0.107286,-0.330699
0.280996,-0.482511,-0.330699
0.285583,-0.511056,-0.330699
0.263536,-0.146493,-0.330699
0.288681,-0.421560,-0.330699
0.284818,-0.361855,-0.330699
0.256938,-0.570479,-0.330699
0.333177,-0.229210,-0.330699
0.373047,0.080758,-0.330699
0.344784,-0.124305,-0.330699
0.261584,-0.300903,-0.330699
0.343135,-0.039576,-0.330699
0.281600,-0.542960,-0.330699
0.262590,-0.435420,-0.178320
0.336718,-0.651224,-0.178320
0.336155,-0.435580,-0.178320
0.300227,-0.555372,-0.178320
0.323361,-0.667820,-0.178320
0.286870,-0.204246,-0.178320
0.311814,-0.326370,-0.178320
0.328289,-0.407197,-0.178320
0.319338,-0.354754,-0.178320
0.256958,-0.210844,-0.178320
0.273473,-0.450144,-0.178320
0.385057,-0.659512,-0.178320
0.317185,-0.557061,-0.178320
0.288620,-0.396093,-0.178320
0.348908,-0.598239,-0.178320
0.272849,-0.409832,-0.178320
0.327505,-0.453826,-0.178320
0.308938,-0.648891,-0.178320
0.284637,-0.373482,-0.178320
0.349210,-0.478790,-0.178320
0.303446,-0.683772,-0.178320
0.201538,0.068930,-0.330699
0.114798,0.047828,-0.330699
0.287715,0.059999,-0.330699
-0.040981,0.104676,-0.330699
-0.014629,0.105823,-0.330699
0.078951,0.095101,-0.330699
0.225657,0.012002,-0.330699
0.059740,0.142374,-0.330699
0.174039,0.050021,-0.330699
0.412254,0.143339,-0.330699
0.112927,0.137928,-0.330699
0.279327,0.041130,-0.330699
0.055475,0.070338,-0.330699
0.063904,0.128675,-0.330699
0.352670,0.124571,-0.330699
-0.285633,-0.570700,-0.250577
-0.285633,-0.124506,-0.220202
-0.285633,-0.669128,-0.265905
-0.285633,-0.710064,-0.274173
-0.285633,-0.471709,-0.212377
-0.285633,-0.172945,-0.214670
-0.285633,-0.469798,-0.250134
-0.285633,-0.432664,-0.266509
-0.285633,-0.213338,-0.211592
-0.285633,-0.655549,-0.263210
-0.285633,-0.432483,-0.239392
-0.285633,-0.239791,-0.218029
-0.285633,-0.665286,-0.299258
-0.285633,-0.653820,-0.235852
-0.285633,-0.558510,-0.209138
-0.285633,-0.617550,-0.241223
-0.285633,-0.261536,-0.218934
-0.156528,-0.123621,0.217302
-0.250228,-0.725835,0.217302
-0.168356,-0.226655,0.217302
-0.174753,-0.492871,0.217302
-0.194829,-0.588342,0.217302
-0.183523,-0.433146,0.217302
-0.228322,-0.632859,0.217302
-0.184972,-0.340190,0.217302
-0.163709,-0.579732,0.217302
-0.149910,-0.134745,0.217302
-0.206798,-0.560541,0.217302
-0.225184,-0.556317,0.217302
-0.204042,-0.445618,0.217302
-0.205591,-0.476537,0.217302
-0.168617,-0.326250,0.217302
-0.202815,-0.743778,0.217302
0.254906,-0.020808,-0.238950
0.254906,-0.028190,-0.167135
0.307972,-0.222250,0.330556
0.370070,0.093049,0.330556
0.341928,-0.369459,0.330556
0.372444,-0.392130,0.330556
0.349773,-0.156973,0.330556
0.391715,-0.131647,0.330556
0.368260,-0.506168,0.330556
0.393827,0.115921,0.330556
0.417102,-0.187972,0.330556
0.405998,-0.045812,0.330556
0.382100,0.090495,0.330556
0.393928,-0.633522,0.330556
0.341586,-0.178658,0.330556
0.393164,-0.439664,0.330556
0.402015,-0.310599,0.330556
0.322979,-0.103042,0.330556
0.407124,-0.503211,0.330556
0.331387,-0.333149,0.330556
0.305478,-0.195757,0.330556
0.396925,-0.651486,0.330556
0.354762,-0.218126,0.330556
0.399782,-0.058123,0.330556
0.391051,-0.536402,0.330556
0.375079,-0.328684,0.330556
0.369728,-0.340532,0.330556
0.355406,-0.093889,0.330556
0.375663,-0.494963,0.330556
-0.167994,-0.471266,-0.330699
-0.229408,-0.688399,-0.330699
-0.149729,-0.723884,-0.330699
-0.187708,-0.603670,-0.330699
-0.160370,-0.341075,-0.330699
-0.205028,-0.696164,-0.330699
-0.231742,-0.658205,-0.330699
-0.181995,-0.626261,-0.330699
-0.209493,-0.370103,-0.330699
-0.173848,-0.587960,-0.330699
-0.278773,-0.781295,-0.330699
-0.198228,-0.380945,-0.330699
-0.230354,-0.768763,-0.330699
-0.222549,-0.749974,-0.330699
-0.197987,-0.688620,-0.330699
-0.155321,-0.666131,-0.330699
-0.192817,0.286948,0.330556
-0.198088,0.373165,0.330556
-0.185193,0.305797,0.330556
-0.257832,0.640467,0.330556
-0.169322,0.133684,0.330556
-0.142648,0.781984,0.152649
-0.142648,0.778383,0.187671
-0.142648,0.779248,-0.042677
-0.142648,0.696973,0.230056
-0.142648,0.411788,0.157880
-0.142648,0.640508,0.148747
-0.142648,0.617777,0.296942
-0.142648,0.653422,0.293281
-0.142648,0.718920,0.006868
-0.142648,0.540108,0.328564
-0.142648,0.481671,0.292315
-0.142648,0.495954,0.080211
-0.142648,0.776492,0.056434
-0.142648,0.355926,0.313457
-0.142648,0.666498,-0.151767
-0.142648,0.438422,0.105035
-0.142648,0.706166,-0.020268
-0.142648,0.787395,-0.009385
-0.142648,0.489798,0.210181
-0.142648,0.733866,0.238062
-0.142648,0.758830,0.094876
-0.142648,0.695686,0.300965
-0.142648,0.623731,0.189140
-0.142648,0.661308,-0.115055
-0.142648,0.682731,-0.153416
-0.142648,0.478252,0.218791
-0.142648,0.272102,0.327337
-0.142648,0.734892,0.017288
-0.142648,0.703511,-0.075185
-0.142648,0.582936,0.102399
-0.142648,0.762552,-0.165687
-0.142648,0.738091,0.291490
-0.142648,0.394991,0.318828
-0.142648,0.755793,0.299959
-0.142648,0.336393,0.202115
-0.142648,0.660664,0.243493
-0.142648,0.500359,0.139473
-0.142648,0.572435,0.294930
-0.142648,0.494968,0.106785
-0.142648,0.649459,-0.059374
-0.142648,0.553305,0.071984
-0.142648,0.787878,0.277952
-0.142648,0.434922,0.240577
-0.142648,0.766454,0.145669
-0.142648,0.727711,0.053296
-0.142648,0.619366,0.026622
-0.142648,0.251946,0.278455
-0.142648,0.593195,0.256609
-0.142648,0.507158,0.237660
-0.142648,0.606632,-0.100089
-0.142648,0.600980,-0.041732
-0.142648,0.667101,-0.184154
-0.142648,0.537131,0.049233
-0.142648,0.562679,0.278113
-0.142648,0.211070,0.267331
-0.142648,0.588789,-0.066978
-0.142648,0.688384,0.075545
-0.142648,0.730265,-0.165808
-0.142648,0.530332,0.098960
-0.142648,0.737145,-0.055974
-0.142648,0.429108,0.150980
-0.142648,0.626125,-0.092384
-0.142648,0.507098,0.045873
-0.142648,0.405230,0.194269
-0.142648,0.762351,0.080815
-0.142648,0.423636,0.295634
-0.142648,0.685527,0.186203
-0.142648,0.737045,0.059975
-0.142648,0.533008,0.147359
-0.142648,0.516170,0.106503
-0.142648,0.517236,0.262785
-0.142648,0.616871,0.134223
-0.285633,0.892743,-0.049678
-0.285633,0.815618,-0.028013
-0.285633,0.845691,-0.130102
-0.285633,0.831952,-0.000534
-0.285633,0.896645,-0.009768
-0.285633,0.858747,0.100529
-0.285633,0.818193,-0.190329
-0.285633,0.835935,0.025033
-0.285633,0.852752,0.136637
-0.285633,0.828090,-0.049436
-0.285633,0.947177,0.023685
-0.285633,0.817227,0.298591
-0.285633,0.834668,-0.033364
-0.285633,0.882765,0.145468
-0.285633,0.852953,-0.101698
-0.285633,0.865968,0.061403
-0.285633,0.817127,0.011133
-0.285633,0.816342,-0.070055
-0.285633,0.849654,0.177050
-0.285633,0.905416,0.122033
-0.172359,-0.781496,0.293703
-0.175960,-0.781496,0.247175
-0.159626,-0.781496,0.275498
0.421527,0.104375,0.052331
0.421527,0.089931,-0.013791
0.421527,0.130546,-0.053761
0.421527,0.125476,0.108535
0.421527,0.082569,0.241180
0.421527,0.045314,0.193022
0.421527,0.004116,0.141807
0.421527,0.034129,0.055710
0.421527,0.083715,0.218610
0.421527,0.140402,-0.155408
0.421527,0.072330,0.188959
0.421527,0.090615,-0.078565
0.421527,0.102242,-0.125998
0.421527,0.139397,-0.200930
0.421527,0.025298,0.229211
0.421527,-0.009643,0.177010
0.421527,0.073818,-0.009707
0.421527,0.049458,0.073493
0.421527,0.063237,0.165322
0.421527,0.109384,-0.219457
0.421527,0.135132,0.085100
-0.213537,0.564248,0.330556
-0.162663,0.664043,0.330556
-0.153309,0.670078,0.330556
-0.190624,0.527415,0.330556
-0.149729,0.515969,0.330556
-0.197846,0.758589,0.330556
-0.243087,0.724150,0.330556
-0.186320,0.394388,0.330556
-0.142748,0.349086,0.330556
-0.234256,0.604661,0.330556
-0.196518,0.443049,0.330556
-0.149246,0.727831,0.330556
-0.168115,0.643404,0.330556
-0.202392,0.480585,0.330556
-0.156045,0.447132,0.330556
-0.229469,0.643726,0.330556
0.421527,0.011036,0.281432
0.421527,-0.050318,0.203805
0.421527,-0.104128,0.221768
0.421527,0.000274,0.254296
0.421527,-0.691899,0.313296
0.421527,-0.391768,0.317762
0.421527,-0.351455,0.330194
0.421527,-0.660679,0.317581
0.421527,-0.161881,0.328403
0.421527,-0.283604,0.237298
0.421527,0.123384,0.327780
0.421527,-0.549236,0.308247
0.421527,-0.040340,0.297203
0.421527,-0.202818,0.323938
0.421527,0.081523,0.286964
0.421527,-0.387242,0.277409
0.421527,-0.399070,0.275860
0.421527,-0.149228,0.289076
0.421527,-0.296900,0.318204
0.421527,0.095926,0.321624
0.421527,-0.081478,0.326512
0.421527,-0.560340,0.296801
0.421527,-0.058867,0.264012
0.421527,-0.573818,0.319432
-0.181150,0.634272,-0.330699
-0.153128,0.207610,-0.330699
-0.209795,0.457954,-0.330699
-0.220738,0.578691,-0.330699
-0.162864,0.750563,-0.330699
-0.161939,0.073456,-0.330699
-0.161094,0.776211,-0.330699
-0.246788,0.780596,-0.330699
-0.182558,0.325993,-0.330699
-0.158559,0.514320,-0.330699
-0.212973,0.665894,-0.330699
-0.203982,0.429611,-0.330699
-0.195472,0.667845,-0.330699
-0.174994,0.266731,-0.330699
-0.238239,0.603293,-0.330699
-0.267810,0.769633,-0.330699
-0.227980,0.484709,-0.330699
-0.166083,0.635036,-0.330699
0.388456,-0.781496,-0.276325
0.322154,-0.781496,-0.297186
0.286046,-0.781496,-0.327883
0.405957,-0.781496,-0.211029
0.328772,-0.781496,-0.319132
-0.197484,0.888800,0.168863
-0.172580,0.816060,0.301025
-0.154536,0.881961,0.181295
-0.189599,0.813848,0.305028
-0.170549,0.899301,0.149813
-0.186983,0.847542,0.243795
-0.218485,0.851686,0.236292
-0.207120,0.809141,0.313558
-0.182276,0.870052,0.202940
0.312498,-0.525660,0.180208
0.334042,-0.475330,0.180208
0.376387,-0.631511,0.180208
0.399661,-0.167011,0.180208
0.388255,-0.671280,0.180208
0.303748,-0.584580,0.180208
0.411851,-0.558731,0.180208
0.401974,-0.748345,0.180208
0.406199,-0.520108,0.180208
0.364941,-0.600391,0.180208
0.329838,-0.610429,0.180208
0.391112,-0.693951,0.180208
0.331810,-0.694917,0.180208
0.391353,-0.650038,0.180208
0.385540,-0.538675,0.180208
0.371659,-0.265318,0.180208
0.303345,-0.714469,0.180208
0.293207,-0.749672,0.180208
0.353736,-0.355277,0.180208
0.417423,-0.338038,0.180208
0.283330,-0.654604,0.180208
0.322174,-0.660961,0.180208
-0.285633,0.212056,0.268679
-0.285633,0.540108,0.302916
-0.285633,-0.419990,0.227501
-0.285633,-0.014652,0.219757
-0.285633,0.503638,0.298189
-0.285633,-0.467666,0.229975
-0.285633,0.562679,0.299778
-0.285633,0.060662,0.244399
-0.285633,-0.154479,0.250313
-0.285633,0.174378,0.249186
-0.285633,-0.050378,0.236875
-0.285633,0.003774,0.242226
-0.285633,0.520998,0.309816
-0.285633,0.073557,0.241824
-0.285633,0.661308,0.312069
-0.146953,-0.496532,-0.244924
-0.146953,-0.580919,-0.210445
-0.146953,-0.620829,-0.210586
-0.146953,-0.081377,-0.215213
-0.146953,-0.389736,-0.222696
-0.146953,-0.278736,-0.221107
-0.146953,-0.163692,-0.291312
-0.146953,-0.164295,-0.230984
-0.146953,-0.429888,-0.217466
-0.146953,-0.564424,-0.234263
-0.146953,-0.272821,-0.280972
-0.146953,-0.581583,-0.232352
-0.146953,-0.087955,-0.281133
-0.146953,-0.089444,-0.231326
-0.146953,-0.063695,-0.296160
-0.281288,0.958703,-0.042014
-0.253729,0.815598,-0.301973
-0.266462,0.897370,-0.153436
-0.192033,0.853456,-0.233217
-0.213335,0.854623,-0.231105
-0.216313,0.823745,-0.287168
-0.258074,0.838349,-0.260635
-0.249062,0.854019,-0.232191
-0.203901,0.849393,-0.240579
0.362185,0.146075,-0.119802
0.284094,0.146075,0.096908
0.235393,0.146075,-0.010874
0.407607,0.146075,-0.124630
0.101481,0.146075,0.156834
0.392017,0.146075,-0.154161
0.112122,0.146075,0.190709
0.345006,0.146075,0.244016
0.078267,0.146075,0.280869
0.139822,0.146075,0.039235
0.124514,0.146075,0.328987
-0.023158,0.146075,0.301709
0.254685,0.146075,0.248885
0.342773,0.146075,0.014130
0.372726,0.146075,0.292556
0.403926,0.146075,-0.216882
0.050145,0.146075,0.118633
0.359550,0.146075,-0.208474
0.380812,0.146075,-0.247459
0.089049,0.146075,0.079487
0.410483,0.146075,-0.071826
0.342069,0.146075,0.034769
0.384976,0.146075,0.020869
0.121818,0.146075,0.027668
0.279729,0.146075,0.308589
0.401934,0.146075,0.314443
0.145837,0.146075,0.018274
0.144368,0.146075,-0.003552
0.405374,0.146075,0.210262
-0.019035,0.146075,0.207124
0.295078,0.146075,0.121208
0.350256,0.146075,-0.234283
0.118217,0.146075,0.100891
0.221855,0.146075,0.077154
0.406621,0.146075,0.028694
0.339132,0.146075,-0.229033
0.084563,0.146075,0.217141
0.239598,0.146075,0.270449
-0.007588,0.146075,0.317360
0.170076,0.146075,-0.011377
0.056702,0.146075,0.143175
0.381154,0.146075,-0.043261
0.286086,0.146075,0.177533
0.090618,0.146075,0.302413
0.294716,0.146075,0.208793
0.330703,0.146075,0.143577
0.221795,0.146075,0.001236
0.316199,0.146075,-0.030990
0.419294,0.146075,0.267955
0.206748,0.146075,0.124266
0.224108,0.146075,0.209779
0.388617,0.146075,-0.128171
0.378760,0.146075,-0.084901
0.318050,0.146075,-0.118837
0.176735,0.146075,0.009805
0.174542,0.146075,0.264253
0.184218,0.146075,0.168682
0.171203,0.146075,0.065969
0.355446,-0.719358,0.330556
0.256817,-0.347754,0.330556
0.318151,-0.369439,0.330556
0.282907,-0.614895,0.330556
0.282686,-0.653357,0.330556
0.269430,-0.562754,0.330556
0.323019,-0.662691,0.330556
0.306363,-0.729577,0.330556
0.276390,-0.704854,0.330556
0.306846,-0.296478,0.330556
0.392399,-0.731709,0.330556
0.332393,-0.480339,0.330556
0.373973,-0.651748,0.330556
0.287655,-0.543000,0.330556
0.306966,-0.333572,0.330556
0.262168,-0.384727,0.330556
0.341405,-0.548532,0.330556
0.322536,-0.745146,0.330556
0.314027,-0.508018,0.330556
0.295098,-0.695279,0.330556
0.296727,-0.758021,0.330556
0.337281,-0.406332,0.330556
-0.142648,0.275261,0.068605
-0.142648,0.287370,0.111190
-0.142648,0.263050,-0.052937
-0.142648,0.392195,0.040080
-0.142648,0.525202,-0.145008
-0.142648,0.428223,-0.162207
-0.142648,0.305012,0.006687
-0.142648,0.308553,-0.299318
-0.142648,0.283770,0.135611
-0.142648,0.279083,-0.178038
-0.142648,0.402736,0.052934
-0.142648,0.534758,-0.184113
-0.142648,0.482818,-0.088442
-0.142648,0.161585,0.201934
-0.142648,0.150702,0.085844
-0.142648,0.249733,0.143295
-0.142648,0.152311,-0.061426
-0.142648,0.204291,0.160173
-0.142648,0.653804,-0.305353
-0.142648,0.224930,0.015659
-0.142648,0.575694,-0.251985
-0.142648,0.554652,-0.257517
-0.142648,0.389359,-0.226578
-0.142648,0.211955,-0.117871
-0.142648,0.411889,-0.189122
-0.142648,0.226197,-0.074903
-0.142648,0.491729,-0.047324
-0.142648,0.350193,0.006084
-0.142648,0.437798,-0.219679
-0.142648,0.207510,-0.056980
-0.142648,0.556402,-0.098459
-0.142648,0.203084,-0.104957
-0.142648,0.366869,-0.198597
-0.142648,0.291514,0.064018
-0.142648,0.185563,-0.017009
-0.142648,0.171562,0.301810
-0.142648,0.403058,-0.162247
-0.142648,0.188238,-0.232935
-0.142648,0.566400,-0.190269
-0.142648,0.180554,0.030666
-0.142648,0.323418,0.141405
-0.142648,0.346451,-0.159532
-0.142648,0.217688,0.177875
-0.142648,0.580220,-0.158989
-0.142648,0.196908,0.033422
-0.142648,0.205941,-0.069150
-0.142648,0.272303,0.027870
-0.142648,0.150038,0.108374
-0.142648,0.351641,-0.133542
-0.142648,0.293284,-0.240921
-0.142648,0.319757,-0.245870
-0.142648,0.225614,-0.160558
-0.142648,0.238146,0.108072
-0.142648,0.692850,-0.289481
-0.142648,0.390485,-0.155770
-0.142648,0.222597,0.126157
-0.142648,0.469059,-0.132757
-0.142648,0.537312,-0.076835
-0.142648,0.251483,-0.072892
-0.142648,0.542281,-0.202298
-0.142648,0.190592,-0.058288
-0.142648,0.520958,-0.291252
-0.142648,0.194816,-0.049215
-0.142648,0.600477,-0.245105
-0.142648,0.480545,-0.317101
-0.142648,0.293365,-0.311609
-0.142648,0.384571,-0.111032
-0.142648,0.171462,-0.018820
-0.142648,0.353371,-0.216380
-0.142648,0.523151,-0.224185
-0.285633,0.163355,-0.076493
-0.285633,0.163777,-0.036582
-0.285633,0.242210,0.217685
-0.285633,0.133804,-0.097936
-0.285633,0.118919,0.069731
-0.285633,0.040265,-0.126662
-0.285633,0.046018,-0.088140
-0.285633,-0.003568,0.103948
-0.285633,0.429893,0.147681
-0.285633,0.298575,0.179303
-0.285633,0.225996,0.210523
-0.285633,0.239655,0.129275
-0.285633,-0.006525,0.146353
-0.285633,0.113165,0.166449
-0.285633,0.106044,-0.090654
-0.285633,0.382378,0.103285
-0.285633,0.157823,0.005822
-0.285633,0.395856,0.129878
-0.285633,0.310423,0.105658
-0.285633,0.478493,0.244258
-0.285633,0.217507,-0.048672
-0.285633,0.559178,0.267452
-0.285633,0.105642,-0.035355
-0.285633,0.392658,0.083511
-0.285633,0.451155,0.279240
-0.285633,0.719644,0.310762
-0.285633,0.225855,0.132473
-0.285633,0.548658,0.267049
-0.285633,0.103731,0.061463
-0.285633,0.199242,-0.038614
-0.285633,0.042759,0.158664
-0.285633,0.246897,-0.008621
-0.285633,0.163476,0.100408
-0.285633,0.016367,-0.010592
-0.285633,0.317524,0.142310
-0.285633,0.169732,0.062811
-0.285633,0.272565,0.130341
-0.285633,0.070238,0.166389
-0.285633,0.289503,0.087051
-0.285633,0.639301,0.277490
-0.285633,0.367070,0.207043
-0.285633,0.484488,0.282338
-0.285633,0.059315,-0.138812
-0.285633,0.049558,0.215613
-0.285633,0.267415,0.153917
-0.285633,0.305877,0.041247
-0.285633,0.176330,0.198152
-0.285633,0.391330,0.171900
-0.285633,0.206363,0.042816
-0.285633,0.410501,0.254698
-0.285633,0.087920,-0.107773
-0.285633,0.224347,0.029137
-0.285633,0.128051,-0.084378
-0.285633,0.407866,0.210523
-0.285633,0.455360,0.175139
-0.285633,0.288537,0.062610
-0.285633,0.330238,0.064360
-0.285633,0.620351,0.224544
0.396060,-0.090630,0.180208
0.308254,-0.174152,0.180208
0.305518,-0.062890,0.180208
0.293428,-0.276503,0.180208
0.339755,-0.129535,0.180208
0.308213,-0.494923,0.180208
0.283772,-0.489391,0.180208
0.343738,-0.196984,0.180208
0.312015,-0.413272,0.180208
0.349693,-0.262140,0.180208
0.323602,-0.342805,0.180208
0.283290,-0.061522,0.180208
0.325453,-0.288190,0.180208
0.295862,-0.088317,0.180208
0.312659,-0.150114,0.180208
0.270194,-0.680473,0.180208
0.257038,-0.686951,0.180208
0.267579,-0.096726,0.180208
0.380490,-0.074055,0.180208
0.285402,-0.213016,0.180208
0.304633,-0.398185,0.180208
0.293971,-0.341518,0.180208
-0.247633,-0.781496,0.305853
-0.262580,-0.781496,0.243856
-0.241759,-0.781496,0.262403
-0.022515,0.004136,-0.330699
0.019890,0.048573,-0.330699
-0.129995,0.001722,-0.330699
0.018039,0.075066,-0.330699
0.099791,0.035598,-0.330699
-0.133173,0.107392,-0.330699
-0.106660,0.092044,-0.330699
-0.086202,0.046863,-0.330699
-0.144156,-0.001436,-0.330699
0.094983,-0.013948,-0.330699
-0.064255,0.016226,-0.330699
0.421527,0.032560,-0.322512
0.421527,-0.682163,-0.221610
0.421527,-0.666875,-0.212980
0.421527,-0.472292,-0.238688
0.421527,-0.404179,-0.272182
0.421527,-0.764337,-0.223702
0.421527,-0.207887,-0.315954
0.421527,-0.002944,-0.310965
0.421527,-0.264292,-0.302376
0.421527,-0.776346,-0.215917
0.421527,-0.656716,-0.292800
0.421527,-0.638793,-0.272262
0.421527,-0.127262,-0.300827
0.421527,-0.191492,-0.314224
0.421527,-0.532660,-0.276848
0.421527,-0.621392,-0.254379
0.421527,-0.519203,-0.293605
0.421527,-0.742592,-0.300243
0.421527,-0.717527,-0.202117
0.421527,-0.644808,-0.210948
0.421527,-0.495265,-0.296039
0.421527,-0.134624,-0.327118
0.421527,-0.758564,-0.196807
0.421527,-0.697170,-0.247439
0.421527,-0.355881,-0.314948
-0.191127,0.844847,-0.248847
-0.203137,0.828874,-0.277854
-0.206818,0.808316,-0.315190
-0.224902,0.856514,-0.227665
-0.192334,0.816765,-0.299841
-0.233512,0.820627,-0.292861
-0.178635,0.838510,-0.260353
-0.196659,0.835814,-0.265241
-0.242866,0.878380,-0.187915
-0.204565,0.426453,0.330556
-0.175296,0.283910,0.330556
-0.247191,0.577806,0.330556
-0.228302,0.467349,0.330556
-0.171715,0.245871,0.330556
-0.199838,-0.781496,-0.230400
-0.242363,-0.781496,-0.261379
-0.142648,0.776935,-0.020650
-0.142648,0.516110,-0.041953
-0.142648,0.289302,0.223820
-0.142648,0.643968,-0.172024
-0.142648,0.652879,0.214285
-0.142648,0.451799,0.093770
-0.142648,0.694399,0.275900
-0.142648,0.713267,0.236372
-0.142648,0.524820,0.154943
-0.142648,0.665069,0.281251
-0.142648,0.658250,0.037163
-0.142648,0.602026,0.109480
-0.142648,0.490221,0.252184
-0.142648,0.549664,-0.064182
-0.142648,0.495551,0.125674
-0.142648,0.378013,0.205293
-0.142648,0.659296,-0.078122
-0.142648,0.686292,-0.051931
-0.142648,0.529789,0.071179
-0.142648,0.299179,0.220682
-0.142648,0.753017,0.154540
-0.142648,0.628036,0.297626
-0.142648,0.443069,0.271435
-0.142648,0.371898,0.323133
-0.142648,0.783030,-0.132375
-0.142648,0.682369,-0.185522
-0.142648,0.725397,-0.032499
-0.142648,0.406377,0.128229
-0.142648,0.605566,0.185881
-0.142648,0.618119,-0.047264
-0.142648,0.796870,0.087091
-0.142648,0.396942,0.215411
-0.142648,0.600054,0.036982
-0.142648,0.472458,0.297183
-0.142648,0.496316,0.297042
-0.142648,0.746680,-0.171118
-0.142648,0.362363,0.294105
-0.142648,0.499213,0.022720
-0.142648,0.378074,0.103747
-0.142648,0.611279,0.070093
-0.142648,0.640367,-0.074863
-0.142648,0.516009,0.289821
-0.142648,0.639462,0.104612
-0.142648,0.762009,-0.290950
-0.142648,0.769894,0.285858
-0.142648,0.630269,0.145508
-0.142648,0.711517,-0.083835
-0.142648,0.773133,-0.119662
-0.142648,0.668549,-0.069975
-0.142648,0.786309,0.262463
-0.142648,0.338505,0.313175
-0.142648,0.544152,0.119659
-0.142648,0.740243,0.206319
-0.142648,0.507862,0.278777
-0.142648,0.302317,0.184453
-0.142648,0.384631,0.312150
-0.142648,0.682067,0.324501
-0.142648,0.746278,0.264374
-0.142648,0.501124,0.149552
-0.142648,0.640789,0.201210
-0.142648,0.575291,-0.007354
-0.142648,0.666196,0.121027
-0.142648,0.633688,-0.152813
-0.142648,0.684300,0.055408
-0.142648,0.783895,-0.083473
-0.142648,0.766313,-0.272946
-0.142648,0.633024,0.121469
-0.142648,0.624717,0.166409
-0.142648,0.460228,0.255402
0.254906,-0.024107,-0.115176
0.254906,-0.019943,-0.125696
0.396362,-0.096726,0.330556
0.269349,-0.017488,0.330556
0.290853,-0.016603,0.330556
0.375421,-0.381810,0.330556
0.407003,-0.164698,0.330556
0.319619,-0.310901,0.330556
0.310004,-0.039395,0.330556
0.410363,-0.129173,0.330556
0.406118,-0.515944,0.330556
0.418691,-0.756733,0.330556
0.410282,-0.220520,0.330556
0.367717,-0.095881,0.330556
0.278522,-0.008557,0.330556
0.401109,-0.325908,0.330556
0.409840,0.004820,0.330556
0.412052,-0.023785,0.330556
0.419616,0.013329,0.330556
0.419234,-0.096524,0.330556
0.392540,-0.555009,0.330556
0.406400,0.068246,0.330556
0.332393,-0.254455,0.330556
0.368421,-0.180489,0.330556
0.279689,-0.112275,0.330556
-0.216353,-0.781496,-0.230843
-0.223876,-0.781496,-0.266770
-0.238481,-0.781496,-0.213262
0.254906,-0.034567,0.071079
-0.168135,-0.009824,-0.022199
-0.257953,-0.009824,-0.157379
-0.207301,-0.009824,-0.076332
-0.220094,-0.009824,-0.028596
-0.180345,-0.009824,0.005983
-0.231621,-0.009824,-0.158948
-0.162864,-0.009824,0.105497
-0.253165,-0.009824,-0.147583
-0.179158,-0.009824,-0.095583
-0.168235,-0.009824,0.119317
0.011220,0.146075,-0.147522
-0.015112,0.146075,0.113141
-0.101229,0.146075,-0.066113
0.117051,0.146075,-0.032982
-0.120701,0.146075,-0.071162
0.027112,0.146075,-0.115477
-0.002781,0.146075,-0.308712
0.209725,0.146075,-0.323940
-0.126736,0.146075,0.303178
0.079675,0.146075,-0.253454
-0.114626,0.146075,0.136013
-0.120299,0.146075,0.025174
-0.141883,0.146075,0.256328
-0.037923,0.146075,0.112276
0.045820,0.146075,-0.178541
0.036788,0.146075,0.079105
-0.050174,0.146075,0.206882
-0.087610,0.146075,0.233958
-0.011048,0.146075,-0.151063
-0.046835,0.146075,0.163673
0.158208,0.146075,-0.315934
-0.071316,0.146075,0.102218
0.035661,0.146075,0.106403
0.205018,0.146075,-0.173673
-0.004531,0.146075,-0.269667
-0.118790,0.146075,0.187249
-0.085920,0.146075,-0.001942
-0.034021,0.146075,-0.248243
0.000679,0.146075,0.160696
0.332534,0.146075,-0.248163
0.012407,0.146075,-0.208011
0.311653,0.146075,-0.321486
0.191420,0.146075,-0.107451
0.130689,0.146075,-0.265201
-0.036234,0.146075,-0.109503
-0.071920,0.146075,-0.086631
0.239235,0.146075,-0.130102
0.166838,0.146075,-0.091097
0.075511,0.146075,-0.143298
0.159093,0.146075,-0.215293
0.078931,0.146075,-0.121009
-0.092016,0.146075,0.267351
-0.006080,0.146075,-0.206080
0.035118,0.146075,-0.042698
0.133324,0.146075,-0.221107
0.168165,0.146075,-0.185099
-0.028570,0.146075,-0.228590
0.169956,0.146075,-0.156152
0.133566,0.146075,-0.251784
0.180155,0.146075,-0.191657
0.126726,0.146075,-0.024875
0.061108,0.146075,-0.084780
0.300489,0.146075,-0.310845
-0.053493,0.146075,-0.225412
-0.067856,0.146075,-0.031634
0.044914,0.146075,-0.136257
0.206788,0.146075,-0.263994
-0.037984,0.146075,0.126277
0.015143,0.146075,-0.190148
0.303064,0.146075,-0.296602
0.347299,-0.438115,-0.178320
0.336517,-0.129997,-0.178320
0.324306,-0.070353,-0.178320
0.412334,-0.598259,-0.178320
0.292623,-0.195113,-0.178320
0.396764,-0.521033,-0.178320
0.294514,-0.051122,-0.178320
0.420381,-0.144119,-0.178320
0.369789,-0.183446,-0.178320
0.379203,-0.152910,-0.178320
0.403624,-0.503432,-0.178320
0.360334,-0.441816,-0.178320
0.360153,-0.399532,-0.178320
0.318050,-0.245987,-0.178320
0.328852,-0.339204,-0.178320
0.401914,-0.242024,-0.178320
0.357176,-0.109680,-0.178320
0.360073,-0.314985,-0.178320
0.376367,-0.488365,-0.178320
0.405837,-0.682827,-0.178320
-0.228543,-0.781496,0.290505
-0.206395,-0.781496,0.284470
-0.276741,-0.781496,0.306839
0.421527,-0.017891,0.038672
0.421527,0.007355,-0.184234
0.421527,-0.022719,0.108354
0.421527,-0.013847,0.011435
0.421527,-0.029055,-0.060983
0.421527,-0.026299,-0.121190
0.421527,-0.002643,0.054724
0.421527,0.109524,-0.250034
0.421527,0.073798,-0.224788
0.421527,0.047024,-0.185421
0.421527,0.019968,-0.195559
-0.275735,0.024554,0.330556
-0.272738,-0.085360,0.330556
-0.283400,-0.669228,0.330556
-0.224419,-0.250613,0.330556
-0.276822,-0.001355,0.330556
-0.282575,-0.233354,0.330556
-0.259321,0.136822,0.330556
-0.281851,0.082408,0.330556
-0.236187,-0.399955,0.330556
-0.224600,-0.065465,0.330556
-0.233834,-0.627850,0.330556
-0.280604,0.303624,0.330556
-0.209332,-0.219594,0.330556
-0.277486,-0.440770,0.330556
-0.272839,0.358018,0.330556
-0.257289,0.069674,0.330556
-0.272276,-0.010810,0.330556
-0.203841,-0.452941,0.330556
-0.178535,-0.473117,0.330556
-0.219149,-0.653216,0.330556
-0.197846,-0.723180,0.330556
-0.266221,-0.056393,0.330556
-0.255137,-0.483698,0.330556
-0.263344,-0.734002,0.330556
-0.188371,-0.676168,0.330556
-0.247875,-0.150737,0.330556
-0.255921,-0.267008,0.330556
-0.228966,0.123022,0.330556
-0.243912,-0.223376,0.330556
-0.212752,-0.734968,0.330556
-0.234598,-0.122313,0.330556
-0.222629,-0.236874,0.330556
-0.274609,0.411346,0.330556
-0.182156,-0.503553,0.330556
-0.146953,-0.115896,0.306014
-0.146953,-0.048568,0.280748
-0.146953,-0.440831,0.320015
-0.146953,-0.297604,0.320478
-0.146953,-0.256427,0.317279
-0.146953,-0.399070,0.327780
-0.146953,-0.610771,0.311687
-0.146953,-0.303881,0.260290
-0.146953,-0.325566,0.290062
-0.146953,-0.424879,0.295514
-0.146953,-0.086406,0.318768
-0.146953,-0.102660,0.328926
-0.146953,-0.107407,0.256669
-0.146953,-0.237820,0.269966
-0.146953,-0.181997,0.303721
0.421527,-0.277448,-0.287771
0.421527,-0.483819,-0.262968
0.421527,-0.749230,-0.277412
0.421527,-0.040320,-0.317121
0.421527,-0.304886,-0.273187
0.421527,-0.269301,-0.318207
0.421527,-0.448133,-0.284613
0.421527,-0.655308,-0.326917
0.421527,-0.025032,-0.312313
0.421527,-0.587095,-0.264678
0.421527,-0.716240,-0.284050
0.421527,-0.588865,-0.280711
0.421527,-0.545937,-0.319877
0.421527,-0.313456,-0.255626
0.421527,-0.122615,-0.329774
0.421527,-0.703466,-0.210586
0.421527,-0.562352,-0.216420
0.421527,-0.636982,-0.301471
0.421527,-0.480942,-0.323840
0.421527,-0.348317,-0.275662
0.421527,-0.247334,-0.316377
-0.285633,0.622101,0.039899
-0.285633,0.221430,-0.077901
-0.285633,0.700715,-0.026444
-0.285633,0.436994,-0.248485
-0.285633,0.346049,-0.193045
-0.285633,0.533450,-0.219940
-0.285633,0.049257,-0.212779
-0.285633,0.406035,-0.119863
-0.285633,0.626245,-0.188640
-0.285633,0.539163,-0.017231
-0.285633,0.734470,-0.026464
-0.285633,0.693715,-0.101899
-0.285633,0.438281,-0.054606
-0.285633,0.726081,-0.255867
-0.285633,0.779610,-0.272584
-0.285633,0.399035,-0.194252
-0.285633,0.522768,0.078582
-0.285633,0.117611,-0.195459
-0.285633,0.527335,-0.002023
-0.285633,0.450994,-0.078826
-0.285633,0.719302,-0.046198
-0.285633,0.114915,-0.223541
-0.285633,0.748712,-0.063960
-0.285633,0.595065,-0.241826
-0.285633,0.259369,-0.116584
-0.285633,0.780978,-0.083714
-0.285633,0.477045,0.012320
-0.285633,0.701057,-0.089709
-0.285633,0.524056,-0.259850
-0.285633,0.669173,-0.022602
-0.285633,0.789105,-0.163092
-0.285633,0.752132,-0.162106
-0.285633,0.491086,-0.181679
-0.285633,0.687438,-0.054506
-0.285633,0.555537,-0.220182
-0.285633,0.724854,0.274191
-0.285633,0.658029,0.143999
-0.285633,0.778544,0.127424
-0.285633,0.239756,-0.241786
-0.285633,0.637832,-0.183269
-0.285633,0.432669,0.002302
-0.285633,0.735033,0.069470
-0.285633,0.643445,-0.047304
-0.285633,0.657264,-0.079329
-0.285633,0.791861,-0.312715
-0.285633,0.488933,-0.138732
-0.285633,0.496517,-0.195057
-0.285633,0.691180,-0.082769
-0.285633,0.490985,-0.070216
-0.285633,0.662836,-0.141930
-0.285633,0.645396,0.085261
-0.285633,0.178583,-0.229857
-0.285633,0.174238,-0.169248
-0.285633,0.497925,-0.126240
-0.285633,0.257981,-0.036180
-0.285633,0.392437,-0.186004
-0.285633,0.561492,-0.041672
-0.285633,0.682590,-0.021093
-0.285633,0.586536,-0.271759
-0.285633,0.526409,-0.083412
-0.285633,0.693413,0.032074
-0.285633,0.531519,-0.277894
-0.285633,0.719000,-0.111032
-0.285633,0.119824,-0.153658
-0.285633,0.593114,-0.152652
-0.285633,0.119643,-0.123464
-0.285633,0.374171,-0.005141
-0.285633,0.611359,0.109641
-0.285633,0.663279,-0.169912
-0.285633,0.793068,-0.027067
-0.285633,0.426775,-0.126260
-0.285633,0.395192,0.046839
-0.285633,0.673257,0.006064
-0.285633,0.135112,-0.194413
-0.285633,0.125738,-0.218391
-0.285633,0.320381,-0.044407
-0.285633,0.326315,-0.091881
-0.285633,0.423154,-0.211793
-0.285633,0.157340,-0.193628
-0.285633,0.513374,0.043640
-0.285633,0.647468,0.180973
-0.285633,0.442123,-0.233840
-0.285633,0.429893,-0.092384
-0.285633,0.747002,-0.149011
-0.285633,0.395756,-0.207810
-0.285633,0.614136,-0.194453
-0.285633,0.644591,0.048267
-0.285633,0.358420,-0.089266
-0.142648,0.857982,0.094816
-0.142648,0.831932,0.174053
-0.142648,0.947861,-0.050905
-0.142648,0.807712,-0.268782
-0.142648,0.803347,-0.004356
-0.142648,0.927886,0.037123
-0.142648,0.945728,-0.011840
-0.142648,0.806928,-0.128090
-0.142648,0.873733,-0.146195
-0.142648,0.910022,0.099463
-0.142648,0.900387,-0.086189
-0.142648,0.834044,0.145227
-0.142648,0.852913,0.131346
-0.142648,0.911310,-0.077498
-0.142648,0.833441,-0.232291
-0.142648,0.980006,-0.002224
-0.142648,0.834125,-0.001460
-0.142648,0.806686,0.290645
-0.142648,0.830966,0.244560
-0.142648,0.865325,-0.155730
-0.285633,0.106366,-0.275259
-0.285633,-0.551610,-0.306681
-0.285633,0.414101,-0.280409
-0.285633,0.112079,-0.245246
-0.285633,-0.123963,-0.259730
-0.285633,-0.372235,-0.304428
-0.285633,0.199986,-0.261802
-0.285633,-0.091596,-0.236073
-0.285633,0.584324,-0.303361
-0.285633,0.528220,-0.307023
-0.285633,-0.010367,-0.272544
-0.285633,0.232071,-0.303824
-0.285633,-0.389957,-0.269345
-0.285633,0.249391,-0.297347
-0.285633,0.026827,-0.279846
-0.285633,0.000475,-0.230521
-0.285633,0.075931,-0.235832
-0.285633,-0.479413,-0.329291
-0.285633,0.056398,-0.270110
-0.285633,0.118577,-0.293947
-0.285633,0.012625,-0.236657
-0.285633,0.178643,-0.326716
-0.285633,-0.154559,-0.265543
-0.285633,-0.054361,-0.313359
-0.285633,0.346431,-0.298976
-0.285633,0.501506,-0.326012
-0.285633,0.137305,-0.316879
-0.285633,-0.064399,-0.230602
-0.285633,-0.038691,-0.276165
-0.285633,-0.301547,-0.284653
-0.285633,0.197552,-0.246996
-0.285633,0.041110,-0.231688
-0.285633,-0.212453,-0.258000
-0.159163,-0.003045,0.330556
-0.148823,-0.579591,0.330556
-0.177006,-0.293259,0.330556
-0.160450,-0.227601,0.330556
-0.167692,-0.299918,0.330556
-0.162241,-0.541250,0.330556
-0.147294,-0.565430,0.330556
-0.234518,0.365461,0.330556
-0.193642,0.122781,0.330556
-0.254312,0.510960,0.330556
-0.155582,-0.128207,0.330556
-0.147777,-0.518861,0.330556
-0.203619,-0.008215,0.330556
-0.154838,-0.386397,0.330556
-0.198832,-0.108674,0.330556
-0.285633,-0.718714,-0.265865
-0.285633,-0.587919,-0.246614
-0.285633,-0.581241,-0.221610
-0.285633,-0.511237,-0.258744
-0.285633,-0.719317,-0.290930
-0.285633,-0.537448,-0.267575
-0.285633,-0.558610,-0.241585
-0.285633,-0.698779,-0.229113
-0.285633,-0.649495,-0.303281
-0.285633,-0.554748,-0.281898
-0.285633,-0.773188,-0.209983
-0.285633,-0.746394,-0.265805
-0.285633,-0.778257,-0.309396
-0.285633,-0.724970,-0.252790
-0.285633,-0.669027,-0.237421
-0.285633,-0.100648,-0.210123
0.312196,-0.034688,-0.150801
0.328048,-0.034688,-0.171762
0.371619,-0.034688,-0.093028
0.373671,-0.034688,-0.127044
0.352348,-0.034688,-0.159934
0.410644,-0.034688,0.076510
0.313685,-0.034688,-0.131228
0.354601,-0.034688,-0.014636
0.321470,-0.034688,-0.123081
-0.285633,0.143903,-0.230903
0.339755,-0.625898,-0.178320
0.292764,-0.301326,-0.178320
0.258969,-0.680031,-0.178320
0.342632,-0.469315,-0.178320
0.258285,-0.711653,-0.178320
0.280735,-0.691376,-0.178320
0.261725,-0.096001,-0.178320
0.266171,-0.158381,-0.178320
0.297371,-0.739091,-0.178320
0.335350,-0.585505,-0.178320
0.292442,-0.223718,-0.178320
0.366429,-0.631149,-0.178320
0.261967,-0.120784,-0.178320
0.298477,-0.578867,-0.178320
0.351543,-0.772404,-0.178320
0.349150,-0.502084,-0.178320
0.375401,-0.695440,-0.178320
0.351483,-0.536623,-0.178320
-0.146953,-0.639738,-0.225130
-0.146953,-0.367146,-0.226136
-0.146953,-0.157516,-0.271437
-0.146953,-0.032596,-0.271196
-0.146953,-0.685341,-0.220322
-0.146953,-0.317358,-0.260414
-0.146953,-0.283161,-0.246876
-0.146953,-0.260852,-0.212638
-0.146953,-0.590816,-0.221368
-0.146953,-0.322247,-0.243416
-0.146953,-0.082343,-0.266710
-0.146953,-0.097269,-0.274756
-0.146953,-0.356424,-0.249310
-0.146953,-0.490115,-0.253534
-0.146953,-0.318465,-0.222837
-0.233492,-0.116218,-0.206382
-0.184650,-0.128227,-0.206382
-0.214663,-0.275477,-0.206382
-0.165318,-0.024630,-0.206382
-0.201165,-0.357832,-0.206382
-0.156648,-0.449279,-0.206382
-0.222689,-0.266284,-0.206382
-0.179983,-0.282135,-0.206382
-0.227437,-0.076630,-0.206382
-0.175678,-0.449903,-0.206382
-0.182940,-0.255039,-0.206382
-0.168074,-0.585204,-0.206382
-0.229489,-0.047723,-0.206382
-0.161939,-0.470140,-0.206382
-0.203841,-0.409852,-0.206382
-0.146953,-0.563981,-0.262707
-0.146953,-0.399734,-0.296200
-0.146953,-0.446785,-0.329271
-0.146953,-0.619019,-0.318811
-0.146953,-0.575749,-0.250879
-0.146953,-0.184532,-0.312796
-0.146953,-0.534612,-0.323618
-0.146953,-0.655992,-0.234021
-0.146953,-0.144783,-0.325067
-0.146953,-0.751825,-0.237159
-0.146953,-0.564625,-0.285700
-0.146953,-0.446222,-0.318247
-0.146953,-0.704794,-0.322089
0.287796,-0.034688,0.162184
0.310647,-0.034688,0.021654
0.304894,-0.034688,0.032255
0.295540,-0.034688,-0.033565
0.301595,-0.034688,0.152730
0.319499,-0.034688,0.050239
0.259150,-0.034688,-0.035939
0.304432,-0.034688,0.103285
0.405816,-0.034688,0.165021
0.282183,-0.034688,-0.043160
-0.240452,0.680539,0.330556
-0.167511,0.470064,0.330556
-0.152505,0.288859,0.330556
-0.188190,0.479519,0.330556
-0.257732,0.704416,0.330556
-0.245803,0.777357,0.330556
-0.176543,0.713489,0.330556
-0.190705,0.766997,0.330556
-0.165439,0.763879,0.330556
-0.156749,0.464935,0.330556
-0.191590,0.714052,0.330556
-0.233391,0.792645,0.330556
-0.197705,0.600939,0.330556
-0.161114,0.377933,0.330556
-0.212491,0.590580,0.330556
0.421527,-0.780189,0.207888
0.421527,-0.516548,0.203241
0.421527,-0.775421,0.193767
0.421527,-0.336529,0.210302
0.421527,-0.524574,0.259285
0.421527,-0.404441,0.234743
0.421527,-0.558872,0.195597
0.421527,-0.252987,0.184795
0.421527,-0.504780,0.205253
0.421527,-0.659714,0.275136
0.421527,-0.446644,0.232691
0.421527,-0.672628,0.280769
0.421527,-0.233112,0.217966
0.421527,-0.676068,0.199781
0.421527,-0.548432,0.259647
0.421527,-0.317016,0.190347
0.421527,-0.719961,0.187450
0.421527,-0.089484,0.183226
-0.122693,0.096630,-0.330699
0.113068,0.035920,-0.330699
-0.038949,0.035900,-0.330699
-0.103220,-0.000168,-0.330699
0.051331,0.003815,-0.330699
-0.138403,0.079330,-0.330699
0.073358,0.054809,-0.330699
-0.121667,0.069976,-0.330699
0.006714,0.044791,-0.330699
-0.006160,0.025479,-0.330699
0.198219,-0.007491,-0.330699
0.027393,0.018218,-0.330699
-0.199858,0.830584,0.274613
-0.213014,0.833642,0.269061
-0.223152,0.835352,0.265943
-0.194628,0.861664,0.218167
-0.219451,0.866170,0.209980
-0.240693,0.830363,0.275015
-0.238299,0.851565,0.236513
-0.153732,0.836358,0.264133
-0.167833,0.064283,0.330556
-0.235282,0.262527,0.330556
-0.253970,0.463567,0.330556
-0.194869,0.192684,0.330556
-0.234095,0.311449,0.330556
-0.182135,0.031152,0.330556
-0.154154,-0.477442,0.330556
-0.158720,-0.372215,0.330556
-0.182980,-0.318304,0.330556
-0.207361,0.302256,0.330556
-0.201145,0.098199,0.330556
-0.208427,0.335387,0.330556
-0.179802,-0.093829,0.330556
-0.201326,-0.026299,0.330556
-0.151237,-0.605259,0.330556
-0.178575,-0.781496,-0.310905
-0.187225,-0.781496,-0.258945
-0.250108,-0.781496,-0.323498
0.254906,-0.399372,-0.330136
0.254906,-0.457768,-0.299982
0.254906,-0.272198,-0.227021
0.254906,-0.113180,-0.232975
0.254906,-0.059732,-0.245870
0.254906,-0.506711,-0.300243
0.254906,-0.348961,-0.256632
0.254906,-0.132874,-0.238970
0.254906,-0.111229,-0.281737
0.254906,-0.306797,-0.295637
0.254906,-0.089403,-0.204632
0.254906,-0.413473,-0.289501
0.254906,-0.167695,-0.326998
0.254906,-0.290383,-0.272564
0.254906,-0.395449,-0.308793
0.254906,-0.276100,-0.270371
0.254906,-0.071218,-0.330538
0.254906,-0.067738,-0.280248
0.254906,-0.046697,-0.278317
0.254906,-0.099904,-0.262948
-0.125267,-0.018575,-0.267957
-0.138122,-0.018575,-0.276688
-0.117945,-0.018575,-0.244944
0.008042,-0.018575,-0.285317
0.072876,-0.018575,-0.303281
-0.016319,-0.018575,-0.326213
-0.106298,-0.018575,-0.250557
0.030069,-0.018575,-0.329331
-0.042429,-0.018575,-0.293464
0.098504,-0.018575,0.296821
0.085670,-0.018575,0.309333
-0.033719,-0.018575,0.328444
0.026589,-0.018575,0.323475
0.103633,-0.018575,0.320216
-0.117141,-0.018575,0.302655
0.183796,-0.018575,0.326734
0.421527,-0.527692,0.276122
0.421527,-0.758644,0.219173
0.421527,-0.180107,0.202477
0.421527,-0.189279,0.210604
0.421527,-0.719901,0.266104
0.421527,-0.757055,0.248020
0.421527,-0.634126,0.202577
0.421527,-0.369680,0.189743
0.421527,-0.722455,0.277590
0.421527,-0.595785,0.203563
0.421527,-0.709481,0.239551
0.421527,-0.211005,0.214446
0.421527,-0.537448,0.228406
0.421527,-0.307783,0.222573
0.421527,-0.474062,0.203000
0.421527,-0.536483,0.188194
0.421527,-0.419488,0.222010
-0.236972,-0.683853,-0.206382
-0.267226,-0.584178,-0.206382
-0.226874,-0.488566,-0.206382
-0.275937,-0.744563,-0.206382
-0.272799,-0.125129,-0.206382
-0.282776,-0.585264,-0.206382
-0.259924,-0.218749,-0.206382
-0.237595,-0.664360,-0.206382
-0.276721,-0.483437,-0.206382
-0.239989,-0.749994,-0.206382
-0.272115,-0.294567,-0.206382
-0.275655,-0.495225,-0.206382
-0.219813,-0.658225,-0.206382
-0.205229,-0.545072,-0.206382
-0.156125,-0.735511,-0.206382
-0.204484,-0.723361,-0.206382
-0.182276,-0.730784,-0.206382
-0.264591,-0.692704,-0.206382
-0.285633,0.547913,-0.299700
-0.285633,-0.549256,-0.325248
-0.285633,0.073336,-0.261520
-0.285633,0.248164,-0.271578
-0.285633,0.165165,-0.329693
-0.285633,0.547712,-0.324443
-0.285633,-0.061100,-0.265785
-0.285633,-0.223054,-0.286504
-0.285633,-0.514496,-0.301752
-0.285633,-0.274753,-0.278498
-0.285633,0.676535,-0.318770
-0.285633,0.103650,-0.297327
-0.285633,0.523855,-0.329874
-0.285633,0.147946,-0.290065
-0.285633,-0.016945,-0.231205
-0.285633,-0.092521,-0.287611
-0.285633,0.004378,-0.278840
-0.285633,-0.286681,-0.261942
-0.285633,-0.496170,-0.301732
-0.285633,0.288095,-0.294048
-0.285633,0.242351,-0.323136
-0.285633,0.427137,-0.291634
-0.285633,0.557006,-0.306298
-0.285633,-0.340955,-0.287631
-0.285633,0.227545,-0.293525
-0.285633,-0.237136,-0.305232
-0.285633,0.162570,-0.284814
-0.285633,0.039440,-0.272423
-0.285633,0.298092,-0.278599
-0.285633,-0.199378,-0.316739
-0.285633,0.024252,-0.308431
-0.285633,0.303322,-0.306298
0.276511,-0.571967,0.180208
0.419556,-0.035975,0.180208
0.278965,-0.477422,0.180208
0.320585,-0.302654,0.180208
0.328832,-0.151059,0.180208
0.292603,-0.611918,0.180208
0.285422,-0.192418,0.180208
0.340057,-0.039918,0.180208
0.263274,-0.192478,0.180208
0.337422,-0.398326,0.180208
0.294716,-0.432302,0.180208
0.297652,-0.253932,0.180208
0.348083,-0.062025,0.180208
0.363653,-0.110988,0.180208
0.320102,-0.278997,0.180208
0.257863,-0.652592,0.180208
0.331105,-0.245202,0.180208
-0.170569,0.970290,-0.020972
-0.225988,0.949551,-0.058650
-0.222166,0.933780,-0.087295
-0.176161,0.981776,-0.000132
-0.192676,0.884676,-0.176489
-0.169080,0.949712,-0.058388
-0.174753,0.904229,-0.140985
-0.225043,0.956933,-0.045232
-0.146812,0.882142,-0.181096
-0.207602,0.916922,-0.117932
-0.142648,0.423013,-0.199321
-0.142648,0.465941,-0.316035
-0.142648,0.649741,-0.212216
-0.142648,0.215013,0.205353
-0.142648,0.242371,-0.154804
-0.142648,0.476823,-0.053782
-0.142648,0.352506,-0.186789
-0.142648,0.165367,0.236734
-0.142648,0.157280,0.036721
-0.142648,0.268039,-0.279081
-0.142648,0.576337,-0.129800
-0.142648,0.207168,-0.238829
-0.142648,0.285882,-0.004718
-0.142648,0.226821,-0.316316
-0.142648,0.249955,0.061745
-0.142648,0.228189,-0.206664
-0.142648,0.198820,-0.269184
-0.142648,0.437999,-0.277774
-0.142648,0.419573,-0.215877
-0.142648,0.422651,-0.115095
-0.142648,0.249753,-0.253212
-0.142648,0.336775,0.133258
-0.142648,0.442908,-0.101155
-0.142648,0.155972,-0.187091
-0.142648,0.488290,-0.143137
-0.142648,0.615021,-0.168403
-0.142648,0.173151,-0.090292
-0.142648,0.190331,0.153072
-0.142648,0.559440,-0.320279
-0.142648,0.378094,-0.310623
-0.142648,0.349609,0.016484
-0.142648,0.308955,0.140218
-0.142648,0.312194,-0.151264
-0.142648,0.348362,-0.287108
-0.142648,0.168706,-0.230582
-0.142648,0.530855,-0.260655
-0.142648,0.402132,-0.177616
-0.142648,0.446207,-0.301792
-0.142648,0.420438,-0.011538
-0.142648,0.721133,-0.298493
-0.142648,0.338666,0.056615
-0.142648,0.260817,-0.300807
-0.142648,0.269125,-0.103629
-0.142648,0.178502,-0.314506
-0.142648,0.214369,-0.146215
-0.142648,0.275240,0.128027
-0.142648,0.168867,0.034588
-0.142648,0.468857,-0.185662
-0.142648,0.212700,-0.035878
-0.142648,0.602589,-0.139657
-0.142648,0.616127,-0.266489
-0.142648,0.337600,0.073654
-0.142648,0.154283,-0.003894
-0.142648,0.157441,-0.140663
-0.142648,0.582634,-0.308431
-0.142648,0.598344,-0.255063
-0.142648,0.569739,-0.214549
-0.142648,0.324786,0.089626
-0.142648,0.552862,-0.159994
-0.142648,0.415127,-0.243798
-0.142648,0.216622,0.244077
-0.142648,0.278962,-0.235067
-0.142648,0.586617,-0.264075
-0.142648,0.372341,-0.018397
-0.285633,-0.148585,0.261437
-0.285633,0.125396,0.264515
-0.285633,0.467811,0.293985
-0.285633,0.379140,0.282659
-0.285633,0.265363,0.265058
-0.285633,-0.616384,0.223558
-0.285633,-0.174213,0.220923
-0.285633,0.309981,0.284047
-0.285633,0.361055,0.286582
-0.285633,0.089086,0.247316
-0.285633,-0.293883,0.240878
-0.285633,0.326617,0.266446
-0.004933,-0.018575,-0.285156
-0.021308,-0.018575,-0.302154
-0.109094,-0.018575,-0.284895
0.137871,-0.018575,-0.305977
-0.094108,-0.018575,-0.223239
-0.063169,-0.018575,-0.299399
0.002630,-0.018575,-0.302637
-0.036535,-0.018575,-0.255586
0.421527,-0.331299,-0.187412
0.421527,-0.017710,-0.220322
0.421527,-0.324278,-0.198899
0.421527,-0.090912,-0.237984
0.421527,-0.638813,-0.193809
0.421527,-0.187670,-0.242893
0.421527,-0.184592,-0.226619
0.421527,-0.523427,-0.213765
0.421527,-0.235003,-0.207669
0.421527,-0.246912,-0.203525
0.421527,-0.407700,-0.207066
0.421527,0.008703,-0.268380
0.421527,-0.097772,-0.178984
0.421527,0.054205,-0.272242
0.421527,-0.039536,-0.185501
0.421527,-0.498061,-0.215977
0.416297,-0.781496,-0.245467
0.393586,-0.781496,-0.306982
-0.213577,0.954419,-0.049819
-0.192194,0.981133,-0.001299
-0.201789,0.923882,-0.105259
-0.222870,0.909741,-0.130947
-0.179541,0.887895,-0.170656
-0.205410,0.884214,-0.177334
-0.165459,0.922917,-0.107029
-0.142688,0.931225,-0.091942
0.227186,0.132336,0.330556
0.251728,0.100975,0.330556
0.031477,0.124913,0.330556
0.376427,0.138954,0.330556
0.310507,0.080819,0.330556
0.099167,0.082207,0.330556
0.295520,0.123948,0.330556
0.066016,0.139618,0.330556
0.087178,0.066054,0.330556
0.326378,0.135253,0.330556
0.054590,0.084983,0.330556
0.078468,0.135313,0.330556
0.310587,0.059013,0.330556
0.009530,0.109826,0.330556
-0.124583,0.002728,0.330556
-0.097829,0.043524,0.330556
-0.056873,0.095262,0.330556
-0.068460,-0.001416,0.330556
-0.140475,0.099165,0.330556
-0.123376,0.015160,0.330556
-0.096079,0.007456,0.330556
-0.054660,0.020048,0.330556
-0.104488,0.128655,0.330556
-0.103582,0.065933,0.330556
-0.100605,0.055573,0.330556
-0.116115,0.086894,0.330556
-0.259240,-0.009824,0.179283
-0.200864,-0.009824,0.066512
-0.246809,-0.009824,-0.022722
-0.285351,-0.009824,0.115334
-0.270566,-0.009824,-0.060420
-0.214462,-0.009824,0.024188
-0.201387,-0.009824,0.182723
-0.226733,-0.009824,0.168722
-0.237857,-0.009824,0.103989
0.266271,-0.781496,-0.266388
0.307147,-0.781496,-0.271337
0.307187,-0.781496,-0.248907
0.318493,-0.781496,-0.201152
0.298940,-0.781496,-0.223561
-0.203901,-0.661001,0.217302
-0.159284,-0.303338,0.217302
-0.208045,-0.599607,0.217302
-0.221784,-0.740117,0.217302
-0.204605,-0.695480,0.217302
-0.160088,-0.491121,0.217302
-0.180084,-0.533888,0.217302
-0.178032,-0.564927,0.217302
-0.213074,-0.609303,0.217302
-0.163347,-0.683893,0.217302
-0.254895,-0.714650,0.217302
-0.182960,-0.681902,0.217302
-0.225707,-0.620749,0.217302
-0.200280,-0.429324,0.217302
0.110593,0.118677,0.330556
0.247624,0.084500,0.330556
-0.072443,0.120045,0.330556
0.377936,0.112099,0.330556
0.188382,0.134267,0.330556
0.205622,0.051550,0.330556
0.242092,-0.009080,0.330556
0.343135,0.128212,0.330556
0.213507,0.079350,0.330556
0.340781,0.074744,0.330556
0.177821,0.138049,0.330556
0.270596,0.000837,0.330556
0.267237,0.128554,0.330556
0.320504,0.069151,0.330556
-0.281368,0.627493,-0.330699
-0.250852,-0.171054,-0.330699
-0.273905,-0.499952,-0.330699
-0.271853,0.575835,-0.330699
-0.213436,-0.314723,-0.330699
-0.232325,-0.359683,-0.330699
-0.257510,0.265042,-0.330699
-0.237153,0.183270,-0.330699
-0.245119,0.212599,-0.330699
-0.188251,0.112461,-0.330699
-0.231520,0.352023,-0.330699
-0.260749,-0.364148,-0.330699
-0.211626,-0.003005,-0.330699
-0.266462,-0.475692,-0.330699
-0.202734,0.247702,-0.330699
-0.208206,0.301432,-0.330699
-0.187527,-0.053758,-0.330699
-0.248418,0.449345,-0.330699
-0.264209,0.425769,-0.330699
-0.246165,0.224689,-0.330699
-0.210600,-0.168198,-0.330699
-0.283098,-0.287044,-0.330699
-0.253427,0.197291,-0.330699
-0.267649,-0.308125,-0.330699
-0.206597,0.323137,-0.330699
-0.266422,-0.611455,-0.330699
-0.241498,0.029965,-0.330699
-0.278129,-0.138466,-0.330699
-0.225345,-0.143194,-0.330699
-0.181170,-0.185437,-0.330699
-0.201004,-0.078460,-0.330699
-0.275896,-0.080733,-0.330699
-0.253789,-0.149651,-0.330699
-0.235765,0.062855,-0.330699
-0.265356,0.243437,-0.330699
-0.181009,-0.096162,-0.330699
-0.283701,-0.406432,-0.330699
0.254906,-0.615418,0.263871
0.254906,-0.506671,0.246068
0.254906,-0.589086,0.282921
0.254906,-0.764639,0.224202
0.254906,-0.590414,0.223297
0.254906,-0.735390,0.298913
0.254906,-0.715093,0.205675
0.254906,-0.118712,0.312210
0.254906,-0.463803,0.300402
0.254906,-0.620286,0.287910
0.254906,-0.485850,0.262785
0.254906,-0.709501,0.271797
0.254906,-0.438719,0.326512
0.254906,-0.467867,0.281372
0.254906,-0.725674,0.191554
0.254906,-0.674459,0.220259
0.254906,-0.747078,0.225952
0.254906,-0.704975,0.242045
-0.161295,-0.781496,0.313678
-0.156025,-0.781496,0.242488
-0.070210,0.102705,0.330556
0.164605,0.015039,0.330556
0.081968,-0.007028,0.330556
-0.059770,0.069212,0.330556
-0.038648,0.032902,0.330556
0.135940,0.005062,0.330556
0.037713,-0.005942,0.330556
-0.045568,-0.003749,0.330556
-0.089742,-0.003588,0.330556
0.052196,-0.006887,0.330556
-0.080006,0.037811,0.330556
-0.136955,0.019927,0.330556
-0.278713,-0.630646,-0.330699
-0.162281,-0.087311,-0.330699
-0.273724,0.260515,-0.330699
-0.257993,-0.246349,-0.330699
-0.228081,-0.427514,-0.330699
-0.228342,0.191578,-0.330699
-0.193179,0.205357,-0.330699
-0.255237,-0.331782,-0.330699
-0.225566,-0.277006,-0.330699
-0.164816,-0.100185,-0.330699
-0.220235,-0.338561,-0.330699
-0.276781,0.589614,-0.330699
-0.285311,-0.734968,-0.330699
-0.224118,-0.071238,-0.330699
-0.234940,-0.447067,-0.330699
-0.235403,0.269729,-0.330699
-0.207522,-0.025193,-0.330699
-0.226431,-0.160876,-0.330699
-0.255137,0.518041,-0.330699
-0.192717,0.133925,-0.330699
-0.281328,-0.046053,-0.330699
-0.235745,0.412090,-0.330699
-0.228543,0.386563,-0.330699
-0.219853,0.104093,-0.330699
-0.223172,0.292782,-0.330699
-0.187989,0.058691,-0.330699
-0.217137,0.339431,-0.330699
0.421527,0.045877,-0.069452
0.421527,0.082830,-0.218612
0.421527,0.095926,-0.264578
0.421527,0.066114,-0.139255
0.421527,0.015944,-0.214971
0.421527,0.133281,-0.315572
0.421527,0.021778,0.000391
0.421527,0.106768,-0.260997
0.421527,0.053340,-0.169730
0.254906,-0.031328,0.051164
-0.146953,-0.710346,0.271173
-0.146953,-0.057258,0.220521
-0.146953,-0.635896,0.302675
-0.146953,-0.685884,0.247919
-0.146953,-0.119678,0.224806
-0.146953,-0.656877,0.249428
-0.146953,-0.777754,0.294950
-0.146953,-0.192257,0.226656
-0.146953,-0.344394,0.217785
-0.146953,-0.434635,0.267653
-0.146953,-0.770734,0.259224
-0.146953,-0.630767,0.261900
-0.146953,-0.528818,0.273889
-0.146953,-0.770211,0.282398
-0.146953,-0.683953,0.304163
0.348144,-0.781496,0.299859
0.349713,-0.781496,0.277791
0.310909,-0.781496,0.256126
0.289626,-0.781496,0.330314
0.201940,-0.018575,0.052250
0.216484,-0.018575,-0.000052
0.134310,-0.018575,-0.010391
0.098866,-0.018575,0.059230
0.115381,-0.018575,0.233033
0.213769,-0.018575,-0.238004
0.182367,-0.018575,-0.045071
-0.073187,-0.018575,0.165021
0.044150,-0.018575,0.147822
0.153400,-0.018575,0.120061
-0.038286,-0.018575,0.204428
0.175769,-0.018575,-0.005020
0.243601,-0.018575,-0.045011
0.234890,-0.018575,0.174697
0.013976,-0.018575,0.058406
0.142377,-0.018575,0.187873
-0.038547,-0.018575,0.098698
0.254141,-0.018575,-0.093088
0.022284,-0.018575,0.179323
0.198762,-0.018575,-0.000092
0.187718,-0.018575,-0.157862
0.219602,-0.018575,0.162546
0.106711,-0.018575,-0.061546
-0.057999,-0.018575,0.130260
0.151771,-0.018575,-0.142171
0.130106,-0.018575,0.213118
0.076758,-0.018575,-0.001641
0.093133,-0.018575,-0.046037
-0.072000,-0.018575,0.198011
0.137649,-0.018575,-0.124952
-0.075681,-0.018575,0.121711
0.052538,-0.018575,0.244922
0.167321,-0.018575,0.276182
0.059016,-0.018575,-0.038996
0.194417,-0.018575,-0.027450
0.167381,-0.018575,0.183487
0.027232,-0.018575,0.221748
0.092630,-0.018575,-0.069633
0.234086,-0.018575,0.201109
0.107737,-0.018575,-0.098137
0.232798,-0.018575,-0.272443
0.129020,-0.018575,-0.081461
0.211133,-0.018575,-0.078263
0.186672,-0.018575,-0.134306
0.123568,-0.018575,-0.020570
0.120812,-0.018575,-0.284573
-0.080469,-0.018575,-0.051750
-0.001916,-0.018575,-0.228349
-0.109255,-0.018575,0.019582
-0.014850,-0.018575,-0.175262
0.076537,-0.018575,-0.176671
-0.049691,-0.018575,-0.129378
-0.116799,-0.018575,0.062107
-0.083949,-0.018575,-0.217607
-0.048605,-0.018575,-0.198074
-0.012658,-0.018575,-0.212497
-0.068902,-0.018575,-0.028697
-0.048907,-0.018575,-0.160437
0.205964,-0.018575,-0.277854
0.039644,-0.018575,-0.117851
-0.118327,-0.018575,0.130602
-0.079564,-0.018575,-0.196646
0.217530,-0.018575,-0.318086
0.014439,-0.018575,-0.070619
-0.047277,-0.018575,-0.147744
0.048354,-0.018575,-0.166311
-0.072141,-0.018575,0.072185
-0.036294,-0.018575,-0.191758
-0.143855,-0.018575,-0.034611
0.077060,-0.018575,-0.126742
-0.069928,-0.018575,-0.009687
0.036707,-0.018575,-0.175021
0.383488,-0.699543,-0.330699
0.420803,-0.007813,-0.330699
0.404610,-0.048789,-0.330699
0.285643,-0.617973,-0.330699
0.354641,-0.296317,-0.330699
0.321228,-0.502647,-0.330699
0.419898,-0.018776,-0.330699
0.271944,-0.746595,-0.330699
0.377433,-0.709702,-0.330699
0.352710,-0.306435,-0.330699
0.397146,-0.609785,-0.330699
0.368059,-0.655650,-0.330699
0.317789,-0.704552,-0.330699
0.394612,-0.082343,-0.330699
0.337341,-0.660920,-0.330699
0.421326,-0.290443,-0.330699
0.332835,-0.557544,-0.330699
0.377091,-0.313074,-0.330699
0.420763,-0.695922,-0.330699
0.330864,-0.737764,-0.330699
0.375803,-0.275396,-0.330699
0.304794,-0.677939,-0.330699
0.421286,-0.740520,-0.330699
0.402095,-0.420011,-0.330699
0.421527,0.118114,-0.102483
0.421527,0.081603,0.172283
0.421527,0.051429,0.153836
0.421527,0.039923,0.166389
0.421527,0.083575,0.069852
0.421527,0.139859,-0.278518
0.421527,0.047305,0.210181
0.421527,0.133402,0.068162
0.421527,0.036463,0.119860
0.421527,0.098782,0.184071
0.421527,-0.022457,0.184091
0.421527,0.031112,0.133921
0.421527,0.021456,0.084637
0.421527,0.141288,0.301689
0.421527,0.076031,-0.101638
0.421527,0.142112,0.226536
0.421527,0.089107,0.089364
0.421527,0.100854,0.068102
0.421527,0.063137,0.237660
0.399037,-0.274250,-0.178320
0.362728,-0.058223,-0.178320
0.364096,-0.477402,-0.178320
0.418570,-0.448374,-0.178320
0.372887,-0.113442,-0.178320
0.333177,-0.171939,-0.178320
0.350839,-0.200886,-0.178320
0.373993,-0.547225,-0.178320
0.365423,-0.498423,-0.178320
0.298678,-0.146935,-0.178320
0.364438,-0.327819,-0.178320
0.383749,-0.201510,-0.178320
0.328993,-0.108393,-0.178320
0.335531,-0.149932,-0.178320
0.324085,-0.233173,-0.178320
0.354480,-0.046395,-0.178320
0.306745,-0.167936,-0.178320
0.410604,-0.433770,-0.178320
0.417946,-0.230558,-0.178320
-0.134279,-0.018575,0.224906
-0.059166,-0.018575,0.282157
0.003777,-0.018575,0.295252
-0.027182,-0.018575,0.275880
-0.133656,-0.018575,0.254939
0.111378,-0.018575,0.310983
-0.046996,-0.018575,0.262865
0.035158,-0.018575,0.268920
0.254906,-0.164295,-0.192985
0.254906,-0.757136,-0.297548
0.254906,-0.694675,-0.179648
0.254906,-0.637143,-0.290467
0.254906,-0.656032,-0.185039
0.254906,-0.467444,-0.259750
0.254906,-0.486052,-0.216440
0.254906,-0.692583,-0.222978
0.254906,-0.558288,-0.251180
0.254906,-0.738629,-0.224949
0.254906,-0.480862,-0.193648
0.254906,-0.193745,-0.188217
0.254906,-0.441917,-0.219317
-0.164433,-0.361553,-0.330699
-0.149809,-0.320999,-0.330699
-0.181230,-0.777533,-0.330699
-0.161134,-0.517232,-0.330699
-0.166867,-0.670616,-0.330699
-0.153530,-0.682123,-0.330699
-0.160129,-0.695842,-0.330699
-0.232929,-0.582910,-0.330699
-0.201849,-0.390903,-0.330699
-0.174813,-0.738910,-0.330699
-0.265899,-0.758986,-0.330699
-0.190323,-0.750497,-0.330699
-0.224701,-0.614050,-0.330699
-0.157131,-0.485388,-0.330699
-0.208266,-0.559837,-0.330699
-0.164293,-0.546380,-0.330699
-0.211746,-0.637083,-0.330699
-0.111930,-0.018575,-0.186105
0.018019,-0.018575,-0.210465
-0.011612,-0.018575,-0.202459
-0.062666,-0.018575,0.047563
0.008504,-0.018575,-0.162690
-0.105373,-0.018575,0.102560
0.119726,-0.018575,-0.232674
-0.123879,-0.018575,-0.096065
0.050889,-0.018575,-0.105621
-0.093001,-0.018575,-0.208494
-0.040720,-0.018575,0.040683
-0.091352,-0.018575,-0.047847
-0.049490,-0.018575,-0.221469
0.006976,-0.018575,-0.086852
0.086836,-0.018575,-0.131430
-0.043838,-0.018575,-0.120768
-0.072000,-0.018575,0.032054
0.187577,-0.018575,-0.263713
0.170519,-0.018575,-0.303402
-0.024747,-0.018575,-0.224506
-0.014830,-0.018575,-0.136117
0.099670,-0.018575,-0.148005
0.060806,-0.018575,-0.240881
-0.038507,-0.018575,-0.005523
0.368059,-0.781496,0.281070
0.327686,-0.781496,0.189019
0.383025,-0.781496,0.211006
-0.285633,0.038535,-0.151244
-0.285633,0.309639,0.238927
-0.285633,0.160217,-0.053782
-0.285633,0.384571,0.160253
-0.285633,0.361820,0.117527
-0.285633,0.366970,0.064742
-0.285633,0.427720,0.101856
-0.285633,0.226720,0.068544
-0.285633,0.026787,-0.148649
-0.285633,0.613250,0.259244
-0.285633,0.097133,0.222191
-0.285633,0.034914,0.115596
-0.285633,0.444356,0.105658
-0.285633,0.583821,0.277369
-0.285633,0.221370,0.240194
-0.285633,0.282422,0.040321
-0.285633,0.230241,0.038410
-0.285633,0.200590,0.231424
-0.285633,0.202340,0.071139
-0.285633,0.424843,0.219314
-0.285633,0.054064,0.105960
-0.285633,0.101216,0.014372
-0.285633,0.489054,0.164598
-0.285633,0.001642,-0.139536
-0.285633,0.216481,0.174878
-0.285633,0.030991,-0.101356
-0.285633,0.361156,0.259083
-0.285633,0.311530,0.251258
-0.285633,0.003633,0.051144
-0.285633,0.269487,0.016021
-0.285633,0.665532,0.284329
-0.285633,0.387025,0.184252
-0.285633,0.086029,0.059391
-0.285633,0.260033,0.082927
-0.285633,0.108358,0.150859
-0.285633,0.271780,0.200023
-0.285633,0.474188,0.208693
-0.285633,0.260375,-0.007676
-0.285633,0.057001,-0.090916
-0.285633,0.649178,0.283504
-0.285633,0.145250,0.060981
-0.285633,0.012344,0.046135
-0.285633,0.025520,0.104311
-0.285633,0.617696,0.239873
-0.285633,0.478835,0.151925
-0.285633,0.692729,0.312874
-0.285633,0.568693,0.230116
-0.285633,0.409254,0.164015
-0.285633,-0.573295,0.265179
-0.285633,0.647890,0.323555
-0.285633,-0.777312,0.319834
-0.285633,-0.300260,0.256931
-0.285633,-0.232026,0.268840
-0.285633,-0.080733,0.305652
-0.285633,-0.210502,0.291309
-0.285633,-0.211628,0.318989
-0.285633,-0.219494,0.308287
-0.285633,-0.364993,0.295815
-0.285633,0.274436,0.311586
-0.285633,-0.197426,0.301528
-0.285633,-0.338963,0.328343
-0.285633,0.252006,0.297083
-0.285633,-0.612179,0.277610
-0.285633,-0.457346,0.296801
-0.285633,-0.429324,0.309615
-0.285633,0.163033,0.310802
-0.285633,-0.240555,0.274975
-0.285633,-0.576413,0.308488
-0.285633,-0.424738,0.319331
-0.285633,-0.172905,0.261216
-0.285633,0.469159,0.325547
-0.285633,-0.423873,0.273889
-0.285633,-0.646216,0.297686
-0.285633,0.092848,0.311948
-0.285633,-0.673594,0.311767
-0.285633,0.017936,0.285073
-0.285633,-0.687675,0.236091
-0.244254,-0.072124,0.217302
-0.234357,-0.164356,0.217302
-0.237012,-0.488445,0.217302
-0.184207,-0.036699,0.217302
-0.240110,-0.312229,0.217302
-0.270385,-0.565047,0.217302
-0.256163,-0.415163,0.217302
-0.280443,-0.054321,0.217302
-0.202513,-0.196843,0.217302
-0.268715,-0.329006,0.217302
-0.227155,-0.412708,0.217302
-0.212189,-0.237216,0.217302
-0.253004,-0.277710,0.217302
-0.272758,-0.448213,0.217302
-0.246185,-0.382957,0.217302
-0.282555,-0.479232,0.217302
-0.222126,-0.144823,0.217302
-0.146953,-0.680131,-0.242510
-0.146953,-0.670395,-0.248525
-0.146953,-0.160031,-0.320581
-0.146953,-0.615498,-0.270633
-0.146953,-0.665648,-0.265181
-0.146953,-0.446282,-0.288113
-0.146953,-0.630787,-0.290024
-0.146953,-0.771277,-0.228188
-0.146953,-0.268476,-0.323739
-0.146953,-0.373724,-0.316779
-0.146953,-0.558510,-0.330659
-0.146953,-0.732795,-0.299720
-0.146953,-0.317680,-0.284674
-0.146953,-0.301789,-0.306801
-0.146953,-0.751443,-0.252689
0.397207,-0.781496,0.303540
0.405354,-0.781496,0.312351
0.305075,-0.781496,0.202437
0.397649,-0.781496,0.261115
0.254906,-0.127865,0.208371
0.254906,-0.219051,0.214386
0.254906,-0.580517,0.212937
0.254906,-0.422545,0.205213
0.254906,-0.343650,0.261336
0.254906,-0.034728,0.239028
0.254906,-0.371229,0.217986
0.254906,-0.059008,0.229412
0.254906,-0.746414,0.182542
0.254906,-0.247878,0.274412
0.254906,-0.409932,0.251801
0.254906,-0.549296,0.216236
0.254906,-0.099662,0.281815
0.254906,-0.267390,0.258138
0.254906,-0.173891,0.213460
0.254906,-0.197366,0.289197
0.359027,-0.034688,0.172081
0.266835,-0.034688,0.165483
0.332936,-0.034688,-0.004678
0.342994,-0.034688,0.080051
0.351463,-0.034688,0.119659
0.283410,-0.034688,-0.027148
0.324608,-0.034688,0.010187
0.272105,-0.034688,0.029137
0.282384,-0.034688,-0.079269
0.381697,-0.034688,0.002865
0.349311,-0.034688,-0.079751
0.291819,-0.034688,-0.111374
0.387028,-0.034688,-0.088321
0.406621,-0.034688,-0.055693
0.323240,-0.034688,-0.101094
0.411389,-0.034688,0.049353
0.362607,-0.034688,0.034709
0.355828,-0.034688,0.008035
0.348003,-0.034688,-0.169670
-0.188955,-0.010729,0.217302
0.416056,-0.637344,0.180208
0.333841,-0.766530,0.180208
0.400546,-0.553320,0.180208
0.386364,-0.296015,0.180208
0.398494,-0.610570,0.180208
0.374033,-0.399331,0.180208
0.318412,-0.732091,0.180208
0.375844,-0.552897,0.180208
0.372062,-0.461128,0.180208
0.419998,-0.148524,0.180208
0.390488,-0.388288,0.180208
0.354681,-0.733318,0.180208
0.261142,-0.773289,0.180208
0.336074,-0.577761,0.180208
0.316039,-0.744845,0.180208
0.290692,-0.629519,0.180208
0.332252,-0.641649,0.180208
0.361239,-0.368735,0.180208
0.373912,-0.709340,0.180208
0.378237,-0.497377,0.180208
0.317064,-0.712337,0.180208
0.254906,-0.123480,-0.319696
0.254906,-0.331580,-0.289401
0.254906,-0.171698,-0.276325
0.254906,-0.546018,-0.300545
0.254906,-0.287104,-0.319595
0.254906,-0.327175,-0.257738
0.254906,-0.203904,-0.219075
0.254906,-0.292897,-0.296039
0.254906,-0.097671,-0.211431
0.254906,-0.033320,-0.327581
0.254906,-0.340733,-0.307002
0.254906,-0.631410,-0.320058
0.254906,-0.083147,-0.272141
0.254906,-0.129676,-0.214589
0.254906,-0.116721,-0.294812
0.254906,-0.041728,-0.193508
0.254906,-0.082705,-0.235389
0.254906,-0.236955,-0.289743
-0.146953,-0.047341,0.264112
-0.146953,-0.034668,0.318003
-0.146953,-0.218870,0.280849
-0.146953,-0.229129,0.327961
-0.146953,-0.156913,0.293884
-0.146953,-0.389615,0.281392
-0.146953,-0.439302,0.297787
-0.146953,-0.120965,0.328464
-0.146953,-0.392230,0.314905
-0.146953,-0.151763,0.249689
-0.146953,-0.563539,0.320457
-0.146953,-0.641589,0.257494
-0.146953,-0.744563,0.272622
-0.146953,-0.752951,0.218710
-0.146953,-0.712055,0.303520
-0.146953,-0.087291,0.227441
-0.146953,-0.301085,0.243996
-0.146953,-0.465010,0.242065
-0.146953,-0.452498,0.260733
-0.146953,-0.331983,0.238304
-0.146953,-0.573054,0.287346
-0.146953,-0.388589,0.266104
-0.146953,-0.341679,0.228467
-0.206858,-0.009824,0.204026
-0.230535,-0.009824,-0.020208
-0.262881,-0.009824,0.191373
-0.278170,-0.009824,0.167857
-0.152786,-0.009824,0.214164
-0.283460,-0.009824,-0.120325
-0.256645,-0.009824,0.155627
-0.253306,-0.009824,0.012199
-0.146953,-0.014290,0.038189
-0.153329,-0.009824,-0.060038
-0.266442,-0.009824,-0.202037
-0.202312,-0.009824,-0.193628
-0.161818,-0.009824,0.127444
-0.171977,-0.009824,0.129596
-0.193642,-0.009824,-0.138651
-0.185052,-0.009824,0.017470
-0.168195,-0.009824,-0.043663
-0.285633,0.677662,0.228950
-0.285633,0.219982,-0.132194
-0.285633,0.635982,-0.067662
-0.285633,0.336192,-0.229415
-0.285633,0.735335,0.188154
-0.285633,0.148791,-0.220282
-0.285633,0.622383,-0.216440
-0.285633,0.272424,-0.143419
-0.285633,0.744045,0.041307
-0.285633,0.719664,0.172484
-0.285633,0.720549,0.154500
-0.285633,0.608644,0.176246
-0.285633,0.486580,-0.237481
-0.285633,0.603233,0.153394
-0.285633,0.651431,0.096687
-0.285633,0.764201,-0.075567
-0.285633,0.489356,0.107549
-0.285633,0.459664,-0.201313
-0.285633,0.330620,-0.243717
-0.285633,0.693131,-0.157721
-0.285633,0.434841,-0.205678
-0.285633,0.103952,-0.131027
-0.285633,0.715742,0.030263
-0.285633,0.240661,-0.079812
-0.285633,0.728535,0.199801
-0.285633,0.638074,0.029801
-0.285633,0.287914,-0.058469
-0.285633,0.588005,-0.206241
-0.285633,0.288115,-0.079027
-0.285633,0.616107,0.189945
-0.285633,0.597198,0.125352
-0.285633,0.714836,-0.085344
-0.285633,0.740243,0.124306
-0.285633,0.691703,0.255865
-0.285633,0.394327,-0.166773
-0.285633,0.293083,-0.021354
-0.285633,0.035598,-0.196203
-0.285633,0.515084,0.117587
-0.285633,0.425366,-0.199402
-0.285633,0.679271,-0.040284
-0.285633,0.649238,0.126257
-0.285633,0.490824,-0.096870
-0.285633,0.407564,-0.076593
-0.285633,0.551917,-0.144143
-0.285633,0.502331,-0.043100
-0.285633,0.768345,-0.060621
-0.285633,0.148006,-0.112038
-0.285633,0.205176,-0.095623
-0.285633,0.659055,-0.151365
-0.285633,0.333456,-0.212658
-0.285633,0.528823,-0.047344
-0.285633,0.706468,-0.038795
-0.285633,0.669857,0.151603
-0.285633,0.219338,-0.226820
-0.285633,0.662756,-0.042034
-0.285633,0.700715,-0.303301
-0.285633,0.390143,-0.134246
-0.285633,0.374976,-0.041450
-0.285633,0.259751,-0.100994
-0.285633,0.472337,-0.039479
-0.285633,0.481872,0.023645
-0.285633,0.631335,0.057681
-0.285633,0.545942,-0.071966
-0.285633,0.681504,-0.259146
-0.285633,0.408288,-0.038453
-0.285633,0.792987,0.259244
-0.285633,0.283830,-0.209621
-0.285633,0.317524,-0.166150
-0.285633,0.522346,-0.181257
-0.285633,0.247722,-0.200991
-0.285633,0.165447,-0.132616
-0.285633,0.797212,0.207627
-0.285633,0.613190,-0.079932
-0.285633,0.494304,0.090913
-0.285633,0.166010,-0.216319
-0.285633,0.266711,-0.168624
-0.285633,0.202159,-0.121734
-0.285633,0.243377,-0.130001
-0.285633,0.061527,-0.173211
-0.285633,0.306722,-0.038976
-0.285633,0.538378,-0.174699
-0.285633,0.352929,-0.230662
0.282384,-0.419005,0.330556
0.297049,-0.429385,0.330556
0.335712,-0.520792,0.330556
0.268565,-0.487259,0.330556
0.261705,-0.770895,0.330556
0.318090,-0.322890,0.330556
0.393465,-0.688902,0.330556
0.276008,-0.346144,0.330556
0.337945,-0.690612,0.330556
0.309199,-0.586572,0.330556
0.316722,-0.763754,0.330556
0.318875,-0.419970,0.330556
0.319297,-0.554225,0.330556
0.362104,-0.557343,0.330556
0.258205,-0.657159,0.330556
0.285502,-0.360145,0.330556
-0.271994,0.727932,-0.330699
-0.243349,0.627412,-0.330699
-0.180405,0.217367,-0.330699
-0.224399,0.543709,-0.330699
-0.193944,0.681122,-0.330699
-0.186782,0.583217,-0.330699
-0.153611,0.323036,-0.330699
-0.169684,0.157743,-0.330699
-0.148200,0.118375,-0.330699
-0.159022,0.301934,-0.330699
-0.197685,0.438120,-0.330699
-0.182860,0.681082,-0.330699
-0.246929,0.597902,-0.330699
-0.219652,0.720067,-0.330699
-0.146570,0.340356,-0.330699
-0.145424,0.540310,-0.330699
-0.261091,0.669575,-0.330699
-0.182840,0.283749,-0.330699
-0.104387,-0.018575,0.176165
0.115280,-0.018575,0.084074
0.238954,-0.018575,0.189080
0.221553,-0.018575,0.074478
0.044593,-0.018575,-0.042959
0.183836,-0.018575,0.171458
0.202886,-0.018575,0.132614
0.237546,-0.018575,0.013386
0.204757,-0.018575,-0.057523
-0.049611,-0.018575,0.195235
0.076597,-0.018575,0.133378
0.224269,-0.018575,-0.197048
0.186873,-0.018575,-0.115779
0.191560,-0.018575,-0.067219
0.210329,-0.018575,0.168199
-0.008353,-0.018575,0.185117
0.005346,-0.018575,0.136396
0.198601,-0.018575,-0.113908
0.172953,-0.018575,-0.073717
0.030552,-0.018575,0.097994
-0.084935,-0.018575,0.177553
0.202906,-0.018575,-0.232613
0.012246,-0.018575,0.194873
0.086494,-0.018575,0.083249
0.237023,-0.018575,-0.025780
0.107636,-0.018575,-0.033967
0.226321,-0.018575,0.227541
0.127491,-0.018575,0.196422
0.186773,-0.018575,0.009785
0.048696,-0.018575,0.114590
0.205139,-0.018575,0.258983
0.171766,-0.018575,-0.053681
0.180658,-0.018575,0.303781
0.243078,-0.018575,0.296198
0.240644,-0.018575,-0.291473
0.160763,-0.018575,-0.049939
0.235675,-0.018575,0.003328
-0.021629,-0.018575,0.198353
0.421527,-0.139774,-0.214428
0.421527,-0.250251,-0.231929
0.421527,-0.352602,-0.239111
0.421527,0.081120,-0.293625
0.421527,-0.245464,-0.213463
0.421527,-0.223215,-0.264819
0.421527,-0.126839,-0.193970
0.421527,-0.228486,-0.238889
0.421527,-0.042835,-0.226860
0.421527,-0.192035,-0.200568
0.421527,-0.208289,-0.242852
0.421527,-0.052470,-0.252870
0.421527,-0.336750,-0.248083
0.421527,-0.400478,-0.217868
0.421527,-0.213298,-0.261218
0.421527,0.059194,-0.290749
0.421527,-0.425683,-0.205296
0.421527,-0.363022,-0.239091
-0.257148,-0.656837,0.330556
-0.165218,-0.733902,0.330556
-0.200159,-0.494983,0.330556
-0.207381,-0.726137,0.330556
-0.274508,0.382419,0.330556
-0.274730,0.042759,0.330556
-0.283581,0.324847,0.330556
-0.241055,-0.370646,0.330556
-0.268333,0.508204,0.330556
-0.242202,-0.066954,0.330556
-0.270083,0.279646,0.330556
-0.233794,-0.538575,0.330556
-0.267045,-0.499147,0.330556
-0.247573,-0.452900,0.330556
-0.267890,-0.134222,0.330556
-0.176483,-0.722677,0.330556
-0.252280,-0.439221,0.330556
-0.214643,-0.769849,0.330556
-0.193984,-0.636057,0.330556
-0.201246,-0.643580,0.330556
-0.193582,-0.482471,0.330556
-0.221442,-0.271856,0.330556
-0.200622,-0.439503,0.330556
-0.191429,-0.311545,0.330556
-0.230816,0.152372,0.330556
-0.248358,-0.249346,0.330556
-0.270747,-0.326109,0.330556
-0.231621,-0.082584,0.330556
-0.235141,-0.736295,0.330556
-0.284466,0.192946,0.330556
-0.170810,-0.648408,0.330556
-0.220537,-0.332486,0.330556
-0.226170,-0.482773,0.330556
-0.177951,-0.705659,0.330556
-0.241257,0.871199,0.200847
-0.253387,0.862730,0.216236
-0.218827,0.907629,0.134666
-0.285492,0.802623,0.325406
-0.217761,0.961379,0.037022
-0.239708,0.888800,0.168863
-0.206838,0.957476,0.044123
-0.269882,0.839234,0.258922
-0.245642,0.897551,0.152971
0.421527,-0.336328,0.271978
0.421527,-0.221385,0.328021
0.421527,-0.193202,0.244198
0.421527,-0.441132,0.299517
0.421527,0.077942,0.274875
0.421527,-0.033038,0.237016
0.421527,-0.353567,0.299295
0.421527,-0.633201,0.328001
0.421527,-0.459780,0.284751
0.421527,-0.370505,0.296841
0.421527,-0.565027,0.308770
0.421527,-0.010669,0.200707
0.421527,-0.149047,0.234622
0.421527,-0.071842,0.244218
0.421527,-0.126015,0.202437
0.421527,-0.083449,0.279863
0.421527,-0.612159,0.301910
0.421527,-0.212534,0.276081
0.421527,-0.109982,0.312150
0.421527,-0.157858,0.277872
0.421527,-0.453584,0.272883
-0.020825,0.116042,-0.330699
-0.029877,0.100191,-0.330699
-0.048726,0.117812,-0.330699
-0.070351,0.120387,-0.330699
0.221936,0.096087,-0.330699
0.257179,0.138854,-0.330699
0.204294,0.106608,-0.330699
0.272367,0.016850,-0.330699
0.188764,0.050262,-0.330699
0.136261,0.072471,-0.330699
0.173194,0.109062,-0.330699
-0.130920,0.144707,-0.330699
0.136302,0.130586,-0.330699
0.028902,0.083695,-0.330699
0.197092,0.057967,-0.330699
-0.285633,-0.418381,0.296459
-0.285633,-0.695359,0.257816
-0.285633,0.347336,0.324159
-0.285633,-0.329368,0.323897
-0.285633,-0.679125,0.246531
-0.285633,-0.540908,0.279039
-0.285633,0.381111,0.304123
-0.285633,-0.400739,0.244821
-0.285633,-0.155484,0.291028
-0.285633,-0.693046,0.273386
-0.285633,-0.677577,0.301629
-0.285633,-0.718573,0.319009
-0.285633,-0.757297,0.244540
-0.285633,-0.075563,0.276041
-0.285633,0.200912,0.323475
-0.285633,-0.473942,0.300864
-0.285633,-0.367467,0.285134
-0.285633,-0.663878,0.264253
-0.285633,-0.646678,0.228769
-0.285633,-0.151542,0.278495
-0.285633,0.152613,0.299698
-0.285633,-0.545112,0.323716
-0.250168,0.848105,0.242769
-0.266402,0.844806,0.248784
-0.264229,0.901151,0.146454
-0.225868,0.947277,0.062630
-0.282394,0.902177,0.144583
-0.209795,0.934826,0.085240
-0.224460,0.931808,0.090752
-0.249605,0.921247,0.109943
-0.254775,0.957336,0.044365
-0.178072,0.945910,0.065124
-0.285633,0.844203,-0.064363
-0.285633,0.950315,-0.000052
-0.285633,0.890470,0.094856
-0.285633,0.885622,0.119619
-0.285633,0.831489,0.123461
-0.285633,0.914951,0.111351
-0.285633,0.943254,-0.059555
-0.285633,0.874015,0.153635
-0.285633,0.957999,0.011394
-0.285633,0.888036,-0.058469
-0.285633,0.815236,0.270751
-0.285633,0.865345,-0.072751
-0.285633,0.896324,0.038209
-0.285633,0.861925,0.031651
-0.285633,0.867397,-0.027872
-0.285633,0.867839,0.076832
-0.285633,0.874880,-0.113406
-0.172741,-0.781496,-0.232553
-0.169925,-0.781496,-0.265402
-0.158318,-0.781496,-0.315652
-0.285633,0.086612,0.231263
0.282827,-0.265680,-0.330699
0.337844,-0.246932,-0.330699
0.333439,-0.188032,-0.330699
0.331528,0.054668,-0.330699
0.266070,-0.616263,-0.330699
0.327585,-0.306295,-0.330699
0.313122,-0.339627,-0.330699
0.287353,-0.216637,-0.330699
0.261081,-0.474485,-0.330699
0.373168,-0.047582,-0.330699
0.258507,-0.204548,-0.330699
0.274861,-0.082705,-0.330699
0.291980,-0.550262,-0.330699
0.320142,0.038716,-0.330699
0.265587,-0.215209,-0.330699
0.364679,-0.143918,-0.330699
0.289264,-0.283684,-0.330699
0.310225,-0.413594,-0.330699
-0.142648,0.885300,-0.125757
-0.142648,0.837343,0.214144
-0.142648,0.869509,0.120866
-0.142648,0.923058,0.071220
-0.142648,0.815739,-0.056698
-0.142648,0.821271,-0.174176
-0.142648,0.830021,-0.208293
-0.142648,0.853094,-0.002465
-0.142648,0.819862,0.204388
-0.142648,0.804635,0.216779
-0.142648,0.847361,0.242709
-0.142648,0.884395,-0.158204
-0.142648,0.859612,0.019984
-0.142648,0.867960,0.073211
-0.142648,0.936616,0.069027
-0.142648,0.889062,-0.060138
-0.142648,0.806546,-0.019604
0.255871,-0.781496,0.269604
0.300408,-0.781496,0.307744
0.323039,-0.781496,0.320659
-0.228362,-0.677536,-0.206382
-0.283299,-0.439242,-0.206382
-0.270646,-0.454671,-0.206382
-0.222870,-0.627528,-0.206382
-0.239144,-0.515723,-0.206382
-0.224419,-0.778277,-0.206382
-0.271370,-0.179463,-0.206382
-0.200723,-0.672145,-0.206382
-0.209493,-0.603248,-0.206382
-0.234397,-0.401645,-0.206382
-0.251013,-0.385512,-0.206382
-0.213939,-0.778197,-0.206382
-0.271189,-0.733238,-0.206382
-0.242906,-0.488486,-0.206382
-0.182658,-0.644284,-0.206382
-0.096642,0.146075,-0.134145
0.358081,0.146075,-0.329713
-0.106861,0.146075,-0.238527
0.001061,0.146075,-0.105540
0.271361,0.146075,-0.164681
0.016591,0.146075,-0.014917
-0.137679,0.146075,-0.180372
0.009148,0.146075,-0.084398
0.155412,0.146075,-0.280510
-0.019658,0.146075,-0.327199
0.075813,0.146075,-0.202057
-0.042369,0.146075,-0.141306
0.096411,0.146075,-0.006086
-0.029716,0.146075,-0.130826
0.210490,0.146075,-0.274475
-0.043858,0.146075,-0.123423
0.126928,0.146075,-0.035275
0.166154,0.146075,-0.236938
0.370211,0.146075,-0.280127
0.123186,0.146075,-0.184093
-0.002600,0.146075,-0.142614
-0.142044,0.146075,0.213118
-0.118347,0.146075,0.291390
-0.107082,0.146075,0.064702
-0.131664,0.146075,-0.146034
0.006251,0.146075,0.077637
-0.006080,0.146075,0.141223
-0.109456,0.146075,-0.076794
-0.059548,0.146075,0.021332
-0.116980,0.146075,-0.161463
0.220608,0.146075,-0.287228
-0.123035,0.146075,-0.217064
-0.037984,0.146075,-0.316578
0.105826,0.146075,-0.306258
0.035259,0.146075,-0.268621
-0.100203,0.146075,0.050983
-0.102918,0.146075,0.160112
0.258748,0.146075,-0.152873
-0.086966,0.146075,-0.228892
0.000981,0.146075,-0.042496
-0.131584,0.146075,-0.204411
0.041696,0.146075,-0.277734
0.115683,0.146075,-0.170897
-0.067031,0.146075,-0.194654
-0.101772,0.146075,0.004495
0.325795,0.146075,-0.262787
-0.072161,0.146075,-0.290407
0.157906,0.146075,-0.083292
-0.083627,0.146075,0.053397
0.100857,0.146075,-0.227866
0.058312,0.146075,-0.190732
-0.140837,0.146075,-0.231064
0.315174,-0.781496,-0.213302
0.394813,-0.781496,-0.180412
0.254906,-0.470401,0.269343
0.254906,-0.647242,0.290183
0.254906,-0.279178,0.306256
0.254906,-0.369620,0.314382
0.254906,-0.548130,0.259647
0.254906,-0.626019,0.315127
0.254906,-0.768823,0.308167
0.254906,-0.690390,0.309997
0.254906,-0.573979,0.300724
0.254906,-0.662771,0.232731
0.254906,-0.400156,0.285938
0.254906,-0.575689,0.318466
0.254906,-0.762567,0.185620
0.254906,-0.635091,0.271354
0.254906,-0.496713,0.236996
0.254906,-0.711030,0.326533
0.254906,-0.703365,0.308991
0.254906,-0.532319,0.313135
0.254906,-0.699322,0.328685
0.254906,-0.310780,0.328102
0.254906,-0.162123,0.270208
0.254906,-0.151260,0.290887
0.254906,-0.144421,0.264173
0.254906,-0.408303,0.218167
0.254906,-0.073713,0.281613
0.254906,-0.318626,0.237941
0.254906,-0.107045,0.252405
0.254906,-0.573395,0.181415
0.254906,-0.034567,0.227300
0.254906,-0.665970,0.192922
0.254906,-0.452941,0.207787
0.254906,-0.044363,0.270710
0.254906,-0.113040,0.237740
0.254906,-0.089242,0.253350
0.254906,-0.514496,0.200345
0.254906,-0.095378,0.292456
0.254906,-0.461128,0.197810
0.254906,-0.221304,0.198876
0.254906,-0.056031,0.206399
0.394149,-0.517071,-0.330699
0.374435,-0.331741,-0.330699
0.382683,-0.719156,-0.330699
0.414728,-0.416309,-0.330699
0.386485,-0.149953,-0.330699
0.312518,-0.518559,-0.330699
0.352710,-0.553984,-0.330699
0.298678,-0.768662,-0.330699
0.327183,-0.650259,-0.330699
0.407406,-0.756190,-0.330699
0.359590,-0.772283,-0.330699
0.412173,-0.002059,-0.330699
0.285281,-0.642816,-0.330699
0.378962,-0.563076,-0.330699
0.398957,-0.292254,-0.330699
0.315254,-0.671361,-0.330699
0.400586,-0.569936,-0.330699
0.331488,-0.690290,-0.330699
0.390408,-0.356263,-0.330699
0.405092,-0.071580,-0.330699
0.418490,0.006953,-0.330699
0.317326,-0.588462,-0.330699
0.293187,-0.750336,-0.330699
0.388336,-0.710507,-0.330699
0.303868,-0.575528,-0.330699
0.346575,-0.476456,-0.330699
0.406621,-0.480178,-0.330699
0.254906,-0.400377,-0.226780
0.254906,-0.593652,-0.277130
0.254906,-0.597635,-0.220765
0.254906,-0.751644,-0.231105
0.254906,-0.636640,-0.242691
0.254906,-0.582709,-0.245407
0.254906,-0.682042,-0.190571
0.254906,-0.664602,-0.288536
0.254906,-0.748626,-0.259026
0.254906,-0.123118,-0.190289
0.254906,-0.629580,-0.259710
0.254906,-0.507274,-0.252910
0.254906,-0.228546,-0.215816
0.254906,-0.771679,-0.254540
0.254906,-0.472151,-0.224688
0.254906,-0.720263,-0.300163
0.254906,-0.648811,-0.248585
0.395577,0.146075,0.281271
0.202564,0.146075,0.074720
0.398655,0.146075,-0.100994
0.335350,0.146075,0.204468
0.413239,0.146075,-0.315089
0.391514,0.146075,-0.093129
0.284517,0.146075,0.156934
0.375924,0.146075,0.145750
-0.131282,0.146075,0.329912
0.327746,0.146075,0.246249
0.045176,0.146075,0.186847
0.310426,0.146075,0.111110
0.275163,0.146075,-0.043040
0.241730,0.146075,0.181657
0.315676,0.146075,-0.145631
0.154728,0.146075,0.327116
0.187859,0.146075,0.158242
0.157886,0.146075,0.274633
0.279226,0.146075,0.212072
0.154889,0.146075,0.313839
0.053886,0.146075,0.264495
0.068068,0.146075,0.210222
0.415854,0.146075,-0.035516
0.355003,0.146075,0.255121
0.409900,0.146075,0.258842
0.078448,0.146075,0.167394
0.321490,0.146075,0.029076
0.146923,0.146075,0.128832
0.291296,0.146075,-0.160296
0.337523,0.146075,-0.157560
0.313926,0.146075,0.321463
0.408271,0.146075,0.242327
0.360696,0.146075,-0.098137
0.223867,0.146075,0.294286
-0.057778,0.146075,0.330435
0.253820,0.146075,0.012742
0.095788,0.146075,0.210966
0.091905,0.146075,0.188939
0.351584,0.146075,-0.028254
0.089713,0.146075,0.176547
0.303728,0.146075,-0.036944
0.380410,0.146075,0.181657
0.242957,0.146075,0.256529
0.080118,0.146075,0.143698
0.130790,0.146075,0.143235
0.169211,0.146075,0.028936
0.261645,0.146075,-0.002807
-0.061580,0.146075,0.248321
0.132158,0.146075,0.191775
0.289687,0.146075,-0.108075
0.270999,0.146075,0.126680
0.398997,0.146075,0.053095
0.253679,0.146075,0.147198
0.144066,0.146075,0.292013
0.063823,0.146075,0.198715
0.232094,0.146075,-0.066656
0.314087,0.146075,0.222553
0.003254,0.146075,0.219736
0.204254,0.146075,-0.056718
0.148432,0.146075,0.215572
0.065895,0.146075,0.290062
0.110553,0.146075,0.203463
-0.170327,-0.139673,0.217302
-0.176865,-0.124224,0.217302
-0.281911,-0.568990,0.217302
-0.257329,-0.482793,0.217302
-0.266925,-0.144984,0.217302
-0.271592,-0.406955,0.217302
-0.261353,-0.311263,0.217302
-0.250047,-0.396656,0.217302
-0.259562,-0.190748,0.217302
-0.239265,-0.226997,0.217302
-0.206617,-0.089001,0.217302
-0.244717,-0.181857,0.217302
-0.276037,-0.609222,0.217302
-0.273583,-0.552113,0.217302
-0.180385,-0.169606,0.217302
-0.266482,-0.673835,0.217302
-0.243087,-0.474163,0.217302
-0.240452,-0.441153,0.217302
-0.191409,-0.458493,-0.206382
-0.171052,-0.323715,-0.206382
-0.159706,-0.038530,-0.206382
-0.205390,-0.122856,-0.206382
-0.190966,-0.136857,-0.206382
-0.218908,-0.349926,-0.206382
-0.172098,-0.505343,-0.206382
-0.162945,-0.076931,-0.206382
-0.247774,-0.136555,-0.206382
-0.162884,-0.361976,-0.206382
-0.162402,-0.594859,-0.206382
-0.225566,-0.176425,-0.206382
-0.197202,-0.470200,-0.206382
-0.212913,-0.400257,-0.206382
-0.151780,-0.068121,-0.206382
-0.245622,-0.038067,-0.206382
-0.211264,-0.361433,-0.206382
-0.203298,-0.262341,-0.206382
-0.162522,-0.536221,-0.206382
0.308435,-0.286360,-0.330699
0.351805,-0.060114,-0.330699
0.342612,0.036201,-0.330699
0.305357,-0.196823,-0.330699
0.348888,0.051067,-0.330699
0.268203,-0.038188,-0.330699
0.311231,-0.107286,-0.330699
0.280996,-0.482511,-0.330699
0.285583,-0.511056,-0.330699
0.263536,-0.146493,-0.330699
0.288681,-0.421560,-0.330699
0.284818,-0.361855,-0.330699
0.256938,-0.570479,-0.330699
0.333177,-0.229210,-0.330699
0.373047,0.080758,-0.330699
0.344784,-0.124305,-0.330699
0.261584,-0.300903,-0.330699
0.343135,-0.039576,-0.330699
0.281600,-0.542960,-0.330699
0.262590,-0.435420,-0.178320
0.336718,-0.651224,-0.178320
0.336155,-0.435580,-0.178320
0.300227,-0.555372,-0.178320
0.323361,-0.667820,-0.178320
0.286870,-0.204246,-0.178320
0.311814,-0.326370,-0.178320
0.328289,-0.407197,-0.178320
0.319338,-0.354754,-0.178320
0.256958,-0.210844,-0.178320
0.273473,-0.450144,-0.178320
0.385057,-0.659512,-0.178320
0.317185,-0.557061,-0.178320
0.288620,-0.396093,-0.178320
0.348908,-0.598239,-0.178320
0.272849,-0.409832,-0.178320
0.327505,-0.453826,-0.178320
0.308938,-0.648891,-0.178320
0.284637,-0.373482,-0.178320
0.349210,-0.478790,-0.178320
0.303446,-0.683772,-0.178320
0.201538,0.068930,-0.330699
0.114798,0.047828,-0.330699
0.287715,0.059999,-0.330699
-0.040981,0.104676,-0.330699
-0.014629,0.105823,-0.330699
0.078951,0.095101,-0.330699
0.225657,0.012002,-0.330699
0.059740,0.142374,-0.330699
0.174039,0.050021,-0.330699
0.412254,0.143339,-0.330699
0.112927,0.137928,-0.330699
0.279327,0.041130,-0.330699
0.055475,0.070338,-0.330699
0.063904,0.128675,-0.330699
0.352670,0.124571,-0.330699
-0.285633,-0.570700,-0.250577
-0.285633,-0.124506,-0.220202
-0.285633,-0.669128,-0.265905
-0.285633,-0.710064,-0.274173
-0.285633,-0.471709,-0.212377
-0.285633,-0.172945,-0.214670
-0.285633,-0.469798,-0.250134
-0.285633,-0.432664,-0.266509
-0.285633,-0.213338,-0.211592
-0.285633,-0.655549,-0.263210
-0.285633,-0.432483,-0.239392
-0.285633,-0.239791,-0.218029
-0.285633,-0.665286,-0.299258
-0.285633,-0.653820,-0.235852
-0.285633,-0.558510,-0.209138
-0.285633,-0.617550,-0.241223
-0.285633,-0.261536,-0.218934
-0.156528,-0.123621,0.217302
-0.250228,-0.725835,0.217302
-0.168356,-0.226655,0.217302
-0.174753,-0.492871,0.217302
-0.194829,-0.588342,0.217302
-0.183523,-0.433146,0.217302
-0.228322,-0.632859,0.217302
-0.184972,-0.340190,0.217302
-0.163709,-0.579732,0.217302
-0.149910,-0.134745,0.217302
-0.206798,-0.560541,0.217302
-0.225184,-0.556317,0.217302
-0.204042,-0.445618,0.217302
-0.205591,-0.476537,0.217302
-0.168617,-0.326250,0.217302
-0.202815,-0.743778,0.217302
0.254906,-0.020808,-0.238950
0.254906,-0.028190,-0.167135
0.307972,-0.222250,0.330556
0.370070,0.093049,0.330556
0.341928,-0.369459,0.330556
0.372444,-0.392130,0.330556
0.349773,-0.156973,0.330556
0.391715,-0.131647,0.330556
0.368260,-0.506168,0.330556
