1.696095,-1.580637,-2.124460
-0.744286,0.341467,-1.074567
-0.813742,0.238911,1.373020
-0.887485,1.384432,0.396818
-0.928742,1.325222,1.730760
-0.920362,1.366583,0.910489
-0.932475,1.342042,1.485361
-0.882010,0.774361,1.886711
-0.844139,0.791437,0.762788
-0.838561,0.524799,1.323290
-0.881897,0.795579,1.826239
-0.845244,0.574678,1.378962
-0.868162,0.681584,1.742855
-0.837963,1.406297,-1.071635
-0.838164,0.434183,1.556453
-0.835519,0.424275,1.507903
-0.874186,0.894640,1.339568
-0.897673,1.263149,1.013951
-0.840969,0.691944,0.940958
-0.831566,1.335400,-1.062454
-0.884938,0.889331,1.659896
-0.849021,1.155200,-0.079556
-0.912729,1.219963,1.558969
-0.834450,0.757926,0.577411
-0.853283,0.993454,0.478065
-0.868702,1.088649,0.660119
-0.865924,1.355145,-0.137842
-0.882356,1.234994,0.653964
-0.881205,1.095729,0.996881
-0.886053,1.335826,0.487163
-0.861234,1.096888,0.425341
-0.840627,1.026023,0.030017
-0.850972,1.286090,-0.377119
-0.894848,1.080544,1.426148
-0.855542,0.886507,0.830854
-0.849150,0.863216,0.711762
-0.847297,1.072696,0.093948
-0.862415,0.642710,1.684134
-0.842062,0.888791,0.441035
-0.900893,1.203288,1.267064
-0.859700,1.061853,0.476195
-0.850601,1.356018,-0.576319
-0.862367,1.279278,-0.034428
-0.837995,1.276417,-0.720355
-0.882995,1.181798,0.815649
-0.841862,0.658295,1.057123
-0.903486,0.999915,1.889487
-0.871708,1.228343,0.368841
-0.873396,1.311539,0.192460
-0.885453,0.946469,1.520426
-0.876311,0.848815,1.523645
-0.842781,0.371491,1.856979
-0.839290,0.801127,0.598640
-0.923273,1.314889,1.602972
-0.786413,0.356686,-0.421336
-0.802492,0.329836,0.214414
-0.055585,0.202791,1.248005
0.148715,0.203185,0.749093
-0.165273,0.195799,1.666682
0.026567,0.204408,1.014953
0.404289,0.197898,0.253497
0.715807,0.190621,-0.332073
-0.305068,0.218850,1.489419
0.785415,0.192616,-0.543439
1.283770,0.184298,-1.554115
0.684180,0.195682,-0.368753
-0.334186,0.232995,1.244684
1.266466,0.184289,-1.512387
-0.084133,0.209089,1.176435
0.491426,0.196339,0.079109
0.287000,0.189488,0.721940
-0.034295,0.188582,1.512946
1.003629,0.196554,-1.154570
-0.326511,0.217515,1.570557
1.313347,0.186106,-1.665280
-0.023721,0.203786,1.149427
1.008120,0.194265,-1.114448
0.386097,0.189752,0.478313
0.642734,0.208287,-0.549651
0.772658,0.189179,-0.436387
-0.136241,0.205378,1.383982
0.950692,0.199023,-1.082475
0.143022,0.199456,0.845684
-0.391652,0.241232,1.199344
0.581321,0.210709,-0.456172
-0.477300,0.230650,1.640197
1.053297,0.190610,-1.141529
-0.043874,0.195011,1.392946
-0.158919,0.230981,0.868957
0.355257,0.193544,0.467972
0.170560,0.217416,0.380155
0.583978,0.185227,0.104200
-0.114658,0.190125,1.671452
0.217426,0.199459,0.667113
0.859016,0.193646,-0.742927
-0.616708,0.249913,1.546237
-0.751477,1.413016,-1.418064
-0.788445,1.009111,-1.426796
0.328697,0.294868,-1.721850
-0.825404,0.385246,0.410770
-0.857240,0.703069,0.459497
-0.795347,0.526899,-0.826825
-0.903200,0.971855,1.042503
-0.905414,0.712882,1.804122
-0.868151,0.576739,1.110817
-0.939455,1.163298,1.557934
-0.925107,1.035505,1.494304
-0.823040,0.586488,-0.199401
-0.842763,0.298576,1.138609
-0.869073,0.793589,0.552091
-0.898415,0.729201,1.560907
-0.860418,0.543091,0.981500
-0.865539,0.828933,0.356168
-0.801327,0.404563,-0.326602
-0.918655,0.985638,1.445208
-0.952704,1.177228,1.897454
-0.852945,0.345833,1.300921
-0.829039,0.593642,-0.047959
-0.897377,0.619557,1.827135
-0.816188,0.591326,-0.407466
-0.824680,0.472197,0.155604
-0.946264,1.102949,1.914530
-0.823168,0.528277,-0.038727
-0.895801,0.971833,0.831981
-0.863514,0.525850,1.116119
-0.907582,0.775231,1.697642
-0.884843,0.616925,1.477494
-0.934504,1.094126,1.603623
-0.912407,0.995905,1.239671
-0.828536,0.519076,0.138873
-0.892271,0.708589,1.441639
-0.843039,0.577014,0.395367
-0.789984,0.375193,-0.570230
-0.851464,0.777948,0.093107
-0.936366,1.105185,1.626799
-0.950453,1.189045,1.801491
-0.864215,0.312101,1.712685
-0.926280,1.086068,1.391304
-0.846839,0.765305,-0.004407
-0.834530,0.320304,0.845673
-0.849551,0.783723,0.023090
-0.843398,0.719378,0.021548
-0.889946,0.668053,1.484804
-0.855542,0.429859,1.148166
-0.845257,0.767953,-0.056594
-0.815468,0.439985,-0.019704
-0.185309,1.225286,1.398872
-0.068434,1.341523,-1.466761
-0.736702,-0.988105,1.601690
-0.612134,-0.865473,-1.424649
0.957194,0.178336,-0.637980
0.651065,0.142472,0.894146
1.427197,0.088945,0.222519
1.161232,0.149463,-0.485354
1.226146,0.138798,-0.403885
0.904812,0.106605,1.083068
0.515680,0.142709,1.213709
0.510482,0.159506,0.852594
1.294528,0.170501,-1.273070
0.888020,0.154957,0.047964
0.885365,0.095461,1.377578
1.273897,0.145085,-0.658291
0.400665,0.172758,0.821324
0.634854,0.172064,0.274888
0.142215,0.174541,1.401760
1.044690,0.151651,-0.254408
0.701950,0.149407,0.617814
0.671505,0.156706,0.528530
1.425540,0.071946,0.604565
1.015305,0.181223,-0.841608
0.706640,0.127849,1.086040
1.331253,0.076662,0.725910
0.502507,0.139157,1.324298
0.725878,0.160679,0.309724
1.389946,0.119173,-0.360406
0.869743,0.175723,-0.370054
1.329701,0.140812,-0.697135
1.396174,0.089513,0.284324
0.506820,0.145241,1.178643
1.211778,0.160582,-0.853926
0.906751,0.157752,-0.059137
1.346085,0.113106,-0.120247
0.928596,0.122761,0.666671
1.161722,0.084781,0.952071
0.933506,0.115955,0.806261
0.906944,0.099296,1.240518
1.227672,0.088519,0.710698
1.266845,0.143958,-0.616304
1.170616,0.099621,0.600675
1.033643,0.114405,0.600484
0.432116,0.180376,0.576431
1.357415,0.162980,-1.256673
0.291105,0.173220,1.073905
1.250392,0.091336,0.593534
0.926250,0.174815,-0.485427
0.550544,0.151456,0.935518
1.046037,0.177175,-0.825315
1.090371,0.076488,1.307693
0.733383,0.110648,1.404458
0.815551,0.111512,1.188083
1.332813,0.106113,0.067143
1.176973,0.103573,0.497523
1.074703,0.170374,-0.742824
1.427848,0.149410,-1.123847
0.920691,0.108357,1.006005
1.419869,0.164595,-1.442433
1.254799,0.131868,-0.318506
0.636894,0.128430,1.240463
0.807100,0.118011,1.063820
0.556372,0.125125,1.507159
0.512516,0.129659,1.511532
1.246681,0.123691,-0.117159
1.176069,0.079743,1.029694
1.000897,0.154284,-0.207883
0.787067,0.144824,0.515536
0.988255,0.083567,1.395266
1.337274,0.130714,-0.490726
0.243005,0.184456,0.939413
1.250670,0.144351,-0.586245
0.984077,0.140682,0.134981
1.416513,0.079775,0.452115
1.136956,0.104839,0.565373
0.845282,0.150608,0.247226
0.443521,0.173512,0.701731
0.852765,0.181998,-0.468867
0.610926,0.134305,1.172091
1.454414,0.101732,-0.127179
0.956640,0.156628,-0.153834
1.189640,0.165274,-0.905157
0.201651,0.158556,1.614685
1.364109,0.112863,-0.158068
1.419017,0.048569,1.140163
1.359505,0.070412,0.797127
0.996181,0.123714,0.483338
1.022955,0.138890,0.081570
0.480927,0.175717,0.562956
-0.824933,0.287108,1.218567
-0.818822,0.304859,0.809112
-0.239950,1.214257,-1.543597
-0.327359,0.991953,-1.527584
-0.208780,0.667641,-1.566594
-0.072591,0.893168,-1.594881
-0.355967,1.053005,-1.518647
-0.717632,-1.271239,1.811926
-0.017080,0.632654,-1.624379
0.148705,-2.871291,1.536968
-0.898209,1.398884,0.138922
1.092322,-2.786755,1.312481
-0.811510,-0.212091,1.866103
0.263383,-1.336201,1.562633
-0.358089,-0.627434,1.739715
-0.235820,-0.827683,1.703197
0.219136,-1.174221,1.578321
-0.554886,-2.340426,1.742280
0.461042,-1.822925,1.499094
1.011144,-2.837699,1.331648
0.014111,-1.905315,1.610090
-0.151675,-0.901632,1.679828
-0.410027,-2.556057,1.699611
-0.092635,-2.020862,1.633952
0.723711,-2.538527,1.412758
-0.078044,-1.620243,1.641319
-0.538568,-2.762606,1.726484
-0.271600,-2.504876,1.665941
0.214615,-2.311474,1.548056
0.699592,-1.832988,1.438358
0.988581,-2.587537,1.344275
-0.017921,-2.183985,1.610511
0.768127,-2.766364,1.395208
0.199317,-2.453095,1.548021
-0.475887,-1.703401,1.739853
0.751536,-2.709395,1.400987
-0.308471,-2.182589,1.684188
-0.352700,-2.610443,1.683580
0.360899,-1.715551,1.527440
-0.320064,-1.394588,1.708890
0.265527,-2.462494,1.530981
0.770992,-2.021167,1.415064
-0.059540,-2.655482,1.608037
-0.151722,-1.823211,1.654387
-0.008560,-0.986829,1.641204
0.428329,-1.898253,1.505305
0.673882,-2.920281,1.414843
-0.663075,-1.678855,1.787972
0.675626,-2.859985,1.416066
-0.475733,-2.408611,1.720336
-0.244875,-1.024428,1.700058
-0.299074,-0.785555,1.720392
-0.511298,-0.685492,1.776942
-0.346151,-2.283285,1.690956
-0.199365,-2.420715,1.649959
-0.427156,-0.593990,1.758144
-0.798335,-0.436249,1.856378
-0.251842,-1.620581,1.668813
0.321132,-0.932205,1.542610
-0.061350,-0.884690,1.640859
0.214734,-1.412269,1.556316
-0.114349,-1.103046,1.648260
-0.174266,-2.106959,1.635718
-0.553369,-2.578007,1.718789
0.370647,-1.066394,1.526354
0.098017,-1.685798,1.578342
0.989188,-0.384296,1.388429
0.118848,-1.434441,1.580006
-0.017429,-1.492055,1.612953
-0.180884,-1.391032,1.657169
0.587148,-0.404228,1.489773
0.180103,-0.838531,1.580940
0.211319,-1.624649,1.551316
0.278690,-1.282788,1.543683
0.885106,-0.560659,1.409937
0.261093,-1.422773,1.544277
-0.332870,-1.066803,1.704644
0.796958,-0.585368,1.431595
0.181271,-1.215484,1.570233
-0.660625,-1.497899,1.775804
-0.534569,-2.238352,1.723405
0.360849,-0.634938,1.540754
1.003664,-0.492187,1.381780
-0.055857,-0.793533,1.641985
0.699855,-0.788061,1.450607
-0.824346,0.246511,1.229432
-0.827739,0.233379,1.529651
-0.843484,1.112968,-1.037755
-0.843559,0.822131,-0.251063
-0.903435,1.236697,0.334775
-0.847761,0.956146,-0.492989
-0.864008,1.108922,-0.442704
-0.888264,1.114730,0.231999
-0.874439,0.993011,0.166874
-0.846951,0.895424,-0.352249
-0.917117,1.275202,0.620298
-0.874687,1.131761,-0.200361
-0.861655,1.000816,-0.218051
-0.813971,0.715520,-0.805579
-0.816083,0.790305,-0.947201
-0.868593,1.219531,-0.610570
-0.882227,1.352791,-0.582011
-0.859344,0.900608,-0.013499
-0.813331,0.724865,-0.848992
-0.881332,1.018644,0.293885
-0.917127,1.291633,0.576270
-0.927725,1.378748,0.642899
-0.954993,1.286817,1.666973
-0.769532,0.446105,-1.343616
-0.830067,0.784555,-0.533702
-0.793732,0.559578,-0.960955
-0.909695,1.206639,0.594008
-0.832334,0.841184,-0.621937
-0.879657,1.237882,-0.345193
-0.863213,1.194139,-0.695204
-0.846650,0.965366,-0.549479
-0.819064,0.724851,-0.685796
-0.833195,0.872603,-0.682192
-0.823172,0.725715,-0.571219
-0.865635,1.370511,-1.102056
-0.858471,1.039241,-0.412317
-0.914848,1.170855,0.837194
-0.815593,0.716044,-0.760825
-0.963451,1.328526,1.795175
-0.875150,1.350514,-0.777296
-0.854719,1.226104,-1.023198
-0.838179,0.771802,-0.268410
-0.909494,1.068148,0.961887
-0.863966,0.862738,0.220207
-0.795130,0.747848,-1.429040
-0.801543,0.668680,-1.032951
-0.826045,0.904816,-0.972574
-0.859182,0.868473,0.068570
1.120494,-2.776592,-2.010167
1.722839,-1.856347,-2.141858
-0.607813,0.284510,0.755423
-0.277758,0.308464,-0.569220
-0.736919,0.350399,-0.400261
-0.737316,0.309586,0.508413
-0.622226,0.333053,-0.289644
-0.650207,0.375202,-1.159951
-0.530997,0.313554,-0.074846
-0.704345,0.348588,-0.438145
-0.130886,0.324761,-1.284065
-0.506804,0.350120,-0.946160
-0.641963,0.364896,-0.950518
-0.689735,0.272274,1.224123
-0.298251,0.352764,-1.505321
-0.740006,0.372770,-0.890411
-0.464631,0.307252,-0.093908
-0.593971,0.323497,-0.144887
-0.417103,0.336420,-0.856657
-0.763729,0.283523,1.151448
-0.576197,0.367838,-1.173722
-0.566433,0.296870,0.381248
-0.742740,0.284474,1.079936
-0.696583,0.309385,0.415164
-0.761645,0.298112,0.821984
-0.578435,0.301613,0.304544
-0.141075,0.327618,-1.323157
-0.458589,0.348199,-1.019111
-0.424857,0.305993,-0.161345
-0.658803,0.370693,-1.039039
-0.260421,0.328604,-1.058755
-0.195720,0.324607,-1.125093
-0.462120,0.367550,-1.441023
-0.593301,0.334543,-0.392185
-0.348010,0.351744,-1.363266
-0.651526,0.341880,-0.415661
-0.808816,0.284320,1.241915
-0.329867,0.356735,-1.517802
-0.740444,0.345147,-0.274997
-0.345170,0.311716,-0.479817
-0.699170,0.319400,0.198631
-0.449399,1.379127,-0.498450
-0.642888,1.378361,-0.017195
-0.700221,1.386887,-0.069273
-0.815239,1.436246,-0.891099
-0.452615,1.422957,-1.465555
-0.900050,1.355926,1.098787
-0.730292,1.421503,-0.767018
-0.558066,1.354291,0.314643
-0.594193,1.359973,0.274945
-0.308232,1.394437,-1.177655
-0.401896,1.365329,-0.305541
-0.753444,1.361382,0.625681
-0.612715,1.354698,0.436710
-0.745631,1.369153,0.434116
-0.480981,1.380384,-0.450649
-0.324978,1.394398,-1.136615
-0.593577,1.428889,-1.259299
-0.738320,1.428235,-0.897470
-0.778846,1.428271,-0.801039
-0.736028,1.450716,-1.402988
-0.860874,1.369872,0.694622
-0.841560,1.402250,-0.071853
-0.428838,1.397495,-0.956307
-0.524541,1.356067,0.194712
-0.771654,1.366014,0.566351
-0.727987,1.404822,-0.401537
-0.760042,1.445290,-1.224695
-0.629696,1.398492,-0.496588
-0.639564,1.407516,-0.673608
-0.575090,1.414142,-0.975674
-0.852929,1.379143,0.469351
-0.500945,1.426271,-1.423325
-0.860416,1.357018,0.979396
-0.242147,1.371978,-0.836692
-0.210693,1.378716,-1.062021
-0.243675,1.401504,-1.489719
-0.785657,1.340829,1.160103
-0.599213,1.350851,0.489880
-0.694562,1.366401,0.372789
-0.301616,1.378537,-0.839896
-0.877090,1.357407,1.010753
-0.855110,1.381863,0.414101
-0.569810,1.376264,-0.145892
-0.798128,0.344771,-0.256368
-0.789741,0.332740,-0.462634
-0.796251,0.349639,-0.322928
-0.822178,0.243664,1.287570
-0.820066,0.254538,1.040643
-0.089705,1.317462,-0.880579
-0.181446,1.228561,1.316780
-0.117071,1.304696,-0.531000
-0.310351,1.230817,1.575875
-0.506568,1.261731,1.359085
-0.809898,1.294496,1.358121
-0.453168,1.249175,1.510225
-0.774035,1.275329,1.698367
-0.760919,1.301427,1.086448
-0.355504,1.251280,1.229084
-0.788351,1.365830,-0.280124
-0.754228,1.282317,1.495430
-0.704745,1.329211,0.333721
-0.551217,1.308803,0.419271
-0.760864,1.369486,-0.427387
-0.644678,1.309875,0.619676
-0.782006,1.317894,0.770790
-0.621003,1.305689,0.655976
-0.498946,1.277855,0.982175
-0.539681,1.298471,0.621392
-0.879580,1.307301,1.240498
-0.281899,1.220309,1.741315
-0.629904,1.302868,0.740059
-0.546139,1.267787,1.319334
-0.562237,1.315408,0.298822
-0.532558,1.302232,0.520654
-0.797799,1.403889,-1.103928
-0.784372,1.362748,-0.221125
-0.823478,1.336866,0.448350
-0.342397,1.226379,1.751470
-0.726796,1.333467,0.291978
-0.853499,1.362940,-0.059533
-0.710616,1.303062,0.929404
-0.385957,1.269384,0.899495
-0.705959,1.311148,0.738375
-0.813199,1.327617,0.629396
-0.744862,1.373939,-0.564811
-0.483476,1.283696,0.815151
-0.435894,1.253118,1.381088
-0.538715,1.252855,1.633619
-0.603901,1.308518,0.552021
-0.741437,1.315599,0.724506
-0.468362,1.273280,1.010548
-0.936677,1.358512,1.129135
-0.247755,0.347460,1.722134
-0.368458,0.446816,1.755469
-0.650349,0.446435,1.826901
-0.383162,0.739895,1.767290
-0.184203,0.888721,1.720976
1.134996,0.206204,-1.936453
-0.771500,1.394804,-0.074323
-0.213558,1.390788,-1.323653
-0.789025,1.344284,1.091321
-0.787492,1.351626,0.924358
-0.571931,1.378182,-0.183464
-0.163335,1.396510,-1.571404
-0.381808,1.408229,-1.307883
-0.752484,1.378445,0.243891
-0.384448,1.384623,-0.776514
-0.665828,1.344238,0.796781
-0.561841,1.362281,0.146000
-0.546835,1.377657,-0.231982
-0.792758,1.355861,0.842812
-0.800328,1.416179,-0.480559
-0.845963,1.435227,-0.794723
-0.779378,1.397101,-0.106524
-0.493558,1.408641,-1.048934
-0.347259,1.388635,-0.954985
-0.230116,1.376101,-0.957276
-0.224538,1.401750,-1.541115
-0.931898,1.326589,1.827668
-0.845335,1.358256,0.915672
-0.817438,1.424263,-0.619324
-0.744841,1.355196,0.742617
-0.554214,1.408761,-0.906076
-0.834174,1.329877,1.520087
-0.812037,1.376173,0.437288
-0.104837,1.383578,-1.424142
-0.780248,1.376958,0.343562
-0.599557,1.426875,-1.200166
-0.327847,1.370265,-0.592989
-0.632980,1.392898,-0.364291
-0.079284,1.383441,-1.482403
-0.536528,1.416344,-1.117161
-0.267053,1.393285,-1.250830
-0.491606,1.388508,-0.605845
-0.604520,1.369929,0.078283
-0.870058,1.376055,0.579120
-0.644140,1.381659,-0.087532
-0.586087,1.420336,-1.087048
1.465640,-0.407083,1.268842
1.481522,0.143519,-2.012234
-0.770947,1.023552,1.873406
-0.350785,1.003912,1.766377
-0.516961,0.744487,1.801327
-0.796692,0.857091,1.875333
-0.685345,0.645632,1.841273
-0.785958,0.223883,1.871669
-0.104925,1.263210,0.415060
-0.042636,1.351004,-1.594588
-0.891747,1.381799,-0.389310
-0.908732,1.215446,0.542850
-0.917754,1.250492,0.705077
-0.867354,1.219142,-0.644804
-0.909843,1.386257,0.113700
-0.848218,0.990790,-0.573431
-0.931491,1.328691,0.885104
-0.900458,1.248084,0.219301
-0.900053,1.184994,0.377989
-0.847186,1.139416,-1.003738
-0.843057,1.162227,-1.182793
-0.858474,0.938097,-0.139386
-0.855103,1.307492,-1.231802
-0.909808,1.130069,0.803768
-0.896715,1.353463,-0.171486
-0.870264,1.110145,-0.267947
-0.947549,1.287285,1.453838
-0.843956,1.000881,-0.721967
-0.874004,1.085917,-0.096131
-0.893665,1.346782,-0.240262
-0.869708,1.214605,-0.565549
-0.870293,1.059913,-0.131621
-0.874988,0.913925,0.395835
-0.898574,1.334216,-0.066657
-0.779237,0.507217,-1.232238
-0.850993,1.044914,-0.640457
-0.930826,1.171259,1.290856
-0.927362,1.164806,1.209690
-0.902785,1.126858,0.612568
-0.805996,0.747975,-1.120122
-0.870367,1.334966,-0.871496
-0.881509,0.971008,0.427432
-0.880839,1.268228,-0.393417
-0.871087,1.299290,-0.754767
-0.916100,1.128879,0.986076
-0.928005,1.219625,1.080100
-0.854732,1.050569,-0.549292
-0.856935,1.201867,-0.894731
-0.804377,0.688224,-1.005002
-0.902307,1.131903,0.585350
-0.924965,1.278601,0.834500
-0.873123,1.052484,-0.031020
-0.930086,1.212228,1.159285
-0.869587,1.147054,-0.386777
-0.213619,-1.966943,-1.638134
0.854454,-2.137966,-1.913552
-0.082257,-1.447685,-1.657085
1.343100,-2.500013,-2.047395
-0.137383,-1.642443,-1.648493
-0.437309,-2.265820,-1.589696
0.074567,-1.856805,-1.708130
0.611716,-1.923090,-1.846097
-0.505606,-1.714024,-1.557147
-0.054915,-2.597347,-1.695768
-0.074813,-1.848447,-1.670040
-0.432203,-1.522442,-1.570458
0.249496,-2.549897,-1.771608
-0.059618,-2.445781,-1.690390
-0.120982,-2.177070,-1.667416
0.009865,-1.435621,-1.680099
1.178117,-2.719557,-2.011645
0.105098,-2.434015,-1.731811
-0.168482,-1.387025,-1.633556
-0.374101,-2.285305,-1.606254
1.027907,-2.482564,-1.967030
-0.502937,-0.953337,-1.536813
0.187884,-1.656523,-1.731318
-0.117849,-1.721957,-1.655640
-0.320347,-1.420215,-1.595984
-0.466884,-1.321766,-1.556126
-0.307598,-1.562464,-1.603144
0.199458,-2.023254,-1.744380
0.125585,-1.977272,-1.724388
-0.191968,1.114279,1.741192
1.669982,-1.380805,-2.099329
1.454438,-1.977694,-2.061187
1.364815,-0.703366,-2.003276
-0.128089,0.231334,-1.599095
0.294634,0.062504,-1.710894
0.597228,-0.423673,-1.801012
0.251339,-0.299034,-1.709907
0.984445,-0.026322,-1.888174
0.734007,-1.251374,-1.858539
0.794237,-0.974100,-1.866145
0.900909,-1.230575,-1.900264
0.680038,-0.848676,-1.833738
0.858534,-1.044439,-1.884383
1.522716,-0.274391,-2.031447
0.476012,-0.306345,-1.767050
0.517334,-0.926383,-1.794648
1.359938,-0.600645,-1.999203
1.329983,-0.360241,-1.984971
0.955522,-0.861921,-1.903923
1.479159,-0.083142,-2.015125
0.786664,-0.010848,-1.837621
1.373439,-0.467340,-1.998943
0.688401,-1.182177,-1.845069
1.227508,-0.956895,-1.975479
1.380053,-1.433329,-2.027299
-0.406704,0.239788,-1.528249
0.964035,-1.376640,-1.920297
1.484647,-2.174826,-2.074288
-0.376462,-0.019415,-1.543072
0.783024,-0.134633,-1.840117
1.188342,-0.176330,-1.943994
0.694478,-0.996559,-1.841482
1.275280,-0.067081,-1.963010
0.124624,-0.513399,-1.683713
1.013647,-1.052782,-1.923926
1.026732,-1.770746,-1.947072
1.329791,-0.872706,-1.999076
1.571346,-2.040934,-2.092563
1.049792,-1.389714,-1.942393
1.226084,-1.272190,-1.983826
1.207007,-1.781515,-1.993059
0.287481,-0.383450,-1.721398
0.288993,-0.868441,-1.735177
1.078560,-1.678772,-1.957667
1.200282,-1.472886,-1.982830
-0.210226,0.112755,-1.581553
1.372315,0.034216,-1.984805
-0.770488,0.579032,-0.760433
-0.810815,0.536111,0.503095
-0.741672,0.401530,-1.101743
-0.805849,0.893122,-0.601305
-0.805288,0.339482,0.876213
-0.795545,0.357096,0.551408
-0.821103,0.747242,0.226367
-0.788406,0.939814,-1.223703
-0.820766,1.079164,-0.678623
-0.793946,0.377715,0.450273
-0.827028,1.389495,-1.337522
-0.773336,0.624031,-0.800767
-0.777773,0.586622,-0.573572
-0.803471,0.964544,-0.861650
-0.807866,0.516397,0.472342
-0.765591,0.703041,-1.234347
-0.788534,0.949639,-1.246577
-0.784886,0.418172,0.083270
-0.799408,1.091201,-1.318969
-0.815915,0.330577,1.202693
-0.756747,0.463865,-0.840846
-0.755111,0.558051,-1.141503
-0.791978,0.717186,-0.521492
-0.762646,0.596799,-1.031566
-0.764403,0.402387,-0.457103
-0.822950,1.088719,-0.642218
-0.811579,1.162030,-1.163618
-0.820775,0.310016,1.396472
-0.751026,0.575428,-1.304621
-0.795623,0.627737,-0.176452
-0.776628,0.490019,-0.345564
-0.831959,0.363782,1.569754
-0.779110,0.846556,-1.236712
-0.824182,1.234971,-1.001700
-0.784346,0.440710,0.007119
-0.797790,0.406553,0.481895
-0.815369,0.709746,0.164332
-0.817606,1.185163,-1.054495
-0.789144,0.859293,-0.985486
-0.819718,0.986622,-0.458789
-0.776832,0.368830,-0.012848
-0.828853,1.089123,-0.475300
-0.809295,0.312319,1.063546
-0.767345,0.737137,-1.276391
0.441083,-0.399303,1.526928
-0.725560,-0.836063,1.810541
0.753867,-0.215318,1.452737
-0.232353,-0.516369,1.694372
-0.283375,-0.046039,1.720293
-0.313557,-0.167361,1.724591
0.141041,-0.076465,1.611888
0.620070,-0.092817,1.490030
0.388632,-0.103341,1.548395
-0.700013,-0.222752,1.821006
-0.602912,-0.097597,1.799853
0.111732,-0.213152,1.615541
-0.123210,-0.288708,1.672998
-0.313694,0.010555,1.729540
-0.738251,-0.432437,1.824905
-0.530842,-0.060019,1.782625
0.081996,-0.147559,1.624888
-0.071795,1.342860,-0.742731
-0.112847,1.294134,0.557110
1.079840,0.108918,-0.278935
1.431396,0.120158,-1.372402
0.117312,0.257664,-1.277882
1.294286,0.105402,-0.715243
0.752595,0.117736,0.310079
1.461167,0.139884,-1.882542
1.465981,0.089355,-0.770283
0.422708,0.189250,-0.488989
-0.402602,0.317138,-1.353235
0.465564,0.190996,-0.630640
0.907401,0.174962,-1.334117
1.389742,0.125421,-1.389522
1.270399,0.142748,-1.488543
0.318937,0.253386,-1.666478
0.771098,0.169780,-0.891827
-0.568424,0.337928,-1.417786
0.713902,0.144165,-0.184905
0.868527,0.189562,-1.565559
-0.408100,0.307488,-1.125433
1.398269,0.014619,1.054383
0.175240,0.239117,-1.004357
0.866725,0.163099,-0.972672
0.672752,0.147563,-0.161739
1.264593,0.073200,0.072208
1.364147,0.019552,1.026527
0.139158,0.251480,-1.192748
1.056865,0.184009,-1.893930
1.209882,0.094493,-0.270109
0.871855,0.111667,0.158915
0.574901,0.162094,-0.250168
0.517117,0.217144,-1.335883
0.886237,0.121796,-0.100859
-0.230701,0.301255,-1.412420
1.278592,0.160405,-1.900908
0.440902,0.169476,-0.092852
0.627219,0.162222,-0.378536
1.419801,0.081409,-0.482762
1.321314,0.091781,-0.477143
0.298780,0.196597,-0.355064
1.153219,0.069808,0.414852
0.348177,0.187532,-0.271958
1.142502,0.121846,-0.716824
0.977154,0.190835,-1.854497
0.010076,0.243457,-0.704604
1.124500,0.144193,-1.170651
0.382936,0.233884,-1.386285
0.200719,0.221775,-0.679770
1.415270,0.048547,0.258999
-0.099532,0.265818,-0.938976
1.395457,0.025106,0.827892
0.159510,0.252906,-1.273295
-0.246406,0.288478,-1.090574
0.757900,0.155381,-0.539913
0.704901,0.175424,-0.858544
0.384286,0.209639,-0.850287
0.529194,0.192413,-0.814831
1.259081,0.046425,0.680933
-0.012137,0.273653,-1.322909
0.048745,0.268316,-1.350271
1.312574,0.073835,-0.057038
-0.484374,0.329605,-1.434323
1.386863,0.061102,0.047909
0.194048,0.227888,-0.799734
1.190842,0.126271,-0.931200
0.410978,0.244461,-1.688802
1.052196,0.117855,-0.411377
0.949616,0.190974,-1.791518
1.205627,0.128440,-1.014920
0.526947,0.189307,-0.740363
1.094989,0.094244,0.011080
0.930989,0.093624,0.418334
1.454591,0.085863,-0.665296
1.291435,0.090563,-0.378372
0.350674,0.238651,-1.414891
1.202270,0.114030,-0.686377
0.972733,0.148850,-0.910106
1.436091,0.103243,-1.007455
0.695930,0.159929,-0.492396
0.476967,0.234346,-1.622145
1.072248,0.122853,-0.570650
0.406940,0.221750,-1.173990
0.645534,0.172187,-0.644111
1.364109,0.145980,-1.785274
0.854856,0.176628,-1.245092
0.785311,0.120198,0.176831
1.126864,0.132667,-0.919960
0.980798,0.145920,-0.864273
1.189171,0.140045,-1.233552
0.971542,0.163376,-1.230313
-0.131963,0.281726,-1.214977
0.377154,0.215028,-0.953024
1.082268,0.152438,-1.252707
0.198416,0.230954,-0.878409
0.419573,0.193677,-0.579928
0.336627,0.220580,-0.979280
1.311474,0.153045,-1.816106
-0.488178,0.323097,-1.280459
-0.140420,0.277731,-1.105831
0.935598,0.180779,-1.531136
0.432982,0.182423,-0.361802
1.036723,0.120507,-0.433254
0.142621,0.264045,-1.480514
0.353516,0.234163,-1.321889
1.436578,0.056434,0.032449
0.685576,0.198325,-1.321502
0.485627,0.229560,-1.536479
0.305512,0.221025,-0.914528
0.569630,0.177579,-0.581918
0.798151,0.105755,0.467242
1.103509,0.147213,-1.187451
-0.437939,0.321335,-1.361800
0.501426,0.234295,-1.679697
1.472452,0.126789,-1.618391
0.524580,0.181957,-0.571199
0.726659,0.177290,-0.952234
1.199604,0.092816,-0.208160
0.887401,0.129860,-0.283004
0.564485,0.167296,-0.340879
1.149205,0.162460,-1.636195
1.270417,0.116504,-0.904890
0.183174,0.245283,-1.160527
1.327366,0.085394,-0.349615
0.618461,0.202635,-1.256338
0.046076,0.250519,-0.948050
1.154594,0.171633,-1.853133
0.847849,0.056588,1.441539
-0.701310,-0.782830,0.944394
-0.721111,-0.427354,0.549040
-0.785550,-0.175688,1.704171
-0.678173,-0.587422,-0.241225
-0.668060,-0.709255,-0.200405
-0.745622,-0.510771,1.471663
-0.687322,-0.917767,0.910275
-0.705495,-0.951138,1.517540
-0.745828,-0.619495,1.770815
-0.749598,-0.565837,1.733372
-0.630143,-0.877523,-0.825657
-0.668845,-0.916343,0.380563
-0.678720,-0.743784,0.196120
-0.715637,-0.425966,0.389499
-0.776646,-0.216265,1.560201
-0.680590,-0.689850,0.103847
-0.708896,-0.501886,0.402433
-0.792631,0.026930,1.359123
-0.721132,-0.886435,1.788049
-0.651003,-0.832145,-0.354374
-0.714878,-0.799311,1.375011
-0.650025,-0.669833,-0.820071
-0.720208,-0.625312,1.057330
-0.720899,-0.418366,0.518759
-0.750767,-0.375436,1.253035
-0.631569,-0.884475,-0.766331
-0.752239,-0.230578,0.904150
-0.797633,-0.065941,1.752018
-0.698792,-0.429620,-0.080082
-0.743562,-0.428919,1.192254
-0.759303,-0.212699,1.056978
-0.745506,-0.241914,0.743120
-0.694736,-0.937757,1.175230
-0.736942,-0.712655,1.769228
-0.621653,-0.801067,-1.273543
-0.761378,-0.304138,1.362700
-0.800539,-0.029510,1.736435
-0.762326,-0.303575,1.388164
-0.727662,-0.564423,1.105230
-0.712979,-0.434890,0.337929
-0.681152,-0.586773,-0.158195
-0.694515,-0.973468,1.265263
-0.664422,-0.801137,-0.056092
-0.629754,-0.817674,-0.998176
-0.725373,-0.436262,0.694369
-0.688814,-0.522614,-0.113197
-0.742544,-0.314920,0.855738
-0.746569,-0.349092,1.062471
-0.694272,-0.470992,-0.097121
-0.642987,-0.813501,-0.632824
-0.763365,-0.336990,1.507885
-0.711863,-0.639443,0.857964
-0.705145,-0.719693,0.883232
-0.907586,1.320976,1.140080
-0.856671,1.385863,-0.484052
-0.745293,-0.757662,1.817708
-0.693265,-0.269733,-0.668707
-0.646826,-0.540352,-1.260392
-0.702067,0.044196,-1.265014
-0.659790,-0.388680,-1.300562
-0.676755,-0.149049,-1.464146
-0.636872,-0.657560,-1.227521
-0.719995,-0.119329,-0.313650
-0.742831,-0.080242,0.230851
-0.616668,-0.798933,-1.421194
-0.653256,-0.510771,-1.157192
-0.706925,-0.314497,-0.159166
-0.668567,-0.276673,-1.352917
-0.682590,-0.308271,-0.868558
-0.673044,-0.314351,-1.123847
-0.652316,-0.432132,-1.396058
-0.686695,-0.466046,-0.326125
-0.682102,-0.441005,-0.524396
-0.688495,-0.461999,-0.285794
-0.667204,-0.319354,-1.276555
-0.675806,-0.495916,-0.555447
-0.749607,0.005414,0.192635
-0.674669,-0.405297,-0.832273
-0.720192,0.153948,-1.045231
-0.767318,-0.080544,0.928583
-0.625087,-0.719661,-1.395409
-0.669071,-0.327754,-1.200769
-0.681872,-0.302477,-0.904636
-0.721318,0.219193,-1.189200
-0.703336,0.116881,-1.424974
-0.746199,-0.034431,0.203119
-0.751101,0.038137,0.146898
-0.649190,-0.436776,-1.472524
-0.741396,-0.073921,0.172950
-0.773000,0.201863,0.328507
-0.716343,-0.172069,-0.275333
-0.693417,-0.420733,-0.257029
-0.773196,0.279095,0.125750
-0.645022,-0.675952,-0.945947
-0.770125,0.152171,0.380723
-0.669660,-0.305323,-1.244523
-0.686055,-0.442084,-0.408974
-0.769647,0.175272,0.304798
-0.700949,-0.113385,-0.871751
-0.707492,-0.105128,-0.707809
-0.720464,0.092643,-0.872118
-0.702435,-0.154060,-0.719729
-0.710595,-0.255978,-0.212576
-0.702323,-0.228180,-0.522992
-0.709047,-0.350002,-0.002978
-0.713973,0.183201,-1.301159
-0.753259,-0.047717,0.439917
-0.653428,-0.550124,-1.046128
-0.733503,0.107285,-0.540514
-0.764254,0.064880,0.449091
-0.726640,-0.054243,-0.300101
-0.686372,-0.099320,-1.324581
-0.094619,1.316291,-0.021446
-0.129117,1.263945,1.101624
-0.395948,1.293576,1.276050
-0.182528,1.338688,-0.239347
-0.402527,1.347711,0.087817
-0.387146,1.320325,0.660013
-0.885906,1.319936,1.865307
-0.121437,1.284186,0.826269
-0.257158,1.296777,0.871862
-0.241523,1.320828,0.299439
-0.119583,1.357623,-0.811493
-0.194939,1.352599,-0.518956
-0.355188,1.287230,1.319394
-0.165282,1.347780,-0.482940
-0.516367,1.339154,0.551246
-0.331575,1.345538,-0.034099
-0.512765,1.289107,1.655709
-0.113191,1.341094,-0.459218
-0.757578,1.307530,1.833337
-0.806262,1.324387,1.575218
-0.428332,1.340560,0.308776
-0.192357,1.313772,0.338409
-0.705530,1.314912,1.544275
-0.372245,1.342844,0.123400
-0.135993,1.368518,-1.014431
-0.109607,1.373575,-1.190213
-0.247696,1.264808,1.560192
-0.367826,1.289361,1.302325
-0.511609,1.324310,0.869994
-0.151830,1.326098,-0.032976
-0.150245,1.317506,0.154312
-0.155506,1.319652,0.119219
-0.205965,1.362176,-0.705501
-0.334097,1.276287,1.512169
-0.126987,1.338038,-0.358136
-0.144007,1.268104,1.238107
-0.213685,1.300451,0.685857
-0.426961,1.328593,0.571648
-0.152821,1.249177,1.680211
-0.487930,1.281280,1.770204
-0.496397,1.347465,0.318491
-0.373494,1.323851,0.548835
-0.456812,1.339332,0.404422
-0.417813,1.317062,0.806143
-0.162612,1.353881,-0.625018
-0.598250,0.343956,-1.480299
-0.116400,0.419807,-1.596852
-0.638680,1.114959,-1.445284
-0.468705,0.575249,-1.503270
-0.719177,0.813981,-1.433196
-0.421921,0.808070,-1.508697
-0.092527,1.169960,-1.582184
-0.185612,0.984237,-1.563722
-0.350536,1.149545,-1.517357
-0.183223,1.120971,-1.560551
-0.233695,0.849548,-1.555255
-0.186063,0.808453,-1.568462
-0.869201,1.420351,-0.408124
1.295201,-2.598886,-2.054531
0.582310,-1.296855,-1.837893
0.453551,-2.602869,-1.841332
1.330252,-2.367293,-2.057018
0.439768,-2.677852,-1.839909
0.929509,-1.351158,-1.927388
1.056016,-0.576653,-1.938058
1.471353,-0.691194,-2.046486
0.457778,-1.604250,-1.814821
1.564108,-0.593069,-2.067284
0.918924,-2.369445,-1.952830
1.631302,-1.825996,-2.118366
0.868803,-1.726393,-1.922366
0.456864,-1.733297,-1.818154
1.363092,-2.283770,-2.063034
1.477810,-2.628273,-2.101624
1.309337,-0.438064,-1.998433
1.275568,-1.636642,-2.022979
1.272339,-0.944719,-2.003050
1.440619,-1.124971,-2.050677
0.795009,-1.098699,-1.886327
0.119613,-2.508529,-1.754092
0.221116,-2.679045,-1.784527
1.018510,-1.145326,-1.944259
1.140388,-2.673580,-2.017358
0.886020,-0.809204,-1.901397
0.312859,-2.140689,-1.792909
0.158564,-2.215998,-1.755884
1.205273,-2.687473,-2.034186
1.530904,-1.794343,-2.092047
0.292789,-2.643692,-1.801715
1.073742,-2.081099,-1.984103
0.733876,-2.653558,-1.913778
0.289540,-2.018834,-1.783634
1.675070,-2.094615,-2.136878
1.001883,-1.671300,-1.954572
1.211633,-0.371770,-1.971840
1.058013,-2.345683,-1.987424
0.233064,-2.375328,-1.779166
0.994870,-1.722976,-1.954222
1.345808,-0.234623,-2.002057
1.072542,-1.095162,-1.956568
1.356493,-0.143400,-2.002246
0.384448,-1.969119,-1.806314
1.477593,-2.368002,-2.094380
-0.010155,0.563321,-1.634448
0.455421,-0.514535,-1.784127
0.528975,-0.400506,-1.799619
-0.441583,-0.159266,-1.546976
0.364397,-1.141063,-1.778362
0.568805,-0.178806,-1.803590
-0.116606,-0.050032,-1.626321
0.912224,0.134474,-1.881974
-0.203296,-0.773663,-1.624337
-0.469131,-1.901866,-1.588124
-0.671564,0.229076,-1.477963
-0.122854,-0.305908,-1.631805
-0.655934,-0.064092,-1.490021
1.287683,0.144610,-1.976852
0.563905,-1.183115,-1.830087
-0.521553,-1.563460,-1.565491
0.059285,-0.984980,-1.696723
0.792340,-0.552660,-1.870569
0.548597,-0.275148,-1.801130
-0.288884,-1.525322,-1.623406
-0.368032,-0.288980,-1.569199
-0.516236,-0.605412,-1.540378
-0.003638,-0.222879,-1.659726
-0.290477,-0.885153,-1.605321
-0.371243,-0.989432,-1.587732
-0.414663,-1.881552,-1.601367
-0.532299,0.097463,-1.516894
-0.709607,-0.077597,-1.476791
0.702366,-0.069332,-1.834416
-0.454992,-1.357259,-1.576665
0.935732,-0.677124,-1.910348
0.012919,-0.588957,-1.674034
0.037737,0.088095,-1.661623
0.112510,-0.780040,-1.704552
-0.427384,-0.382210,-1.556732
-0.606878,-0.570266,-1.516434
-0.441897,-1.051955,-1.571552
1.014433,-0.515861,-1.925840
-0.011578,-1.289905,-1.687185
-0.472250,-1.492843,-1.576036
-0.570514,-0.607917,-1.526691
0.181650,-1.602545,-1.744792
0.428419,-1.147609,-1.794768
0.641763,0.128182,-1.813602
0.140431,-0.033013,-1.690995
0.308609,-0.171845,-1.737453
-0.330227,-1.489172,-1.611930
-0.310132,-0.737900,-1.596272
-0.050507,-0.232417,-1.648111
0.754546,0.189946,-1.840480
-0.848856,0.256487,1.425563
-0.832065,0.283714,0.874240
-0.103373,1.288639,-0.206747
-0.121873,1.249732,0.702979
-0.145519,1.257488,0.587206
-0.762711,-0.021842,0.639109
-0.731543,0.186962,-0.811217
-0.775809,0.266905,0.232994
-0.759264,0.061969,0.314918
-0.742144,-0.120814,0.320749
-0.688961,-0.245615,-0.856238
-0.685203,-0.427084,-0.473668
-0.730164,0.081965,-0.567228
-0.728228,-0.122140,-0.071739
-0.651277,-0.467289,-1.330801
-0.753093,0.021079,0.249596
-0.618537,-0.766171,-1.456379
-0.752592,-0.126363,0.633072
-0.732847,0.344833,-1.199977
-0.728506,-0.247834,0.275232
-0.741339,0.112635,-0.331919
-0.635007,-0.605310,-1.421539
-0.778953,-0.005345,1.056877
-0.744981,0.102834,-0.201834
-0.732781,0.126519,-0.612940
-0.745042,0.307612,-0.752487
-0.750117,0.294610,-0.572960
-0.766144,-0.054688,0.825437
-0.811154,0.167320,1.507586
-0.732268,0.026923,-0.358866
-0.760497,0.113420,0.211216
-0.800039,0.118728,1.322329
-0.644451,-0.482907,-1.482960
-0.766576,0.195705,0.162273
-0.712975,0.098116,-1.100032
-0.694544,-0.388809,-0.311076
-0.778126,0.126454,0.677822
-0.760951,-0.004341,0.541828
-0.736593,-0.045483,-0.040460
-0.735971,0.011667,-0.212332
-0.755858,-0.123840,0.719231
-0.690664,-0.160289,-1.037942
-0.612808,-0.832694,-1.439962
-0.679527,-0.264097,-1.074888
-0.706284,-0.274520,-0.285239
-0.636958,-0.677559,-1.171119
-0.675005,-0.263440,-1.205371
-0.742212,0.068263,-0.187374
-0.776418,0.243952,0.312235
-0.701946,-0.114499,-0.840390
-0.752769,0.133506,-0.062906
-0.747764,-0.002769,0.162247
-0.775010,0.027749,0.855403
-0.642120,-0.565783,-1.325735
-0.307855,0.106776,-1.573520
-0.533991,-1.035818,-1.547765
-0.148220,-0.680492,-1.635722
0.238634,-1.151583,-1.746779
-0.608319,-0.710488,-1.519942
0.324826,-0.317540,-1.745587
0.081895,-1.735839,-1.723191
-0.011302,-0.058858,-1.653254
0.972393,0.109245,-1.897920
0.702657,-0.725317,-1.852608
0.343669,-0.475374,-1.754722
0.110046,-0.278073,-1.690063
0.637388,-0.625926,-1.833321
-0.637869,0.155743,-1.488528
0.724189,-0.012669,-1.838382
-0.221737,-0.519465,-1.612642
-0.330916,0.185592,-1.565498
1.013084,-0.243878,-1.917987
0.674025,-0.395712,-1.836248
0.003042,-1.693717,-1.702043
0.510877,-0.062011,-1.785683
0.767605,-0.705824,-1.868530
0.907429,-0.468856,-1.897423
0.700496,0.056870,-1.830457
-0.152168,-0.891312,-1.640544
-0.335413,-1.252664,-1.604083
-0.271982,-1.989157,-1.640501
0.645205,-0.194752,-1.823394
1.276547,-0.184936,-1.983131
0.575257,-0.562965,-1.815836
0.631235,-0.758524,-1.835424
-0.290211,-0.681336,-1.599759
0.174330,-0.349071,-1.708316
0.930823,-0.137190,-1.894192
-0.651513,-0.515877,-1.503620
0.321320,-0.062800,-1.737663
0.478219,0.230911,-1.769316
-0.339952,-0.153023,-1.572561
0.353674,-1.315008,-1.780448
-0.047662,-1.450653,-1.682479
-0.500978,-0.826667,-1.550356
-0.038264,0.850536,-1.609207
-0.784330,0.525198,1.879578
-0.598806,0.799643,1.840139
-0.801846,0.685923,1.888457
-0.776923,0.935282,1.889027
-0.727435,1.000033,1.878273
-0.807444,1.280441,1.664832
-0.829764,1.311707,1.022977
-0.821185,1.274256,1.835350
-0.706562,1.277345,1.491640
-0.656645,1.320956,0.401921
-0.624709,1.292248,0.963797
-0.772625,1.277981,1.636000
-0.562478,1.320936,0.176431
-0.836397,1.324825,0.747150
-0.877298,1.306041,1.263063
-0.602145,1.322889,0.228175
-0.686169,1.357295,-0.335444
-0.494510,1.287854,0.749151
-0.303063,1.236342,1.435499
-0.822705,1.334254,0.504584
-0.540265,1.322635,0.085353
-0.360317,1.235260,1.596933
-0.348663,1.245615,1.338677
-0.916253,1.296251,1.574261
-0.616529,1.262763,1.599960
-0.590277,1.262564,1.541403
-0.546824,1.279344,1.063926
-0.649523,1.278692,1.324843
-0.740263,1.274121,1.644198
-0.466908,1.264403,1.204494
-0.632154,1.259695,1.705680
-0.340711,1.247941,1.267853
-0.492324,1.254570,1.484164
-0.634633,1.347661,-0.244819
-0.748634,1.350037,-0.024150
-0.365413,1.244688,1.399477
-0.405515,-0.624937,-1.552434
-0.318696,-0.463795,-1.569987
0.675454,-1.652851,-1.854787
1.074895,-1.967722,-1.964719
-0.268822,-0.301735,-1.578151
0.692203,-1.759735,-1.861984
-0.197458,-0.935138,-1.613732
1.084503,-2.056090,-1.969595
0.627677,-1.630042,-1.842049
0.520454,-1.260227,-1.804660
-0.566247,-0.179313,-1.499389
-0.500543,-0.104334,-1.513971
-0.139511,-0.470402,-1.615582
-0.533292,-0.430194,-1.514671
-0.027074,-1.080974,-1.660942
-0.684481,0.112139,-1.461374
0.102943,-0.698174,-1.683321
0.978523,-2.138413,-1.945009
-0.066479,-0.530641,-1.635755
-0.905257,1.317418,1.083396
-0.735139,-0.356207,0.756378
-0.688760,-0.670220,0.283421
-0.677727,-0.891321,0.565851
-0.655875,-0.650443,-0.705867
-0.683243,-0.863316,0.647313
-0.806677,0.028298,1.755195
-0.777449,-0.245281,1.661331
-0.667880,-0.874751,0.240912
-0.712990,-0.864829,1.498020
-0.771123,-0.245013,1.480550
-0.709017,-0.404240,0.142470
-0.795934,-0.063889,1.698106
-0.700724,-0.717668,0.751954
-0.707890,-0.813638,1.214769
-0.703917,-0.445484,0.108588
-0.804095,0.020456,1.702856
-0.775685,-0.297851,1.752927
-0.709849,-0.955439,1.653069
-0.738299,-0.507025,1.253148
-0.786209,-0.099180,1.516535
-0.612635,-0.852562,-1.391310
-0.750570,-0.208040,0.795871
-0.781295,-0.124227,1.444243
-0.700699,-0.926685,1.315065
-0.754071,-0.238073,0.976519
-0.746959,-0.548346,1.611089
-0.688394,-0.871368,0.815642
-0.664818,-0.586701,-0.623290
-0.716790,-0.366239,0.261188
-0.719316,-0.864022,1.675904
-0.769630,-0.083842,1.003296
-0.639672,-0.764585,-0.859105
-0.701897,-0.800164,1.007864
-0.688420,-0.928045,0.969270
-0.697887,-0.923472,1.226370
-0.691697,-0.579768,0.123009
-0.754497,-0.372885,1.352307
-0.695261,-0.840219,0.927033
-0.748546,-0.295302,0.973655
-0.709259,-0.368772,0.053684
-0.781916,-0.234900,1.760459
-0.723185,-0.707744,1.364427
-0.641650,-0.732613,-0.889054
-0.815461,0.120196,1.757307
-0.727935,-0.431510,0.754462
-0.709045,-0.745531,1.063941
-0.756663,-0.161886,0.844774
-0.728026,-0.581460,1.161549
-0.637375,-0.882223,-0.607152
-0.747991,-0.369476,1.157948
-0.764656,-0.143848,1.023596
-0.416808,0.682864,-1.529995
-0.197168,0.855072,-1.580905
-0.226363,0.989473,-1.569794
-0.629615,0.470003,-1.481940
-0.268810,0.820188,-1.563711
-0.396764,0.785174,1.788533
-0.263276,1.104345,1.763517
-0.231764,1.146209,1.756687
-0.284112,0.792902,1.760196
-0.265168,0.506583,1.747487
-0.753586,0.743532,-1.426421
-0.412796,0.626553,-1.516023
-0.522782,0.937114,-1.479570
-0.392275,0.697491,-1.519264
-0.596773,0.973294,1.844419
-0.346040,1.174294,1.786425
-0.530755,1.170869,1.833145
-0.388910,0.194351,1.344815
-0.601040,0.292667,-0.332887
-0.298227,0.259215,-0.315384
-0.756232,0.299820,-0.119635
-0.617597,0.277209,0.050637
0.860610,0.073605,1.032447
-0.502584,0.245944,0.470070
0.502387,0.104462,1.205604
1.051206,0.040381,1.314085
-0.287504,0.263361,-0.433334
-0.120771,0.200964,0.554406
0.339517,0.138018,0.850066
-0.716958,0.299330,-0.202962
0.182066,0.174275,0.421429
0.095159,0.171065,0.701336
0.095974,0.201066,0.032120
-0.530208,0.265834,0.093964
0.336294,0.118049,1.301923
-0.639622,0.284259,-0.053314
0.591155,0.137084,0.267087
-0.544937,0.288903,-0.383773
-0.049421,0.170738,1.055485
0.656118,0.105404,0.815828
-0.572190,0.279931,-0.118832
-0.500129,0.289390,-0.502112
0.726150,0.103881,0.681676
-0.212589,0.165158,1.571065
0.394395,0.111872,1.299904
0.260654,0.156681,0.624188
0.524446,0.129574,0.594161
-0.736248,0.229569,1.394875
0.651338,0.084351,1.295521
0.731269,0.075389,1.303072
0.033486,0.175898,0.741800
-0.535974,0.316639,-1.022144
-0.011975,0.210630,0.078395
0.052379,0.187518,0.438040
-0.691673,0.218600,1.531906
-0.416090,0.282927,-0.559996
0.319344,0.108467,1.555690
0.664576,0.112600,0.635478
-0.664874,0.295061,-0.232981
0.900998,0.077358,0.852065
0.827024,0.078371,1.007025
-0.279012,0.229325,0.303299
0.776653,0.089117,0.888860
-0.360650,0.175419,1.698076
-0.486474,0.209375,1.244738
0.246348,0.133851,1.166261
0.911684,0.059492,1.223779
0.310763,0.180460,-0.024915
-0.583686,0.205113,1.572765
0.661844,0.098361,0.958717
-0.378416,0.239136,0.323573
-0.487495,0.293658,-0.627333
-0.419576,0.298145,-0.890100
-0.474467,0.231126,0.732171
-0.452806,0.278222,-0.367265
0.089125,0.213233,-0.222061
-0.713634,0.209179,1.794128
0.106419,0.214223,-0.285572
0.976891,0.054183,1.185411
0.262164,0.119846,1.439814
-0.355996,0.272015,-0.461469
-0.216972,0.176860,1.321320
-0.784690,0.247413,1.114244
-0.462884,0.309480,-1.038290
0.275964,0.126440,1.260045
0.654776,0.124915,0.385094
0.043210,0.164475,0.972523
-0.486916,0.249290,0.358064
-0.746291,0.275443,0.398691
-0.216362,0.193015,0.960548
0.820107,0.064952,1.322060
-0.790742,0.257663,0.900781
0.935346,0.061469,1.123055
-0.180610,0.219059,0.295519
0.265174,0.140525,0.972656
-0.701287,0.303342,-0.329779
-0.043137,0.200417,0.380309
1.254910,0.023425,1.202483
1.251563,0.029556,1.074145
-0.588820,0.280047,-0.081524
-0.716325,0.253710,0.810169
-0.125830,0.160998,1.455428
-0.521232,0.212136,1.266734
0.746906,0.085537,1.039860
0.386227,0.172055,-0.019026
-0.231348,0.161884,1.688891
0.030877,0.209282,0.005570
-0.488514,0.297264,-0.705095
-0.209452,0.220219,0.338916
-0.341643,0.220080,0.659182
0.175889,0.131273,1.392655
-0.191808,0.263394,-0.663657
1.226068,0.021163,1.321994
0.171776,0.159450,0.775833
-0.330074,0.190147,1.297166
-0.262345,0.175730,1.455315
-0.670362,0.339504,-1.208274
0.362999,0.140747,0.733018
-0.731167,0.217031,1.661551
-0.183424,0.213651,0.422550
1.078160,0.057564,0.867257
0.253437,0.114499,1.579662
0.472199,0.146759,0.337304
-0.577159,0.206754,1.520623
-0.484716,0.227943,0.827551
-0.341012,0.266833,-0.382177
0.365467,0.158717,0.327420
-0.637462,0.239904,0.928013
-0.613465,0.308545,-0.656219
-0.512030,0.277162,-0.201584
-0.725040,0.213504,1.725300
0.691426,0.084282,1.200879
-0.292606,0.185592,1.308576
-0.636890,0.335359,-1.196385
-0.591928,0.320269,-0.968646
-0.582006,0.286707,-0.245981
1.122415,0.043106,1.383013
-0.807369,0.468801,0.586600
-0.799042,0.885325,-0.774002
-0.778545,0.642451,-0.702205
-0.822394,0.912009,-0.181365
-0.797333,0.346006,0.632212
-0.824841,0.901114,-0.082322
-0.779921,0.571506,-0.471678
-0.793283,0.651925,-0.308308
-0.781086,0.497940,-0.240068
-0.812083,1.051405,-0.850864
-0.777441,0.572126,-0.543932
-0.806026,0.591294,0.217926
-0.827078,1.053764,-0.430447
-0.805836,1.186563,-1.393255
-0.820298,0.295174,1.422944
-0.821549,1.135838,-0.809219
-0.777964,0.764034,-1.046712
-0.818188,0.745110,0.149166
-0.765556,0.440510,-0.527128
-0.808086,1.043514,-0.943326
-0.785539,0.472655,-0.045117
-0.789806,0.767589,-0.719268
-0.786429,0.704809,-0.646040
-0.826338,0.461992,1.144852
-0.786916,0.360649,0.296228
-0.787185,0.434023,0.105948
-0.793311,0.748942,-0.569209
-0.827540,0.630854,0.723553
-0.823840,0.637830,0.599423
-0.810301,1.211886,-1.334492
-0.789163,0.665050,-0.460977
-0.824072,0.858502,0.010737
-0.802479,0.823561,-0.509571
-0.782625,0.452679,-0.074151
-0.807642,0.523575,0.446613
-0.784165,0.673649,-0.626402
-0.788146,0.348798,0.363211
-0.766940,0.435977,-0.475511
0.812256,-0.697017,1.424634
-0.439274,-2.352521,1.696100
-0.050582,-1.025428,1.634243
-0.445621,-1.364768,1.724990
0.117188,-1.570019,1.576681
-0.078329,-1.792470,1.620090
-0.332193,-1.483797,1.692955
-0.528168,-1.753745,1.735168
0.173420,-0.780442,1.584238
0.096618,-1.185348,1.592519
0.476794,-1.056248,1.499732
-0.215497,-0.929075,1.678701
-0.498853,-2.041346,1.719795
-0.147891,-1.332049,1.650436
-0.574600,-1.562030,1.752230
1.048776,-0.322782,1.375026
-0.561466,-2.525063,1.722303
-0.498654,-2.540454,1.705959
-0.287914,-2.275325,1.659871
-0.562592,-1.008822,1.764466
-0.594613,-1.400782,1.761756
-0.249345,-1.765143,1.664187
-0.306018,-2.152841,1.667843
-0.708886,-0.957523,0.854784
-0.646560,-0.887101,-0.861016
-0.889422,0.643425,1.909478
1.155825,-2.324451,-2.011628
0.731582,-1.027878,-1.868296
-0.356290,-2.508703,-1.633483
0.172923,-1.843844,-1.749245
1.362284,-1.379465,-2.037853
0.741381,-1.108718,-1.873012
0.532611,-1.898406,-1.841912
0.641477,-1.692414,-1.863814
0.746366,-1.703276,-1.890697
1.052021,-1.437576,-1.960824
1.542701,-1.380626,-2.083610
1.519075,0.017893,-2.038996
0.892489,-2.300019,-1.944212
1.206471,-0.689535,-1.979308
1.672598,-1.734232,-2.126298
0.264999,-2.236536,-1.783427
-0.401506,-2.608956,-1.624792
1.018449,-2.160949,-1.972295
0.316104,-2.274004,-1.797414
0.918472,-1.657981,-1.933065
1.711016,-2.402569,-2.154494
1.539943,-1.009368,-2.072657
-0.119490,-2.462662,-1.692226
1.021091,-2.305431,-1.976955
0.542552,-2.397038,-1.858203
1.114070,-0.591869,-1.953192
0.672574,-1.283763,-1.860408
0.698018,-1.680883,-1.877825
0.546196,-1.715304,-1.840297
1.698150,-2.807599,-2.162420
0.871645,-2.616933,-1.947683
1.543639,-1.607197,-2.090106
1.258621,-1.694719,-2.020288
0.787631,-2.187381,-1.914526
1.548566,-1.898013,-2.099387
0.943048,-1.801558,-1.943259
0.998070,-2.485832,-1.976103
1.398217,-0.421726,-2.020508
0.005105,-2.103676,-1.713889
1.266584,-2.418226,-2.042289
1.287816,-1.774504,-2.029891
0.674437,-1.853117,-1.876606
-0.274990,-2.616525,-1.657066
1.715989,-2.483321,-2.157985
1.429447,-2.650783,1.214249
1.312450,-0.815301,1.294597
1.584678,-1.870462,1.196460
-0.071333,-2.198093,1.607113
1.256144,-1.115781,1.300568
0.189689,-2.838075,1.523284
1.402724,-0.202379,1.288646
0.245173,-2.878134,1.508115
0.437447,-2.657728,1.465472
0.831629,-1.440490,1.399190
0.656239,-1.378973,1.445340
0.910043,-2.869473,1.339848
1.329107,-1.662839,1.266967
1.267185,-1.351156,1.291269
0.899724,-1.501856,1.380237
0.141829,-1.829814,1.563261
1.716079,-3.006569,1.131778
-0.234256,-2.795903,1.631894
0.513775,-2.117321,1.461053
1.215084,-2.209613,1.280763
1.283383,-1.304326,1.288457
0.085525,-2.211039,1.567002
1.186851,-0.692175,1.329830
0.149771,-2.016500,1.556092
1.392082,-0.795054,1.274974
1.521463,-1.913421,1.211295
1.559503,-1.745221,1.206299
-0.026625,-2.318142,1.592467
0.771633,-2.134905,1.395216
1.554707,-1.613266,1.211159
0.410116,-2.749989,1.469851
-0.297543,-2.701985,1.650527
1.004935,-0.954894,1.368679
1.097854,-2.475452,1.303132
1.097163,-1.953847,1.317713
0.956242,-2.850626,1.328660
0.865534,-1.398857,1.391747
1.269583,-1.688609,1.281341
0.784079,-1.876703,1.399193
1.440056,-1.130956,1.253538
0.860483,-0.969839,1.404876
0.808007,-2.705321,1.370242
0.915542,-0.967504,1.390986
0.136547,-2.551574,1.544665
0.995073,-0.895555,1.372817
0.480428,-1.507014,1.486361
1.147420,-2.708313,1.284138
-0.483319,-2.293741,-1.578806
0.290041,-2.109237,-1.769713
0.535085,-1.929289,-1.826847
-0.473088,-2.484326,-1.586663
0.026404,-2.243153,-1.706595
1.073834,-2.532927,-1.980061
0.280831,-1.635578,-1.754296
-0.414346,-1.104970,-1.563454
-0.313734,-1.748265,-1.606721
0.285263,-2.324127,-1.774437
0.073080,-2.361410,-1.721690
-0.500998,-1.956419,-1.565009
0.541454,-2.523131,-1.844863
-0.262066,-1.797106,-1.621164
0.244363,-1.968060,-1.754237
-0.032544,-1.830070,-1.680246
0.581809,-1.840690,-1.836242
0.290961,-1.727769,-1.759410
0.629369,-2.417655,-1.864231
1.228333,-2.461316,-2.017240
0.042645,-2.082002,-1.706260
-0.310286,-1.146030,-1.590961
0.017199,-2.313295,-1.706199
-0.370332,-2.553843,-1.614626
-0.459950,-1.254235,-1.556018
0.803300,-2.390458,-1.907561
0.295184,0.186164,0.776238
1.467747,-2.998323,1.197597
1.356530,0.080902,0.570950
0.414213,0.180782,0.610363
1.043965,0.103006,0.829261
1.303408,0.107625,0.104059
0.299348,0.160705,1.332483
0.188148,0.169023,1.414276
0.757333,0.183201,-0.266672
1.014194,0.136920,0.146404
0.688191,0.172998,0.126149
0.930445,0.143768,0.195016
0.702778,0.157796,0.429246
0.707896,0.144866,0.704564
0.622979,0.166271,0.432223
1.168933,0.078945,1.064571
0.027194,0.175224,1.662521
1.442286,0.156966,-1.326540
0.919007,0.129398,0.542076
1.047753,0.139954,-0.001596
0.829545,0.103135,1.340819
0.719093,0.173593,0.038769
0.602667,0.137418,1.122684
0.823817,0.158957,0.113044
0.923234,0.147728,0.124257
0.820249,0.107844,1.258395
1.401633,0.061586,0.892344
1.428439,0.094906,0.086965
0.991436,0.156345,-0.231026
1.015940,0.168494,-0.560036
1.139797,0.070883,1.313781
1.296154,0.155783,-0.949623
0.823486,0.144168,0.442761
1.420230,0.075681,0.534254
0.986425,0.101874,0.992483
0.750722,0.165996,0.131842
1.108095,0.172855,-0.878115
1.208282,0.166074,-0.967689
0.619710,0.163456,0.502666
1.087296,0.087838,1.062640
0.886346,0.139812,0.388820
0.924775,0.118439,0.771980
0.257332,0.163720,1.366237
1.313689,0.060856,1.119591
1.199147,0.110408,0.292303
1.380834,0.130088,-0.581308
0.535145,0.133680,1.367811
1.240487,0.143463,-0.542052
0.754260,0.163761,0.173066
1.264186,0.056314,1.339370
0.590874,0.154360,0.774169
0.721235,0.157357,0.394744
0.768695,0.124738,1.006349
0.653266,0.148828,0.747512
1.498361,0.147645,-1.253757
0.014389,0.184526,1.486369
1.308369,0.109605,0.048110
0.892935,0.136459,0.447579
1.320599,0.140704,-0.672902
0.545729,0.160045,0.756034
0.812429,0.148294,0.377508
1.103605,0.162343,-0.633541
1.372801,0.114631,-0.218246
0.772705,0.176771,-0.160550
0.690217,0.170181,0.183933
1.158164,0.142503,-0.323182
1.168493,0.157380,-0.678843
1.274949,0.081151,0.761141
1.247018,0.135949,-0.390601
1.035721,0.113093,0.624699
1.137613,0.094348,0.797132
1.236650,0.142100,-0.502526
1.350251,0.157290,-1.112938
1.281534,0.166085,-1.143665
0.675797,0.150841,0.648675
0.602530,0.141761,1.026417
1.271973,0.123426,-0.171963
1.451754,0.169482,-1.627613
0.590537,0.125104,1.425647
0.536444,0.155278,0.884333
-0.557785,1.241381,-1.478840
-0.466933,0.887481,-1.511640
-0.730330,1.278194,-1.434093
-0.621782,0.829770,-1.473989
-0.297084,1.334453,-1.542342
1.330630,-1.793902,1.279506
1.303255,-1.159927,1.303954
1.643440,-2.335961,1.185255
0.426779,-0.341222,1.548702
1.050350,-0.544593,1.385046
0.672835,-0.244569,1.489010
0.017910,-0.793838,1.639826
0.065599,-0.638453,1.632031
0.476575,-1.115453,1.514698
0.916115,-0.641550,1.416389
1.287110,-2.338319,1.275499
1.153303,-0.836176,1.350900
1.425115,-2.130795,1.246254
0.860014,-0.641804,1.430600
-0.267475,-0.162074,1.729603
-0.340333,-0.251645,1.745595
1.131968,-1.894367,1.327080
1.447898,-1.420815,1.260089
1.355563,-0.318657,1.313932
1.356686,-1.868101,1.270853
0.870713,-0.033099,1.444701
0.341705,-0.028911,1.578889
0.811195,-1.390968,1.422281
1.402690,-1.744343,1.262612
0.727750,-0.908741,1.456749
-0.104178,-0.263836,1.685406
-0.723161,0.071718,1.851550
0.786104,-1.286394,1.431529
0.863939,-0.162430,1.442845
0.870463,-0.434157,1.433687
0.986505,-1.023475,1.388000
-0.200730,-0.312355,1.708537
0.432906,-0.266916,1.549202
1.557889,-2.820487,1.193555
0.053297,-0.884690,1.628348
0.602502,-0.877901,1.489343
0.077408,-0.299256,1.638406
0.210419,-1.068960,1.583437
0.352314,-0.137939,1.573189
0.122500,-0.103531,1.632384
0.486198,-0.578711,1.527084
1.030725,-0.913693,1.379825
-0.613732,0.126260,1.825323
0.629061,-1.436146,1.467194
0.178106,-1.021795,1.592929
1.517518,0.145658,-1.698749
0.256006,-1.410289,-1.741782
-0.063682,-0.581753,-1.637876
0.276620,-1.210508,-1.741489
0.021406,-0.676545,-1.662059
0.145165,-0.924667,-1.700278
1.435396,-2.485796,-2.070394
0.321538,-1.288412,-1.755024
0.930544,-2.109548,-1.932052
0.572573,-1.415042,-1.822145
-0.386069,-0.435230,-1.552122
-0.554276,-0.132265,-1.501124
0.998851,-1.862859,-1.942550
0.044288,-1.372437,-1.687078
0.696714,-1.465301,-1.854995
-0.544696,-0.317694,-1.508673
1.103482,-2.112440,-1.975961
-0.583655,0.633853,1.815175
-0.296876,0.562262,1.740516
-0.319333,0.500283,1.744495
-0.583659,0.485098,1.811067
-0.142704,0.384785,1.696540
-0.500402,1.261141,1.827945
-0.343447,0.303869,-1.200061
0.708567,0.185722,-1.096360
0.917857,0.197404,-1.858330
0.006893,0.249807,-0.838206
0.121635,0.251069,-1.141571
1.346585,0.068642,-0.023151
1.195075,0.092073,-0.180772
0.598762,0.167095,-0.418639
0.531455,0.185496,-0.666417
0.276926,0.259278,-1.696718
0.818366,0.145184,-0.458200
1.417526,0.146139,-1.916964
-0.263240,0.293400,-1.159649
1.356554,0.096947,-0.676589
0.292139,0.246897,-1.457852
1.035506,0.180469,-1.763942
1.000082,0.087648,0.385478
0.031215,0.233130,-0.525637
1.176882,0.110524,-0.547484
0.607252,0.217155,-1.552389
1.235026,0.106281,-0.592618
1.411790,0.088163,-0.613764
1.142417,0.118201,-0.635544
1.042351,0.080114,0.451625
1.468478,0.107915,-1.189062
-0.397360,0.317728,-1.378935
0.692087,0.141892,-0.082003
0.775278,0.166084,-0.819668
0.536694,0.159704,-0.105342
1.311435,0.116793,-1.009748
0.192866,0.248385,-1.252763
0.868543,0.160446,-0.918030
1.149449,0.144244,-1.231642
1.176122,0.143835,-1.286526
0.062040,0.272470,-1.474569
0.599762,0.194033,-1.020168
0.843419,0.111602,0.228593
0.718537,0.169991,-0.770411
1.095421,0.124619,-0.665521
-0.088492,0.259350,-0.821611
-0.159829,0.299968,-1.553841
-0.026397,0.245256,-0.657109
1.326455,0.041357,0.631993
0.785119,0.161108,-0.732589
0.912305,0.177860,-1.410318
1.380319,0.060322,0.080958
0.732907,0.208578,-1.663100
1.341794,0.049783,0.407790
0.332010,0.206588,-0.657000
0.363395,0.184649,-0.244366
1.127114,0.172069,-1.796912
-0.063694,0.288005,-1.518404
0.928121,0.169484,-1.261985
0.966755,0.093421,0.337035
-0.138758,0.279507,-1.149321
0.383148,0.184945,-0.298335
1.522208,0.136744,-1.959167
1.380876,0.050580,0.296296
1.181232,0.086526,-0.024180
1.371657,0.060028,0.108275
0.062424,0.244398,-0.851142
1.028519,0.173690,-1.596401
0.006796,0.261708,-1.102651
1.315403,0.038869,0.713860
0.935341,0.132979,-0.467386
0.996200,0.107855,-0.054621
1.299874,0.061755,0.242096
0.787190,0.194330,-1.476448
-0.119419,0.281678,-1.243989
1.017190,0.136618,-0.744710
0.991602,0.123355,-0.388337
1.027296,0.115440,-0.297942
0.873483,0.147499,-0.641926
1.186867,0.098124,-0.295666
1.112070,0.081595,0.251415
0.988949,0.149175,-0.956232
0.559568,0.199036,-1.035012
0.264340,0.253862,-1.546060
0.241424,0.211714,-0.553673
1.081294,0.159196,-1.400671
0.622913,0.209234,-1.413799
0.425072,0.166356,0.014519
0.317071,0.221651,-0.956188
0.484908,0.221649,-1.358813
1.370073,0.080541,-0.344145
0.767861,0.190958,-1.355086
0.518809,0.179117,-0.494192
0.831051,0.183401,-1.338610
0.607155,0.169348,-0.488874
0.771267,0.184795,-1.226179
-0.208767,0.281834,-1.033103
0.231364,0.231077,-0.960194
0.919953,0.188279,-1.660417
0.288172,0.200220,-0.410183
0.019366,0.268869,-1.292082
1.008240,0.124021,-0.443068
0.540130,0.157665,-0.068224
0.079193,0.230560,-0.583601
0.252456,0.242208,-1.258359
1.474085,0.117709,-1.420359
1.095204,0.104574,-0.219188
1.426204,0.134093,-1.669877
1.006412,0.099953,0.096628
0.348002,0.215221,-0.887372
0.653430,0.174330,-0.710711
-0.411210,0.311950,-1.217197
1.090158,0.142763,-1.056434
0.570035,0.190481,-0.869836
0.135449,0.219274,-0.467566
1.238000,-2.200396,1.291755
0.103248,-0.542188,1.625148
0.462998,-0.841160,1.525715
1.229821,-0.569999,1.338859
1.305470,-0.139701,1.331571
1.006304,-1.918574,1.358260
0.277595,-0.930074,1.570248
0.417691,-0.822550,1.537711
1.183715,-1.061532,1.336968
-0.425124,-0.031708,1.773159
1.410131,-2.613631,1.236716
0.430826,-1.106517,1.526539
0.579702,-0.373597,1.509051
0.482730,-1.393653,1.505454
-0.297383,-0.284648,1.733798
0.560559,-0.572765,1.508401
1.603695,-2.509468,1.190536
0.792181,-1.617598,1.420841
0.918925,-1.990804,1.378411
1.331983,-0.006518,1.328529
1.538613,-1.440876,1.236544
1.043181,-1.289564,1.366287
1.233142,-0.286203,1.345855
0.731197,-1.449384,1.440943
0.070335,-0.063792,1.646702
-0.499344,-0.009841,1.792573
1.107328,-1.634571,1.340500
0.009403,-0.504752,1.649966
0.717153,-1.729033,1.436778
1.128504,-1.839511,1.329473
0.474029,-1.021823,1.517929
1.073877,-1.759256,1.345534
1.654121,-2.798725,1.169766
0.310678,-1.115786,1.556734
0.239938,-0.325010,1.596503
0.857636,-0.822967,1.426199
0.301688,-1.039363,1.561123
1.122875,-1.181314,1.349079
0.234580,0.059704,1.608487
0.619275,-1.198723,1.476232
0.563461,-1.387943,1.485151
-0.294482,-0.484054,1.727555
1.065223,-1.602404,1.352060
0.123275,-0.637879,1.617429
0.187798,-0.482607,1.605365
0.277472,0.186052,0.821228
-0.745771,0.567926,-1.433954
-0.677749,-0.952090,0.659234
-0.717642,-0.973062,1.221383
0.580124,-2.724643,-1.869087
-0.421585,0.289395,-0.690668
-0.374339,0.225370,0.619970
-0.110447,0.243757,-0.422129
-0.420895,0.179951,1.741838
-0.176412,0.226424,0.121638
-0.581506,0.233294,0.940769
-0.252399,0.217468,0.503156
-0.269661,0.241354,0.013324
0.550506,0.115766,0.838745
-0.139790,0.206282,0.481760
0.400618,0.143126,0.589863
0.061339,0.170661,0.791450
0.250617,0.138550,1.051523
0.275040,0.190323,-0.158563
-0.602644,0.253998,0.531005
0.579361,0.130517,0.441432
0.151391,0.186896,0.214311
-0.524358,0.274738,-0.118104
-0.306443,0.168575,1.720243
-0.690563,0.270737,0.369648
0.744528,0.084683,1.064554
-0.023417,0.234993,-0.436000
0.994563,0.050048,1.234979
0.505710,0.091014,1.496737
-0.478483,0.197075,1.499132
0.081836,0.185414,0.414167
-0.411498,0.284085,-0.596754
0.612449,0.105664,0.914817
0.189092,0.124048,1.521664
0.136765,0.152271,1.019494
-0.175926,0.191535,0.896449
0.268074,0.151897,0.712783
0.312728,0.143350,0.795739
-0.078192,0.196712,0.546815
0.437691,0.117958,1.060669
-0.623933,0.336967,-1.263229
0.637121,0.080953,1.405208
0.599874,0.112623,0.790207
-0.331859,0.174855,1.641558
-0.679014,0.320352,-0.761534
-0.635565,0.244971,0.810765
0.163438,0.207376,-0.270088
0.269995,0.137793,1.021852
-0.748704,0.241324,1.163332
-0.173677,0.258766,-0.604229
-0.385327,0.299561,-1.003747
-0.447037,0.212853,1.072784
0.835219,0.073849,1.087939
-0.279521,0.252926,-0.220404
0.397230,0.122826,1.049479
-0.486205,0.193511,1.596944
0.535522,0.140593,0.322529
-0.573932,0.269110,0.126012
1.156894,0.043586,0.989227
0.107333,0.150657,1.126022
0.116844,0.145682,1.213848
-0.026398,0.187202,0.634061
0.935521,0.078919,0.734529
-0.212870,0.208488,0.608041
1.197854,0.028567,1.225006
-0.489786,0.285967,-0.450783
-0.149472,0.162469,1.479450
-0.476451,0.314455,-1.116386
0.635273,0.091071,1.184627
-0.086429,0.219832,0.052371
0.514463,0.127740,0.658918
-0.131875,0.198297,0.640379
1.281670,0.017061,1.279811
-0.156163,0.173853,1.242299
0.191990,0.164774,0.608919
-0.042761,0.195843,0.481152
-0.193038,0.200058,0.747941
-0.762402,0.297222,-0.047047
-0.666942,0.316143,-0.696891
0.103310,0.168911,0.729686
-0.134091,0.227237,0.002026
0.442406,0.108905,1.250701
0.824056,0.072536,1.143918
0.761801,0.104628,0.579517
0.654669,0.121351,0.464625
-0.592647,0.318318,-0.923526
0.745361,0.105219,0.605825
-0.616884,0.218232,1.360642
-0.681998,0.209980,1.700402
-0.336837,0.179584,1.548324
0.040651,0.187330,0.470351
-0.568584,0.314428,-0.894730
-0.346131,0.177674,1.613099
0.063318,0.220647,-0.325043
-0.180029,0.159245,1.624459
0.261261,0.162236,0.499164
-0.719269,0.279472,0.244258
-0.434658,0.254745,0.111350
-0.403540,0.290614,-0.761075
-0.138318,0.218951,0.196453
-0.429585,0.202245,1.266842
-0.232992,0.185847,1.159866
-0.374936,0.248964,0.096640
-0.611282,0.284307,-0.122383
-0.779303,0.276781,0.448144
-0.109214,0.232158,-0.167095
0.390133,0.154529,0.361400
0.410923,0.111177,1.275717
-0.485498,0.243124,0.491806
0.484424,0.092206,1.521285
1.358916,0.007831,1.299780
-0.681840,0.229615,1.263321
-0.887401,1.072527,1.235800
-0.873775,0.727088,1.779834
-0.881648,1.069127,1.081246
-0.850652,0.821337,0.867500
-0.874403,1.149511,0.658211
-0.850182,1.061003,0.207596
-0.835164,1.144014,-0.443777
-0.868196,1.045579,0.761895
-0.830921,0.984474,-0.134162
-0.865873,1.131866,0.463032
-0.869908,0.730848,1.659631
-0.828493,1.413551,-1.360718
-0.835467,1.301929,-0.861119
-0.909771,1.075477,1.864525
-0.864174,0.672393,1.654144
-0.857176,0.869603,0.922970
-0.915308,1.280799,1.468237
-0.925197,1.233432,1.877480
-0.881324,1.120183,0.934294
-0.847789,1.181026,-0.184278
-0.848033,0.813544,0.813981
-0.904512,1.116992,1.602858
-0.877121,0.936299,1.310714
-0.858175,1.111931,0.297694
-0.833403,0.859709,0.273056
-0.829622,1.398718,-1.288575
-0.865832,0.722525,1.566083
-0.893598,0.934318,1.785001
-0.841823,1.147279,-0.263048
-0.863909,1.177371,0.284371
-0.868410,0.853654,1.285737
-0.882078,1.059956,1.118211
-0.863005,1.220279,0.142900
-0.829335,1.101379,-0.494662
-0.841262,1.256046,-0.572434
-0.833963,0.631533,0.904502
-0.904124,1.078600,1.695389
-0.831332,1.356563,-1.126197
-0.123741,0.527188,-1.608571
-0.084998,1.286473,-1.597418
-0.442727,0.380494,-1.531778
-0.132472,0.448982,-1.608518
-0.128028,1.017163,-1.593951
-0.906515,1.020059,1.921364
-0.757095,0.332000,-0.833279
-0.746068,0.336662,-0.963427
-0.784765,-0.575505,1.845815
-0.117862,-0.687571,1.660626
0.608307,0.037640,1.496614
-0.704185,-0.371105,1.817966
0.799820,-0.116363,1.443823
-0.455670,0.117998,1.768490
-0.708849,-0.492999,1.815781
-0.539853,-0.150366,1.782414
0.538308,0.021370,1.513906
0.000855,0.058349,1.651140
0.305894,-0.362128,1.562217
0.540510,-0.405865,1.501548
-0.137363,0.035068,1.685527
-0.064950,-0.479394,1.652966
-0.270512,0.151659,1.722493
0.388388,-0.393659,1.540439
1.431821,0.052444,0.991749
1.461452,0.086475,0.056630
-0.767398,0.388114,-1.165949
-0.777045,0.359356,-0.503201
-0.714200,0.559650,1.846211
-0.735795,1.083930,1.866165
-0.717754,1.250190,1.866184
-0.553313,1.155581,1.821895
-0.293535,1.137906,1.755568
1.484737,0.124407,-0.708435
-0.173635,-0.051505,-1.595364
1.046172,-0.935931,-1.928942
-0.163516,-0.127754,-1.600034
1.566284,-0.412724,-2.046309
-0.359786,0.036706,-1.545749
0.645169,-0.316797,-1.810210
1.675401,-2.157929,-2.122166
0.729415,-0.377550,-1.833240
-0.066124,0.127357,-1.617672
0.667259,-0.425139,-1.818801
1.715900,-2.176640,-2.132947
1.121743,-1.286001,-1.957763
0.463541,-0.219211,-1.761483
0.216570,-0.773360,-1.714196
1.021137,-0.679965,-1.915527
0.527742,-0.668455,-1.790162
0.089894,0.248155,-1.653877
0.979699,-1.154121,-1.918121
1.024565,-0.071975,-1.899603
0.402884,-1.027888,-1.768445
1.424729,-2.342144,-2.063723
0.759387,0.117142,-1.827173
1.683983,-1.616747,-2.109394
1.257409,-1.729397,-2.004393
1.477777,-1.319365,-2.048919
1.410020,-2.254794,-2.057583
0.564727,-0.954720,-1.807442
1.544537,-0.189995,-2.034646
1.564018,-1.301829,-2.070292
1.006477,-1.311776,-1.929262
1.353885,-0.754854,-2.001928
0.870811,-1.154099,-1.890524
1.326907,-0.021307,-1.974830
1.131367,-1.966561,-1.978999
0.260755,-0.020542,-1.704601
1.554653,-1.841237,-2.082816
0.448311,-1.116594,-1.782408
-0.460252,-1.906392,1.730284
0.723023,-2.648541,1.409894
-0.124434,-1.034807,1.669246
0.356416,-2.838942,1.497549
1.541477,-2.920496,1.194952
-0.503741,-1.907390,1.741278
1.161312,-2.331857,1.307560
-0.521405,-1.465742,1.757953
-0.018118,-2.085394,1.613284
1.323244,-2.955309,1.249300
-0.171924,-2.325636,1.645630
-0.509320,-2.138521,1.736308
0.222534,-2.797082,1.532637
1.193131,-2.707895,1.289110
0.091135,-1.575514,1.599678
-0.380232,-0.686331,1.743701
0.376122,-2.588608,1.499469
-0.379585,-2.475416,1.694123
0.067365,-2.407460,1.582724
-0.632310,-0.531491,1.811865
-0.122630,-2.834285,1.619088
0.806761,-2.615389,1.389587
1.064008,-2.558583,1.325959
-0.682605,-0.690775,1.820212
1.105175,-2.400589,1.319889
-0.497687,-2.202747,1.731586
-0.698894,-0.860127,1.819663
-0.352055,-1.832772,1.704895
0.304351,-1.558423,1.546112
0.561438,-1.725537,1.476340
0.086941,-2.101177,1.586222
-0.596469,-1.819785,1.767199
-0.365394,-1.060733,1.729599
0.153433,-2.430091,1.560286
-0.182094,-1.463725,1.672013
-0.656170,-0.784726,1.810918
-0.591291,-1.142066,1.784605
-0.609831,-1.988571,1.765924
0.375001,-1.920092,1.518217
-0.448924,-1.524229,1.737968
1.197708,-2.401488,1.296412
0.002422,0.296040,-0.965112
0.105404,0.290999,-1.100065
0.966368,0.214408,-1.462266
-0.060822,0.311360,-1.154107
1.139942,0.194465,-1.435165
0.697883,0.215281,-0.837520
-0.321951,0.282531,0.113599
1.180819,0.203726,-1.739215
0.991715,0.211017,-1.447673
-0.444173,0.275709,0.558558
0.481494,0.265316,-1.431194
0.299158,0.291013,-1.565253
-0.102113,0.276052,-0.269762
0.801042,0.240937,-1.655633
1.108512,0.210494,-1.716255
-0.124678,0.309311,-0.955322
0.214359,0.274390,-0.992070
-0.323212,0.257563,0.671935
-0.252253,0.258490,0.481073
0.653170,0.229046,-1.036405
-0.096732,0.298680,-0.785932
-0.323747,0.288192,-0.008004
-0.609378,0.259687,1.311264
-0.087132,0.253650,0.192555
1.241136,0.192118,-1.625741
-0.304305,0.274939,0.240107
-0.405419,0.279490,0.381479
0.157782,0.291207,-1.230358
0.349489,0.260349,-1.003995
0.366188,0.221586,-0.181932
0.171240,0.295689,-1.362337
-0.546720,0.266100,1.018315
0.564694,0.235772,-0.973721
-0.406737,0.247934,1.086484
1.012025,0.223201,-1.767385
-0.034188,0.303064,-1.033487
0.248537,0.259818,-0.749994
0.016374,0.275135,-0.533632
0.056753,0.238040,0.194523
0.861928,0.242778,-1.842667
-0.631877,0.263124,1.288810
0.732987,0.213311,-0.877922
0.159849,0.231496,0.092707
0.806403,0.237380,-1.589388
-0.440538,0.283978,0.365920
0.290218,0.255914,-0.763163
0.121506,0.246584,-0.150875
0.178603,0.291271,-1.281757
0.044906,0.261973,-0.309363
1.170524,0.213065,-1.922207
-0.030170,0.265931,-0.217256
0.380550,0.283559,-1.594750
-0.641040,0.256975,1.447554
-0.003885,0.232225,0.469338
0.558952,0.229991,-0.831363
0.161115,0.309999,-1.656327
0.209684,0.296188,-1.465679
0.281344,0.277963,-1.232267
-0.106631,0.258770,0.125449
0.253912,0.293032,-1.501598
-0.462090,0.280952,0.484928
0.130057,0.267589,-0.638549
0.492045,0.221335,-0.478322
0.635599,0.236406,-1.157943
0.367789,0.288946,-1.683925
-0.384217,0.260087,0.762152
0.003757,0.271111,-0.413872
0.696908,0.246538,-1.530362
0.697653,0.242455,-1.441344
-0.167254,0.267875,0.068408
0.718330,0.253473,-1.736013
-0.274930,0.288839,-0.139529
-0.227490,0.261492,0.354890
0.777865,0.245346,-1.698101
0.053048,0.305389,-1.294498
0.598166,0.248183,-1.330047
-0.524933,0.259285,1.117611
0.025153,0.259030,-0.196505
-0.436641,0.263681,0.808004
0.192513,0.236097,-0.087996
0.250231,0.229850,-0.087540
0.575701,0.105503,1.523297
-0.198120,1.297258,0.719519
-0.712190,1.329539,1.234939
-0.665049,1.305325,1.660375
-0.411367,1.328529,0.535657
-0.639518,1.297322,1.777107
-0.394053,1.338262,0.277627
-0.720821,1.309861,1.693287
-0.369880,1.316530,0.702982
-0.832466,1.328182,1.553673
-0.218550,1.253458,1.742682
-0.151330,1.289020,0.790470
-0.761750,1.311789,1.748627
-0.484997,1.318300,0.939799
-0.654088,1.307691,1.581454
-0.617324,1.292706,1.826531
-0.903144,1.319242,1.922101
-0.118332,1.345496,-0.544771
-0.367599,1.311405,0.811483
-0.219098,1.259902,1.600688
-0.321584,1.352461,-0.212036
-0.251484,1.268916,1.477917
-0.180924,1.288294,0.877631
-0.638708,1.314627,1.390289
-0.290511,1.269406,1.560635
-0.418810,1.308339,1.002548
-0.591529,1.295540,1.701603
-0.779096,1.311503,1.796602
-0.776912,1.325782,1.473776
-0.285986,1.308549,0.679197
-0.591887,1.307755,1.430795
-0.388111,1.333716,0.364496
-0.597463,1.292152,1.791201
-0.390561,1.355943,-0.123986
-0.102424,1.334593,-0.340458
-0.454309,1.334503,0.505811
-0.564518,1.322842,1.029576
-0.816422,1.317682,1.748715
-0.405833,1.331824,0.449085
-0.665601,1.329532,1.123315
-0.799276,0.319226,0.442672
0.065197,0.223255,0.503090
1.157297,0.182843,-1.218322
-0.215933,0.211126,1.447339
-0.692730,0.249297,1.742332
0.150196,0.215424,0.473332
1.212897,0.182934,-1.353727
0.168424,0.222294,0.276801
-0.725035,0.248597,1.835410
0.789919,0.195201,-0.611742
-0.233950,0.223078,1.224742
-0.535355,0.244723,1.466476
-0.103975,0.200950,1.405065
1.017458,0.187735,-0.991620
0.005734,0.215806,0.811433
0.490941,0.212689,-0.283370
0.648573,0.194000,-0.245911
-0.345319,0.225653,1.434682
-0.400558,0.223947,1.605149
-0.623885,0.240783,1.766518
-0.281277,0.224972,1.296179
1.159622,0.189035,-1.361597
1.365386,0.184978,-1.765049
0.546921,0.200483,-0.146219
0.097080,0.198891,0.968483
-0.069758,0.213248,1.049444
0.402032,0.210891,-0.030076
0.917931,0.189437,-0.790675
-0.036800,0.197272,1.325699
-0.398257,0.243241,1.170519
0.686129,0.207552,-0.637424
1.525491,0.139308,-1.908538
-0.112021,1.278542,0.038581
-0.121079,1.257192,0.535154
-0.082168,1.294844,-0.395622
-0.699734,-0.243065,-1.471065
-0.060827,1.085067,-1.599703
-0.212072,1.268287,0.506701
-0.247035,1.303884,-0.201132
-0.764750,1.407898,-1.272375
-0.387831,1.375817,-1.463181
-0.225623,1.255513,0.823318
-0.383217,1.318177,-0.192289
-0.409509,1.353640,-0.917933
-0.693028,1.390419,-1.055698
-0.274871,1.256500,0.919528
-0.545335,1.349426,-0.498330
-0.180935,1.263787,0.532088
-0.228887,1.319145,-0.584089
-0.247491,1.295992,-0.024508
-0.639947,1.371697,-0.766668
-0.349372,1.311329,-0.121180
-0.298490,1.300603,-0.004705
-0.367059,1.324385,-0.369116
-0.289671,1.312142,-0.282501
-0.563052,1.367517,-0.858188
-0.285211,1.350648,-1.149619
-0.165198,1.261154,0.552883
-0.236310,1.280882,0.284723
-0.252144,1.235818,1.324987
-0.483863,1.314525,0.130420
-0.698206,1.381196,-0.838151
-0.389865,1.320570,-0.229560
-0.283970,1.280896,0.398765
-0.138293,1.304980,-0.486397
-0.418634,1.328117,-0.328393
-0.245750,1.275689,0.422883
-0.547780,1.375191,-1.065499
-0.553421,1.339525,-0.258720
-0.158788,1.298619,-0.295755
-0.679149,1.383211,-0.928694
-0.595823,1.373149,-0.904825
-0.690150,1.375935,-0.740483
-0.228039,1.321380,-0.635828
-0.335707,1.361558,-1.271104
1.192352,-2.272697,1.284782
1.200411,-1.441974,1.305684
1.083977,-2.164814,1.315229
1.387054,-0.731936,1.277991
1.228821,-1.026084,1.309970
1.423629,-2.702951,1.214283
0.700559,-2.182012,1.411928
0.933649,-1.541159,1.370553
0.954174,-1.292979,1.372206
0.952784,-2.453927,1.340493
-0.344385,-2.794912,1.659833
0.619174,-1.611881,1.448301
1.503876,-2.590133,1.197061
1.006382,-2.075554,1.337360
1.357137,-2.526000,1.236022
0.569571,-1.623986,1.460538
0.337100,-2.388375,1.498344
0.234531,-2.536868,1.520238
1.296689,-2.466219,1.252994
1.517976,-2.951353,1.183511
1.010233,-1.429213,1.354235
-0.093713,-2.444491,1.605980
1.266661,-1.013317,1.300732
1.523561,-2.182081,1.203342
1.046611,-1.050691,1.355470
1.085504,-1.232435,1.340594
0.375906,-1.828410,1.503975
1.138284,-1.382220,1.323080
0.140066,-2.317319,1.550243
1.007740,-0.773394,1.372981
0.665009,-1.961255,1.427035
1.018120,-2.352972,1.326723
1.638938,-2.903016,1.154189
1.436086,-0.315015,1.277080
1.410277,-1.840545,1.241487
1.235425,-1.524206,1.294539
0.634628,-2.770679,1.412379
0.331939,-2.649165,1.492449
0.714946,-1.143716,1.436959
-0.757392,0.855014,1.881860
-0.246125,0.293642,1.736779
-0.849009,0.726123,1.901520
-0.704787,0.932284,-1.450121
-0.717476,0.473187,-1.459585
-0.781144,1.384681,-1.418273
-0.569344,1.361820,-1.472584
-0.456861,1.156005,-1.506776
-0.578321,1.294863,-1.472158
-0.559286,-1.692175,-1.559288
-0.852580,0.268411,1.889783
0.108220,0.295968,-1.217353
0.082270,0.251320,-0.162066
0.166666,0.260895,-0.577501
-0.201749,0.267235,0.165398
-0.758788,0.260536,1.650866
-0.403114,0.249013,1.053793
0.736492,0.234430,-1.356042
-0.127277,0.308604,-0.933377
0.049388,0.255810,-0.183030
0.342136,0.234981,-0.422158
0.256020,0.225099,0.004240
0.489090,0.260216,-1.335980
0.485494,0.253434,-1.176518
0.671395,0.257875,-1.721304
0.326506,0.249344,-0.704098
0.241261,0.264793,-0.843185
-0.710522,0.260887,1.527238
-0.032289,0.268844,-0.276966
-0.557165,0.250184,1.397351
0.177015,0.227680,0.136403
0.278025,0.263273,-0.897576
1.174639,0.200120,-1.644176
-0.055013,0.289308,-0.677593
-0.210148,0.299517,-0.532441
1.046731,0.221254,-1.807335
-0.711030,0.256568,1.624527
0.098176,0.253548,-0.249775
0.439505,0.277418,-1.599598
1.403232,0.189646,-1.959667
-0.260361,0.254960,0.579023
-0.048114,0.295197,-0.825118
0.853057,0.206668,-1.018264
-0.259348,0.266906,0.310904
0.807701,0.231828,-1.469022
1.302502,0.193054,-1.793802
1.336735,0.192461,-1.862743
-0.325675,0.259244,0.640452
0.001867,0.291436,-0.861380
0.730228,0.244397,-1.562708
0.177915,0.251725,-0.400561
0.482571,0.218302,-0.388128
-0.472710,0.246704,1.272132
1.210376,0.202417,-1.781003
0.537972,0.248367,-1.189724
0.762600,0.205785,-0.781604
-0.178437,0.281215,-0.201460
0.219228,0.248545,-0.428952
0.410022,0.240418,-0.705962
-0.218663,0.278450,-0.043451
0.471252,0.237091,-0.778855
0.852048,0.203888,-0.954012
0.775094,0.228187,-1.309807
-0.042849,0.305088,-1.057732
0.692720,0.209719,-0.701429
0.141199,0.226382,0.251192
-0.102190,0.311929,-1.067516
-0.016910,0.306018,-1.140644
-0.399644,0.273176,0.508064
0.240850,0.258507,-0.702388
0.027473,0.298985,-1.090707
0.404692,0.270504,-1.362302
1.264222,0.199837,-1.852824
0.240956,0.274431,-1.056795
0.982545,0.222406,-1.678966
0.021401,0.246852,0.083345
-0.784303,0.257522,1.779113
0.695562,0.231168,-1.185303
-0.153014,0.271744,-0.051807
-0.148482,0.244237,0.549084
0.432177,0.223831,-0.390188
0.884706,0.237506,-1.780065
-0.864004,0.277989,1.798707
-0.886846,0.583085,1.625777
-0.890890,0.660883,1.531007
-0.829215,0.697772,-0.323845
-0.793091,0.462839,-0.718229
-0.924135,0.946087,1.707844
-0.851303,0.708837,0.274947
-0.876627,0.538672,1.454755
-0.874769,0.613485,1.200059
-0.896424,0.678008,1.642338
-0.912770,0.869346,1.591399
-0.794368,0.495100,-0.768912
-0.824104,0.364731,0.429111
-0.829006,0.602499,-0.072774
-0.862190,0.464953,1.242715
-0.896858,0.881644,1.105365
-0.862943,0.841209,0.249166
-0.877025,0.603275,1.291814
-0.817674,0.362665,0.251673
-0.832603,0.524078,0.241146
-0.917405,0.838659,1.806109
-0.885076,0.653267,1.386077
-0.890898,0.709238,1.400805
-0.867750,0.867580,0.314834
-0.843929,0.612909,0.323849
-0.947715,1.142179,1.849996
-0.898484,0.779626,1.426835
-0.824621,0.354584,0.471183
-0.925192,0.902222,1.856273
-0.870582,0.374871,1.724578
-0.841214,0.349654,0.956735
-0.874482,0.645682,1.105039
-0.925408,1.050688,1.461905
-0.839309,0.492027,0.518464
-0.846122,0.426299,0.889662
-0.870248,0.343287,1.800259
-0.806786,0.574306,-0.629149
-0.908047,0.957545,1.219049
-0.811468,-0.076652,1.853288
-0.631272,0.357190,-0.804770
-0.273231,0.343086,-1.350109
-0.314090,0.344113,-1.274911
-0.408408,0.305304,-0.185473
-0.606618,0.362917,-0.991294
-0.733034,0.276558,1.232718
-0.563006,0.317222,-0.079626
-0.599479,0.348708,-0.692408
-0.383404,0.303883,-0.213857
-0.371205,0.308231,-0.339824
-0.187834,0.325192,-1.157005
-0.507520,0.340888,-0.739109
-0.387304,0.338302,-0.970022
-0.652701,0.301243,0.490952
-0.575111,0.327236,-0.273299
-0.403445,0.347901,-1.144773
-0.330927,0.298483,-0.219658
-0.616179,0.306132,0.294607
-0.725716,0.372403,-0.916519
-0.741262,0.366129,-0.739694
-0.370037,0.298200,-0.119537
-0.538225,0.298508,0.277137
-0.528577,0.296474,0.299219
-0.474404,0.351279,-1.049668
-0.323857,0.336385,-1.079611
-0.727241,0.332513,-0.025678
-0.164103,0.312580,-0.933455
-0.228987,0.329798,-1.160730
-0.259261,0.308520,-0.614840
-0.504694,0.331302,-0.532692
-0.357561,0.314176,-0.504782
-0.330452,0.323507,-0.777363
-0.732894,0.342964,-0.244543
-0.361615,0.334485,-0.946748
-0.493745,0.333654,-0.611259
-0.694645,0.377085,-1.095217
-0.580446,0.374201,-1.305063
-0.479141,0.340547,-0.799614
-0.439856,0.320646,-0.451242
-0.194695,0.323436,-1.101505
-0.053767,1.356045,-1.291399
-0.051379,1.372127,-1.402731
-0.389689,1.357556,-1.052594
-0.360957,1.347973,-0.908387
-0.285463,1.260254,0.861443
-0.325249,1.365793,-1.390389
-0.332815,1.343122,-0.868008
-0.305208,1.255334,1.018260
-0.206307,1.224986,1.455928
-0.193171,1.339955,-1.132620
-0.481543,1.358675,-0.857083
-0.562784,1.352975,-0.535406
-0.202567,1.308995,-0.421493
-0.354508,1.270819,0.792138
-0.270077,1.354827,-1.278870
-0.379280,1.360731,-1.148171
-0.424549,1.320560,-0.146122
-0.259978,1.232765,1.411682
-0.521026,1.319818,0.101861
-0.366996,1.327670,-0.442323
-0.199527,1.221887,1.508597
-0.110354,1.341686,-1.369817
-0.413576,1.288177,0.547785
-0.217110,1.306598,-0.333276
-0.352998,1.356711,-1.121814
-0.254029,1.251735,0.975494
-0.402021,1.344863,-0.740693
-0.514985,1.364846,-0.914109
-0.348955,1.268622,0.827662
-0.196077,1.327913,-0.857819
-0.289779,1.244344,1.225658
-0.599649,1.378973,-1.025168
-0.546900,1.346125,-0.421153
-0.336365,1.369620,-1.448846
-0.138138,1.350879,-1.507602
-0.515369,1.377908,-1.203696
-0.615471,1.390983,-1.254329
-0.250668,1.329942,-0.771972
-0.328470,1.317793,-0.315084
1.696095,-1.580637,-2.124460
-0.744286,0.341467,-1.074567
-0.813742,0.238911,1.373020
-0.887485,1.384432,0.396818
-0.928742,1.325222,1.730760
-0.920362,1.366583,0.910489
-0.932475,1.342042,1.485361
-0.882010,0.774361,1.886711
-0.844139,0.791437,0.762788
-0.838561,0.524799,1.323290
-0.881897,0.795579,1.826239
-0.845244,0.574678,1.378962
-0.868162,0.681584,1.742855
-0.837963,1.406297,-1.071635
-0.838164,0.434183,1.556453
-0.835519,0.424275,1.507903
-0.874186,0.894640,1.339568
-0.897673,1.263149,1.013951
-0.840969,0.691944,0.940958
-0.831566,1.335400,-1.062454
-0.884938,0.889331,1.659896
-0.849021,1.155200,-0.079556
-0.912729,1.219963,1.558969
-0.834450,0.757926,0.577411
-0.853283,0.993454,0.478065
-0.868702,1.088649,0.660119
-0.865924,1.355145,-0.137842
-0.882356,1.234994,0.653964
-0.881205,1.095729,0.996881
-0.886053,1.335826,0.487163
-0.861234,1.096888,0.425341
-0.840627,1.026023,0.030017
-0.850972,1.286090,-0.377119
-0.894848,1.080544,1.426148
-0.855542,0.886507,0.830854
-0.849150,0.863216,0.711762
-0.847297,1.072696,0.093948
-0.862415,0.642710,1.684134
-0.842062,0.888791,0.441035
-0.900893,1.203288,1.267064
-0.859700,1.061853,0.476195
-0.850601,1.356018,-0.576319
-0.862367,1.279278,-0.034428
-0.837995,1.276417,-0.720355
-0.882995,1.181798,0.815649
-0.841862,0.658295,1.057123
-0.903486,0.999915,1.889487
-0.871708,1.228343,0.368841
-0.873396,1.311539,0.192460
-0.885453,0.946469,1.520426
-0.876311,0.848815,1.523645
-0.842781,0.371491,1.856979
-0.839290,0.801127,0.598640
-0.923273,1.314889,1.602972
-0.786413,0.356686,-0.421336
-0.802492,0.329836,0.214414
-0.055585,0.202791,1.248005
0.148715,0.203185,0.749093
-0.165273,0.195799,1.666682
0.026567,0.204408,1.014953
0.404289,0.197898,0.253497
0.715807,0.190621,-0.332073
-0.305068,0.218850,1.489419
0.785415,0.192616,-0.543439
1.283770,0.184298,-1.554115
0.684180,0.195682,-0.368753
-0.334186,0.232995,1.244684
1.266466,0.184289,-1.512387
-0.084133,0.209089,1.176435
0.491426,0.196339,0.079109
0.287000,0.189488,0.721940
-0.034295,0.188582,1.512946
1.003629,0.196554,-1.154570
-0.326511,0.217515,1.570557
1.313347,0.186106,-1.665280
-0.023721,0.203786,1.149427
1.008120,0.194265,-1.114448
0.386097,0.189752,0.478313
0.642734,0.208287,-0.549651
0.772658,0.189179,-0.436387
-0.136241,0.205378,1.383982
0.950692,0.199023,-1.082475
0.143022,0.199456,0.845684
-0.391652,0.241232,1.199344
0.581321,0.210709,-0.456172
-0.477300,0.230650,1.640197
1.053297,0.190610,-1.141529
-0.043874,0.195011,1.392946
-0.158919,0.230981,0.868957
0.355257,0.193544,0.467972
0.170560,0.217416,0.380155
0.583978,0.185227,0.104200
-0.114658,0.190125,1.671452
0.217426,0.199459,0.667113
0.859016,0.193646,-0.742927
-0.616708,0.249913,1.546237
-0.751477,1.413016,-1.418064
-0.788445,1.009111,-1.426796
0.328697,0.294868,-1.721850
-0.825404,0.385246,0.410770
-0.857240,0.703069,0.459497
-0.795347,0.526899,-0.826825
-0.903200,0.971855,1.042503
-0.905414,0.712882,1.804122
-0.868151,0.576739,1.110817
-0.939455,1.163298,1.557934
-0.925107,1.035505,1.494304
-0.823040,0.586488,-0.199401
-0.842763,0.298576,1.138609
-0.869073,0.793589,0.552091
-0.898415,0.729201,1.560907
-0.860418,0.543091,0.981500
-0.865539,0.828933,0.356168
-0.801327,0.404563,-0.326602
-0.918655,0.985638,1.445208
-0.952704,1.177228,1.897454
-0.852945,0.345833,1.300921
-0.829039,0.593642,-0.047959
-0.897377,0.619557,1.827135
-0.816188,0.591326,-0.407466
-0.824680,0.472197,0.155604
-0.946264,1.102949,1.914530
-0.823168,0.528277,-0.038727
-0.895801,0.971833,0.831981
-0.863514,0.525850,1.116119
-0.907582,0.775231,1.697642
-0.884843,0.616925,1.477494
-0.934504,1.094126,1.603623
-0.912407,0.995905,1.239671
-0.828536,0.519076,0.138873
-0.892271,0.708589,1.441639
-0.843039,0.577014,0.395367
-0.789984,0.375193,-0.570230
-0.851464,0.777948,0.093107
-0.936366,1.105185,1.626799
-0.950453,1.189045,1.801491
-0.864215,0.312101,1.712685
-0.926280,1.086068,1.391304
-0.846839,0.765305,-0.004407
-0.834530,0.320304,0.845673
-0.849551,0.783723,0.023090
-0.843398,0.719378,0.021548
-0.889946,0.668053,1.484804
-0.855542,0.429859,1.148166
-0.845257,0.767953,-0.056594
-0.815468,0.439985,-0.019704
-0.185309,1.225286,1.398872
-0.068434,1.341523,-1.466761
-0.736702,-0.988105,1.601690
-0.612134,-0.865473,-1.424649
0.957194,0.178336,-0.637980
0.651065,0.142472,0.894146
1.427197,0.088945,0.222519
1.161232,0.149463,-0.485354
1.226146,0.138798,-0.403885
0.904812,0.106605,1.083068
0.515680,0.142709,1.213709
0.510482,0.159506,0.852594
1.294528,0.170501,-1.273070
0.888020,0.154957,0.047964
0.885365,0.095461,1.377578
1.273897,0.145085,-0.658291
0.400665,0.172758,0.821324
0.634854,0.172064,0.274888
0.142215,0.174541,1.401760
1.044690,0.151651,-0.254408
0.701950,0.149407,0.617814
0.671505,0.156706,0.528530
1.425540,0.071946,0.604565
1.015305,0.181223,-0.841608
0.706640,0.127849,1.086040
1.331253,0.076662,0.725910
0.502507,0.139157,1.324298
0.725878,0.160679,0.309724
1.389946,0.119173,-0.360406
0.869743,0.175723,-0.370054
1.329701,0.140812,-0.697135
1.396174,0.089513,0.284324
0.506820,0.145241,1.178643
1.211778,0.160582,-0.853926
0.906751,0.157752,-0.059137
1.346085,0.113106,-0.120247
0.928596,0.122761,0.666671
1.161722,0.084781,0.952071
0.933506,0.115955,0.806261
0.906944,0.099296,1.240518
1.227672,0.088519,0.710698
1.266845,0.143958,-0.616304
1.170616,0.099621,0.600675
1.033643,0.114405,0.600484
0.432116,0.180376,0.576431
1.357415,0.162980,-1.256673
0.291105,0.173220,1.073905
1.250392,0.091336,0.593534
0.926250,0.174815,-0.485427
0.550544,0.151456,0.935518
1.046037,0.177175,-0.825315
1.090371,0.076488,1.307693
0.733383,0.110648,1.404458
0.815551,0.111512,1.188083
1.332813,0.106113,0.067143
1.176973,0.103573,0.497523
1.074703,0.170374,-0.742824
1.427848,0.149410,-1.123847
0.920691,0.108357,1.006005
1.419869,0.164595,-1.442433
1.254799,0.131868,-0.318506
0.636894,0.128430,1.240463
0.807100,0.118011,1.063820
0.556372,0.125125,1.507159
0.512516,0.129659,1.511532
1.246681,0.123691,-0.117159
1.176069,0.079743,1.029694
1.000897,0.154284,-0.207883
0.787067,0.144824,0.515536
0.988255,0.083567,1.395266
1.337274,0.130714,-0.490726
0.243005,0.184456,0.939413
1.250670,0.144351,-0.586245
0.984077,0.140682,0.134981
1.416513,0.079775,0.452115
1.136956,0.104839,0.565373
0.845282,0.150608,0.247226
0.443521,0.173512,0.701731
0.852765,0.181998,-0.468867
0.610926,0.134305,1.172091
1.454414,0.101732,-0.127179
0.956640,0.156628,-0.153834
1.189640,0.165274,-0.905157
0.201651,0.158556,1.614685
1.364109,0.112863,-0.158068
1.419017,0.048569,1.140163
1.359505,0.070412,0.797127
0.996181,0.123714,0.483338
1.022955,0.138890,0.081570
0.480927,0.175717,0.562956
-0.824933,0.287108,1.218567
-0.818822,0.304859,0.809112
-0.239950,1.214257,-1.543597
-0.327359,0.991953,-1.527584
-0.208780,0.667641,-1.566594
-0.072591,0.893168,-1.594881
-0.355967,1.053005,-1.518647
-0.717632,-1.271239,1.811926
-0.017080,0.632654,-1.624379
0.148705,-2.871291,1.536968
-0.898209,1.398884,0.138922
1.092322,-2.786755,1.312481
-0.811510,-0.212091,1.866103
0.263383,-1.336201,1.562633
-0.358089,-0.627434,1.739715
-0.235820,-0.827683,1.703197
0.219136,-1.174221,1.578321
-0.554886,-2.340426,1.742280
0.461042,-1.822925,1.499094
1.011144,-2.837699,1.331648
0.014111,-1.905315,1.610090
-0.151675,-0.901632,1.679828
-0.410027,-2.556057,1.699611
-0.092635,-2.020862,1.633952
0.723711,-2.538527,1.412758
-0.078044,-1.620243,1.641319
-0.538568,-2.762606,1.726484
-0.271600,-2.504876,1.665941
0.214615,-2.311474,1.548056
0.699592,-1.832988,1.438358
0.988581,-2.587537,1.344275
-0.017921,-2.183985,1.610511
0.768127,-2.766364,1.395208
0.199317,-2.453095,1.548021
-0.475887,-1.703401,1.739853
0.751536,-2.709395,1.400987
-0.308471,-2.182589,1.684188
-0.352700,-2.610443,1.683580
0.360899,-1.715551,1.527440
-0.320064,-1.394588,1.708890
0.265527,-2.462494,1.530981
0.770992,-2.021167,1.415064
-0.059540,-2.655482,1.608037
-0.151722,-1.823211,1.654387
-0.008560,-0.986829,1.641204
0.428329,-1.898253,1.505305
0.673882,-2.920281,1.414843
-0.663075,-1.678855,1.787972
0.675626,-2.859985,1.416066
-0.475733,-2.408611,1.720336
-0.244875,-1.024428,1.700058
-0.299074,-0.785555,1.720392
-0.511298,-0.685492,1.776942
-0.346151,-2.283285,1.690956
-0.199365,-2.420715,1.649959
-0.427156,-0.593990,1.758144
-0.798335,-0.436249,1.856378
-0.251842,-1.620581,1.668813
0.321132,-0.932205,1.542610
-0.061350,-0.884690,1.640859
0.214734,-1.412269,1.556316
-0.114349,-1.103046,1.648260
-0.174266,-2.106959,1.635718
-0.553369,-2.578007,1.718789
0.370647,-1.066394,1.526354
0.098017,-1.685798,1.578342
0.989188,-0.384296,1.388429
0.118848,-1.434441,1.580006
-0.017429,-1.492055,1.612953
-0.180884,-1.391032,1.657169
0.587148,-0.404228,1.489773
0.180103,-0.838531,1.580940
0.211319,-1.624649,1.551316
0.278690,-1.282788,1.543683
0.885106,-0.560659,1.409937
0.261093,-1.422773,1.544277
-0.332870,-1.066803,1.704644
0.796958,-0.585368,1.431595
0.181271,-1.215484,1.570233
-0.660625,-1.497899,1.775804
-0.534569,-2.238352,1.723405
0.360849,-0.634938,1.540754
1.003664,-0.492187,1.381780
-0.055857,-0.793533,1.641985
0.699855,-0.788061,1.450607
-0.824346,0.246511,1.229432
-0.827739,0.233379,1.529651
-0.843484,1.112968,-1.037755
-0.843559,0.822131,-0.251063
-0.903435,1.236697,0.334775
-0.847761,0.956146,-0.492989
-0.864008,1.108922,-0.442704
-0.888264,1.114730,0.231999
-0.874439,0.993011,0.166874
-0.846951,0.895424,-0.352249
-0.917117,1.275202,0.620298
-0.874687,1.131761,-0.200361
-0.861655,1.000816,-0.218051
-0.813971,0.715520,-0.805579
-0.816083,0.790305,-0.947201
-0.868593,1.219531,-0.610570
-0.882227,1.352791,-0.582011
-0.859344,0.900608,-0.013499
-0.813331,0.724865,-0.848992
-0.881332,1.018644,0.293885
-0.917127,1.291633,0.576270
