-1.488592,4.497231,1.597077
-1.596820,3.135861,0.912250
-1.751692,1.626541,-0.052896
-1.534876,3.832944,1.301438
-1.585477,3.897095,1.004929
-1.627994,3.890940,0.753757
-1.631660,4.291276,0.745649
-1.781128,0.775762,-0.255395
-1.718184,4.625836,0.246241
-1.683927,2.318877,0.370487
-1.624601,3.445273,0.758730
-1.743453,2.365382,0.020704
-1.591980,3.729501,0.960878
-1.574048,2.762990,1.034066
-1.752058,0.987545,-0.076648
-1.717522,4.311206,0.239515
-1.567334,3.960106,1.114150
-1.701813,3.383833,0.300900
-1.594590,4.596340,0.974769
-1.796844,3.545412,-0.254571
-1.831176,3.486739,-0.459197
-1.718048,2.248069,0.166694
-1.597651,4.141838,0.941342
-1.753085,3.735339,0.010142
-1.831626,4.077007,-0.441910
-1.775271,3.780566,-0.119288
-1.804595,1.067260,-0.384062
-1.744753,3.113960,0.038323
-1.769829,2.456192,-0.131916
-1.740699,4.664331,0.114644
-1.802706,2.082286,-0.338608
-1.732736,4.686334,0.162386
-1.637577,2.102541,0.636763
-1.797274,3.146178,-0.270598
-1.808321,4.026608,-0.306051
-1.619967,4.648330,0.826730
-1.656570,2.643194,0.542924
-1.773001,2.745941,-0.140848
-1.812541,2.414568,-0.385434
-1.761361,3.753113,-0.038108
-1.754398,3.147425,-0.017474
-1.670460,4.216555,0.514104
-1.721513,1.584506,0.123817
-1.690160,1.785930,0.315687
-1.528404,4.337770,1.356694
-1.686111,3.590604,0.400569
-1.762987,3.015878,-0.072619
-1.757586,4.049243,-0.005822
-1.599980,3.327797,0.900087
-1.654576,3.816525,0.594340
-1.731160,1.845321,0.075690
-1.809922,1.014127,-0.417299
-1.611218,2.613041,0.809600
-1.738068,2.794188,0.066979
-1.696794,1.030771,0.251009
-1.818516,1.119604,-0.464462
-1.770137,4.310962,-0.071057
-1.616421,3.229308,0.799712
-1.521418,4.647669,1.408406
-1.625451,3.021190,0.739377
-1.784664,4.694979,-0.143829
-1.676897,2.449121,0.416382
-1.759068,1.536520,-0.099478
-1.526426,4.173958,1.362839
-1.725100,3.860778,0.179564
-1.640977,3.145819,0.651945
-1.818340,2.716861,-0.409451
-1.712723,1.760323,0.181638
-1.621831,3.153926,0.765231
-1.745008,0.938140,-0.036705
-1.702261,4.430864,0.333638
-1.643119,4.686503,0.691363
-1.595270,3.902247,0.947298
-1.679098,1.590479,0.374376
-1.540856,3.574532,1.257409
-1.747939,2.147529,-0.013138
-1.758458,1.795173,-0.087135
-1.816928,4.138502,-0.353076
-1.532978,4.047352,1.319885
-1.840174,4.337113,-0.483573
-1.804044,0.094310,-0.413685
-1.698277,2.757497,0.300604
-1.755468,3.321680,-0.017906
-1.823828,4.486822,-0.382030
-1.699777,1.400222,0.245891
-1.578509,2.619571,1.002888
-1.589962,2.578463,0.933897
-1.806353,0.015781,-0.429970
-1.796917,-0.513391,-0.392153
-1.667601,2.707898,0.479999
-1.712271,2.321041,0.203259
-1.825695,2.135617,-0.472503
-1.652203,2.266632,0.555975
-1.635863,2.414495,0.657421
-1.676290,3.860501,0.467657
-1.451193,4.468980,1.816874
-1.773555,-0.248214,-0.245296
-1.813604,0.662322,-0.450922
-1.652111,2.582629,0.567197
-1.728187,0.547021,0.049362
-1.625239,4.580832,0.793336
-1.809715,0.229414,-0.442593
-1.727533,2.863872,0.131517
-1.659990,3.613776,0.555533
-1.661121,1.482926,0.476852
-1.763981,4.346636,-0.033516
-1.764825,2.511176,-0.100525
-1.818310,1.902216,-0.436798
-1.670395,3.180960,0.479492
-1.761628,4.256158,-0.022688
-1.646301,3.044433,0.617094
-1.808168,2.702665,-0.349887
-1.705330,1.038745,0.200899
-1.495155,4.658620,1.563796
-1.716026,2.118474,0.174247
-1.645128,2.281228,0.598231
-1.737515,3.031561,0.078263
-1.803991,3.642125,-0.293485
-1.794294,3.929996,-0.226519
-1.636187,1.872424,0.637189
-1.689430,2.590095,0.347171
-1.824607,4.225184,-0.395469
-1.348108,-2.424393,-0.660675
-1.317787,-1.838758,-0.637149
-1.243616,-3.642391,-0.753550
-1.299240,-1.897922,-0.645194
-1.352602,-3.097154,-0.695658
-1.309618,-1.201475,-0.605037
-1.265307,-1.757474,-0.646545
-1.505434,-2.047386,-0.599146
-1.358768,-0.904500,-0.576183
-1.238674,-0.815019,-0.602872
-1.725018,-0.772102,-0.473004
-1.247983,-3.397700,-0.739253
-1.351210,-1.463877,-0.608232
-0.716635,-0.261417,1.458140
-0.559822,-0.406741,1.409199
0.077595,-0.872225,1.216993
-0.049349,-0.508627,1.269832
0.069822,-0.704316,1.228057
-0.002649,-0.456628,1.260378
-0.212723,-0.698822,1.302460
-0.065521,-0.788774,1.259016
-0.323503,-0.837806,1.324045
-0.150316,-0.510727,1.296202
0.813247,-0.813907,1.027176
0.180862,-0.745225,1.196734
-1.296012,4.505989,1.866356
-0.799850,2.585378,1.632985
-0.797814,0.320410,1.510706
-1.159535,4.095270,1.808483
-0.970809,2.263566,1.660527
-1.042832,4.242693,1.785798
-0.880697,4.017777,1.731183
-0.870329,1.334870,1.584254
-1.076367,3.932554,1.777923
-0.897568,4.302384,1.750906
-0.882585,2.264117,1.637417
-0.946700,1.255661,1.600027
-1.061452,3.206580,1.734989
-0.969889,2.157588,1.654589
-0.829498,2.857907,1.655410
-1.181780,3.565356,1.785834
-1.027978,3.075310,1.719154
-1.205313,4.198058,1.826015
-1.080077,3.404488,1.750512
-0.886519,0.691368,1.553911
-1.065621,-2.425944,1.033934
-1.160042,-3.202675,1.016949
-1.380606,-4.018373,1.030956
-1.271066,-4.067062,0.999607
-1.149491,-2.967885,1.026802
-1.111096,-3.529934,0.986521
-1.399069,-3.868019,1.043880
-0.924434,-3.593121,0.934166
-1.021597,-4.013597,0.937049
-1.019799,-1.962476,1.046828
-1.188140,-2.808919,1.045484
2.561297,-0.903924,0.036923
0.527682,-0.814060,-0.231346
2.090201,-0.883428,-0.019142
1.027280,-0.834630,-0.193960
0.432223,-0.811878,-0.205421
1.999147,-0.880179,-0.016504
2.897795,-0.913082,-0.026770
2.103844,-0.889040,0.077421
0.656183,-0.818960,-0.229125
1.768468,-0.865584,-0.130204
-0.102637,-0.787783,-0.284675
-1.261236,-0.910257,-1.001467
-1.413107,-3.140592,-1.081517
-1.383468,-3.220749,-1.093599
-1.384520,-1.627149,-1.007666
-1.738740,-3.599606,-1.020780
-1.294104,-1.957437,-1.049134
-1.363865,-3.734376,-1.126349
-1.243367,-3.650334,-1.153437
-1.405902,-2.833856,-1.066919
-1.650350,-3.807823,-1.055156
-1.394790,-3.010962,-1.079353
2.600047,-3.301595,0.304695
2.610606,-2.957947,0.378633
2.554542,-4.195459,0.005891
2.596048,-4.154503,0.252270
2.611924,-3.378439,0.372204
2.622431,-2.293277,0.470894
2.617545,-3.592099,0.398163
2.611567,-2.734736,0.391849
2.582607,-3.768257,0.185982
2.621930,-1.855465,0.482729
2.609480,-1.717128,0.413916
2.602393,-3.120598,0.324658
2.603343,-2.455181,0.352756
2.901004,-1.080290,-1.778156
2.899873,-1.184333,-1.788351
2.903360,-2.646153,-1.817164
2.866894,-1.337048,-1.988167
2.907580,-1.342753,-1.748211
2.881627,-1.541929,-1.908130
2.878194,-0.870093,-1.905695
2.897401,-1.681316,-1.819736
2.903268,-2.358891,-1.807999
2.905598,-1.407919,-1.762113
2.901360,-2.555473,-1.825904
2.876152,-1.202474,-1.928975
2.061458,-0.913643,0.572774
2.430358,-0.908482,0.215352
2.342789,-0.922198,0.536533
1.770408,-0.901700,0.551761
2.444502,-0.913754,0.305152
2.322803,-0.916225,0.437593
1.646763,-0.891063,0.437563
1.454177,-0.894745,0.642848
1.816179,-0.909060,0.658773
0.558961,-0.868792,0.782172
1.109563,-0.885499,0.710564
3.064972,-2.178542,-0.036165
3.015724,-4.122927,-0.127761
2.994323,-3.644324,-0.096422
3.107003,-1.877828,-0.031026
2.748038,-3.429824,-0.020296
3.035822,-2.662591,-0.054538
3.161190,-2.310080,-0.068472
2.845732,-2.942921,-0.019748
2.799079,-3.240379,-0.023500
2.942793,-2.684308,-0.031305
2.833395,-3.046744,-0.022092
3.035643,-2.490407,-0.045235
-1.366140,-4.189950,1.131962
-1.216733,-4.198335,1.185417
-1.629290,0.538088,0.632813
-1.545665,1.384215,1.155007
-1.512469,3.399776,1.419058
-1.787014,-0.589981,-0.336291
-1.554689,1.083285,1.091572
-1.549738,0.136731,1.088812
-1.735387,-0.705459,-0.035460
-1.609275,-0.297108,0.722731
-1.480634,3.704383,1.617259
-1.526919,-0.169103,1.213168
-1.534093,0.003366,1.176653
-1.691333,-0.052784,0.246630
-1.710277,-0.289614,0.126807
-1.660065,1.346279,0.478470
-1.633327,0.111747,0.594577
-1.642081,1.633761,0.594338
-1.523682,2.219552,1.312994
-1.505715,0.218434,1.351419
-1.617541,-0.606018,0.663498
-1.505038,2.352919,1.427545
-1.594656,0.564052,0.838121
-1.585343,-0.234810,0.866094
-1.621387,1.453427,0.710389
-1.682666,0.144920,0.304471
-1.558653,0.819715,1.059266
-1.744513,-0.066198,-0.067721
-1.512704,0.121866,1.306904
-1.497095,1.965546,1.461336
-1.497419,3.496468,1.511162
-1.570450,2.678490,1.052448
-1.677523,0.439377,0.344777
-1.562263,2.019343,1.078497
-1.749027,-0.282085,-0.101660
-1.590647,0.185658,0.848998
-1.618564,1.746738,0.736963
-1.686039,-0.679516,0.256701
-1.505131,0.395264,1.360841
-1.521679,0.306157,1.260158
-1.592003,-0.356162,0.822680
-1.448144,4.081683,1.821785
-1.597969,1.241606,0.841461
-1.494324,3.684160,1.535768
-1.592634,2.345633,0.910254
-1.473224,3.433153,1.651833
-1.486406,3.429597,1.573905
-1.536896,-0.245285,1.151704
-1.567440,1.567099,1.032658
-1.458912,3.449031,1.736847
-1.742469,-0.132768,-0.057906
-1.501079,0.710641,1.395419
-1.478044,2.670298,1.597604
-1.499522,1.054710,1.416234
-1.721909,0.041880,0.069351
-1.676889,-0.609783,0.313066
-1.712740,-0.464485,0.106364
-1.546274,-0.073351,1.102159
-1.522113,0.126559,1.251528
-1.524219,1.390759,1.281815
-1.574112,0.666980,0.962857
-1.496498,0.936721,1.430098
-1.577706,0.111051,0.922858
-1.588920,-0.161403,0.847459
-1.524336,0.937295,1.265801
-1.660480,0.811303,0.457942
-1.522542,0.635855,1.266207
-1.470442,3.868191,1.682957
-1.651529,-0.671005,0.460683
-1.742748,0.159668,-0.049674
-1.588739,1.023971,0.888588
-1.504896,0.538090,1.367056
-1.567726,0.672253,1.000733
-1.547256,0.489389,1.115376
-1.518073,-0.649057,1.249166
-1.521885,-0.311485,1.238072
-1.459062,3.693712,1.744229
-1.776356,-0.366347,-0.265820
-1.588585,2.116545,0.926416
-1.629864,0.602516,0.631597
-1.604482,0.106474,0.764656
-1.691261,0.242898,0.257045
2.901271,-0.496359,-1.756848
3.030552,-0.669985,-0.999622
2.952102,-0.426267,-1.454444
2.922826,-0.621025,-1.633832
3.041643,-0.845994,-0.940106
2.948927,-0.681092,-1.481797
2.888702,-0.335267,-1.825598
3.118425,-0.850805,-0.487054
2.910362,-0.374659,-1.699075
3.063602,-0.747472,-0.807159
-1.461112,-0.905716,1.576707
-1.471101,-2.591602,1.460780
-1.487256,-1.234042,1.411296
-1.525773,-3.991853,1.090755
-1.478414,-1.480341,1.455164
-1.499281,-1.967217,1.315545
-1.457019,0.989687,1.664914
-1.481662,-2.199404,1.411696
-1.480347,-0.780011,1.467417
-1.469264,0.756607,1.584762
-1.474566,-3.311350,1.416002
-1.461091,2.099057,1.678365
-1.485890,-3.235350,1.351732
-1.486999,-3.146719,1.348178
-1.479082,0.035052,1.502426
-1.512828,-3.111090,1.196928
-1.461888,-2.513089,1.517810
-1.471796,0.935392,1.575857
-1.490665,-1.718853,1.374792
-1.468351,-1.240957,1.522648
-1.500989,-1.877616,1.308490
-1.464528,-0.337128,1.575757
-1.504784,-3.607500,1.227631
-1.464764,-1.553347,1.533264
-1.472053,0.666617,1.565258
-1.446165,3.142795,1.801738
-1.474971,-1.749644,1.466384
-1.443997,3.893098,1.839889
-1.492402,-2.588524,1.335151
3.142300,-0.919381,-0.079760
2.133808,-0.873255,-0.242329
-0.916214,-0.747484,-0.474252
2.624745,-0.845368,-1.115677
1.984964,-0.856368,-0.457025
2.299424,-0.863699,-0.539758
2.673066,-0.861149,-0.851108
-0.275621,-0.775904,-0.387615
0.070137,-0.765656,-0.824999
2.480670,-0.877670,-0.403049
0.224959,-0.795652,-0.366472
2.829650,-0.844610,-1.274304
2.563127,-0.841627,-1.143062
2.886093,-0.841239,-1.377821
1.517312,-0.813206,-0.944366
1.684609,-0.802147,-1.271413
1.354287,-0.795794,-1.159024
-0.478648,-0.765573,-0.440132
1.682257,-0.852004,-0.326438
2.068547,-0.868998,-0.276920
2.422650,-0.834128,-1.186028
2.018679,-0.859765,-0.416494
0.806646,-0.787755,-0.925499
0.120651,-0.765766,-0.858483
2.045758,-0.855405,-0.518066
0.952811,-0.792682,-0.935193
0.823305,-0.779488,-1.093634
2.559317,-0.881080,-0.393902
2.810239,-0.873489,-0.714231
2.584753,-0.850398,-0.992346
1.497230,-0.845139,-0.326046
-0.915088,-0.750034,-0.426808
0.998280,-0.786651,-1.081326
3.025598,-0.907979,-0.213307
2.898915,-0.904158,-0.196393
0.926132,-0.808207,-0.622660
1.766618,-0.839944,-0.614039
2.558742,-0.893720,-0.154346
-0.801728,-0.742979,-0.640110
2.139396,-0.824971,-1.159819
2.807765,-0.861601,-0.937418
1.803665,-0.824745,-0.927699
2.742809,-0.888917,-0.374835
2.861228,-0.883010,-0.569997
1.584667,-0.818468,-0.892250
1.787334,-0.806178,-1.267495
1.920572,-0.863885,-0.269471
-0.328491,-0.754292,-0.759311
2.051934,-0.864166,-0.356647
-0.711096,-0.746115,-0.644591
0.827730,-0.810512,-0.509760
-0.134292,-0.777982,-0.447824
1.328273,-0.822269,-0.639788
2.979290,-0.893927,-0.446579
1.184894,-0.806704,-0.833310
0.803737,-0.805984,-0.578539
2.646026,-0.857340,-0.904147
2.850324,-0.876470,-0.686057
0.893584,-0.801827,-0.720453
1.843411,-0.811206,-1.211848
2.760816,-0.902864,-0.123635
2.408649,-0.822879,-1.389008
2.319246,-0.872217,-0.392544
0.013086,-0.784668,-0.425103
2.708905,-0.871690,-0.676916
1.014907,-0.808095,-0.687306
0.392113,-0.787659,-0.635410
-0.473316,-0.750174,-0.735244
2.611171,-0.885903,-0.339166
-1.238849,-2.722551,-0.705358
-1.335290,-1.587031,-0.619027
-1.218825,-1.252876,-0.631613
-1.592674,-1.809124,-0.563457
-1.513273,-1.412118,-0.562943
-1.628998,-1.647825,-0.545260
-1.256062,-1.633494,-0.642305
-1.182546,-3.866799,-0.781630
-1.307146,-2.844178,-0.693982
-1.178972,-0.779607,-0.616628
-1.696388,-1.261404,-0.506814
3.112073,-4.290466,-0.119620
3.107072,-4.299646,0.057587
-1.257909,-2.669747,1.071264
-1.462164,-1.700094,1.176957
-1.360797,-3.200171,1.069739
-1.231938,-0.891352,1.160043
-1.478626,-2.199746,1.154418
-1.488784,-0.947577,1.224388
-1.216314,-1.788544,1.107720
-1.016922,-1.431352,1.074621
-1.433079,-2.374071,1.133102
-1.370570,-2.186846,1.126770
-1.256773,-2.416499,1.084578
-1.122142,-1.609222,1.092659
-1.058539,-0.070170,-0.251076
-0.858674,0.274111,0.940278
-1.000619,1.887869,0.156969
-1.065995,2.564559,-0.206054
-1.156138,0.806196,-0.797551
-0.962482,1.817412,0.379693
-1.167279,0.514481,-0.873165
-0.995811,0.553174,0.140243
-0.900016,1.041428,0.722183
-1.152093,0.105891,-0.797337
-1.005213,2.530984,0.151584
-1.134102,1.398406,-0.647467
-0.949127,0.650359,0.419083
-1.163728,3.683646,-0.745117
-0.907468,-0.004915,0.642837
-1.074437,3.246618,-0.232834
-1.030870,0.907941,-0.054708
-1.120401,3.743530,-0.487350
-0.929231,0.174705,0.520449
-1.063667,1.681082,-0.222165
-1.009887,0.908234,0.069156
-0.990515,0.119993,0.156867
-1.075857,3.046388,-0.247984
-1.029370,2.325313,0.002045
-1.015770,0.472864,0.019719
-1.121206,2.053465,-0.549213
-0.932262,1.798511,0.557429
-0.942136,0.723018,0.462802
-1.139018,0.321837,-0.712864
-1.133395,4.341538,-0.543842
-1.088083,1.311292,-0.378778
-0.972383,1.115774,0.297540
-1.027769,1.722038,-0.008893
-1.132421,3.078385,-0.580775
-1.148806,3.891449,-0.650017
-1.165944,2.785234,-0.788557
-1.159522,3.096199,-0.740139
-1.139406,2.818150,-0.630799
-0.842499,0.128933,1.030845
-1.177538,1.111971,-0.913533
-1.129236,2.501618,-0.581465
-1.009933,1.321871,0.082862
-0.941704,1.484251,0.491077
-1.077423,3.548039,-0.240277
-1.030760,2.996980,0.016534
-1.101239,2.111820,-0.429382
-0.952184,1.648961,0.434784
-1.126694,2.960649,-0.550949
-1.165881,1.437087,-0.833740
-1.111652,0.694512,-0.538740
-1.060438,2.727484,-0.167746
-1.027931,2.703112,0.023304
-1.137800,2.879426,-0.619247
-1.039954,3.155808,-0.032364
-0.946564,1.936406,0.477668
-0.868958,-0.005514,0.870129
-1.155687,4.336811,-0.675580
-0.861437,0.799000,0.941708
-0.994234,1.040470,0.166022
-1.076162,2.306847,-0.274776
-1.044842,2.631412,-0.078937
-1.167964,2.659439,-0.804728
-1.147248,1.286597,-0.728843
-0.924308,1.411134,0.591287
-0.996025,-0.137169,0.115651
-1.172151,2.761858,-0.825983
-0.875064,0.538798,0.852481
-1.151888,0.691800,-0.776326
-1.127615,2.746226,-0.563632
-0.935933,0.489267,0.491518
-1.099970,2.907102,-0.395017
-1.066232,0.289077,-0.284345
-0.949392,0.077729,0.398172
-1.117080,1.269452,-0.551350
-1.147073,1.558117,-0.718635
-1.109286,1.818157,-0.486803
-0.903463,-0.054780,0.664795
-0.946449,1.537091,0.464854
-0.970721,0.563229,0.288682
-1.041432,1.145602,-0.109019
-1.130304,2.112062,-0.600934
-0.854022,0.104802,0.962015
-1.047312,1.612350,-0.127955
-0.966579,0.088937,0.297100
-0.933333,0.615729,0.511143
-0.787837,-0.034442,1.347974
-0.824919,0.098679,1.133591
-1.080799,0.562584,-0.361086
-1.171335,1.390193,-0.867518
-1.171933,2.166347,-0.844820
-0.913490,0.481335,0.623726
-1.117756,3.294428,-0.486915
-1.106589,0.511693,-0.515037
-0.875292,0.250670,0.841393
-1.096362,3.874147,-0.341044
-0.917351,-0.024074,0.583854
-1.101963,1.796803,-0.444304
-1.117992,1.166528,-0.560213
-1.052930,2.479368,-0.131815
-1.076407,0.347940,-0.342418
-0.842316,0.616933,1.048418
-1.043282,0.588413,-0.138763
-0.921608,-0.079971,0.556837
-0.945794,1.304731,0.460872
-1.116250,2.886477,-0.491809
-1.855931,-3.815804,-0.852083
-1.845679,-2.627203,-0.751406
-1.817379,-1.433047,-0.544011
-1.822955,-2.341481,-0.607617
-1.816189,-2.271570,-0.565317
-1.830417,-2.717507,-0.664369
-1.822062,-3.387798,-0.637704
-1.857305,-3.906831,-0.863266
-1.834325,-3.858003,-0.725977
-1.830600,-2.093644,-0.644367
-1.862855,-3.850123,-0.894109
-1.844314,-2.948816,-0.754212
-1.478762,2.178464,1.576745
-1.610954,-0.577450,0.703344
-1.519737,0.818322,1.288928
-1.618005,-0.360031,0.669073
-1.624957,-0.476825,0.624091
-1.503093,1.877218,1.422954
-1.578079,1.276078,0.960029
-1.615296,1.479777,0.747235
-1.717534,-0.262090,0.084902
-1.679184,-0.704944,0.296304
-1.574720,-0.537589,0.918568
-1.652033,-0.402182,0.466796
-1.673985,0.718420,0.375087
-1.578507,-0.785137,0.887847
-1.698336,-0.746521,0.181850
-1.754174,-0.220302,-0.129957
-1.540355,2.400006,1.220674
-1.647478,1.123888,0.545249
-1.530237,-0.275101,1.190002
-1.569899,0.372847,0.977790
-1.572168,-0.752570,0.926362
-1.573743,-0.207990,0.935468
-1.503198,1.294100,1.402628
-1.663494,-0.344175,0.401104
-1.581080,2.333998,0.978063
-1.514161,2.024855,1.362607
-1.513886,0.598388,1.316029
-1.518427,2.257387,1.345287
-1.504817,2.635073,1.438384
-1.520466,3.265414,1.367317
-1.499286,0.794458,1.408833
-1.506817,1.158321,1.376680
-1.634820,1.635469,0.637253
-1.482863,2.851076,1.575267
-1.558195,0.256614,1.042947
-1.539191,0.083716,1.149272
-1.690377,-0.311657,0.243524
-1.588392,0.317565,0.866766
-1.535533,1.571518,1.221144
-1.678346,0.858393,0.354077
-1.542479,0.727137,1.151611
-1.587343,1.339405,0.907487
-1.671024,0.339086,0.379749
-1.513952,0.441157,1.310325
-1.524480,1.450296,1.282284
-1.547655,0.432908,1.111115
-1.695637,0.764220,0.248837
-1.564178,2.739445,1.091527
-1.605947,-0.475844,0.736330
-1.548786,1.233809,1.131502
-1.604903,0.572515,0.777918
-1.574545,2.290206,1.015153
-1.690130,-0.522900,0.237844
-1.719334,-0.554887,0.064386
-1.727551,-0.055809,0.032752
-1.666815,0.548559,0.411673
-1.623045,1.053535,0.687089
-1.486243,3.532565,1.578347
-1.502698,3.541996,1.481536
-1.653132,1.492205,0.524322
-1.495102,2.346196,1.485964
-1.655579,1.195938,0.499870
-1.632126,1.068219,0.633984
-1.528204,1.264671,1.254035
-1.633632,0.792382,0.615773
-1.639448,1.689464,0.611761
-1.598875,0.656485,0.816338
-1.551468,0.661370,1.096327
-1.714772,0.317494,0.120791
-1.613622,0.338096,0.718537
-1.593356,0.947769,0.858755
-1.674545,1.022364,0.382052
-1.498365,2.453727,1.470341
-1.175537,2.440130,-0.843858
-1.557072,-4.080220,-0.809731
-1.352665,-4.090587,-0.757509
-1.767643,-4.071778,-0.821173
-1.168558,2.511567,1.725724
-0.860095,-0.219102,1.498042
-0.827057,-0.550333,1.471573
0.171785,-0.868850,1.055908
-0.087672,-0.865043,1.166582
0.612941,-0.875383,0.868873
-0.148156,-0.861218,1.136805
-0.356491,-0.857185,1.207204
0.466789,-0.872994,0.926583
-0.445781,-0.850236,1.138603
-0.445671,-0.844967,1.038834
-0.833611,-0.832672,1.079370
0.088563,-0.860249,0.951787
0.647280,-0.878997,0.913078
0.481502,-0.882574,1.097478
0.033116,-0.866912,1.116882
-1.165355,4.710505,0.498187
-1.154116,4.649884,1.637246
-1.319483,4.677632,1.228681
-1.083378,4.717165,0.314444
-1.230651,4.688889,0.953163
-1.092434,4.642080,1.741460
-1.170619,4.675530,1.163624
-1.285979,4.673145,1.289997
-0.886443,4.673860,0.995135
-0.985214,4.696988,0.627090
-1.077622,4.684513,0.928189
-0.996219,4.712192,0.347173
-0.980039,4.640226,1.697392
-1.096116,4.644014,1.707462
-1.053582,-4.198158,1.067179
-1.273384,-4.189409,1.056425
-1.204097,-4.196885,1.149073
-1.278984,-2.102987,1.506650
-1.421661,-2.014009,1.548855
-1.386271,1.112935,1.707649
-1.151222,-3.807448,1.381523
-1.307756,2.537172,1.763610
-1.409033,-0.162134,1.645083
-1.397778,3.541834,1.841223
-1.310933,-2.476346,1.494961
-1.255835,-1.879238,1.512605
-1.366210,1.033435,1.698114
-1.423179,3.825446,1.863130
-1.152542,-4.150255,1.363443
-0.881916,-4.162420,1.291807
-1.328336,-3.201675,1.460538
-1.398616,-3.707890,1.451762
-1.323407,-0.216020,1.619728
-1.050300,-4.079357,1.340437
-1.332806,-0.452683,1.609472
-1.131208,-3.056017,1.416664
-1.387122,-2.206424,1.529453
-1.214949,-0.273804,1.588175
-1.428000,-1.533259,1.576358
-1.443761,-1.848698,1.563537
-1.009035,-1.576779,1.464130
-1.394116,-0.041869,1.647635
-1.407733,-2.784578,1.503783
-1.301382,2.457231,1.757641
-1.386717,1.983392,1.754554
-1.337886,-0.005616,1.634835
-1.345401,-0.083171,1.632638
-1.170368,-3.185270,1.419987
-1.405693,2.885656,1.808029
-1.400205,1.459028,1.729907
2.934639,-3.166662,0.344301
2.645994,-1.500902,0.509545
2.653013,-3.430096,0.404008
2.792104,-2.805850,0.401080
2.869757,-3.111305,0.364294
2.768962,-4.295862,0.327060
2.677932,-2.854649,0.428403
3.038721,-3.242908,0.312903
2.882148,-3.056010,0.364016
3.022176,-4.223595,0.264530
2.809904,-2.543219,0.410528
2.708824,-3.002904,0.412331
2.622649,-2.152292,0.476945
2.590135,-3.925961,0.225088
2.606512,-3.275702,0.343728
2.566571,-4.084891,0.080634
2.568504,-3.831698,0.100597
2.594813,-4.034312,0.249044
2.572933,-4.083740,0.118225
2.575182,-3.652102,0.146086
2.621987,-1.266353,0.502971
2.617194,-3.223674,0.408539
2.613867,-1.894712,0.433808
2.606135,-2.802939,0.357480
-1.529264,-0.758831,0.172121
-1.254314,-0.798376,0.726718
-1.330754,-0.811931,1.037010
-1.540912,-0.774562,0.477970
-1.222399,-0.807788,0.882331
-1.300777,-0.810327,0.985556
-1.469774,-0.778163,0.496006
-1.175848,-0.816173,1.008192
-1.491435,-0.767942,0.317869
-1.208076,-0.810726,0.927833
3.190846,-0.870179,-0.060240
3.177777,-0.824762,-0.135846
3.187056,-0.722146,-0.077607
2.899668,-0.265625,-1.758515
3.138659,-0.531286,-0.356825
3.172287,-0.588325,-0.160264
3.202843,-0.892618,0.009812
3.166828,-0.324514,-0.183570
3.087304,-0.640428,-0.663641
2.989635,-0.339693,-1.229979
3.099026,-0.589958,-0.592747
3.097929,-0.504483,-0.596335
3.148941,-0.368161,-0.290627
2.714382,-1.002831,-1.649799
2.606101,-1.638326,-1.655557
2.847377,-3.497200,-1.818757
2.722118,-3.198453,-1.769845
2.680184,-2.200881,-1.705226
2.826847,-0.993726,-1.678808
2.808232,-1.313223,-1.691098
2.907053,-2.786752,-1.796222
2.389585,-1.138786,-1.571917
2.819122,-2.274355,-1.745617
2.527886,-1.474096,-1.626215
2.646404,-2.489302,-1.711869
2.848812,-2.013522,-1.739384
2.371711,-4.172656,-1.827317
2.447853,-4.170570,-1.920391
-1.825679,-1.485470,-0.594769
-1.827392,-0.461254,-0.570275
-1.853664,2.281429,-0.632668
-1.838760,2.266236,-0.545209
-1.852713,-2.478039,-0.787881
-1.866421,-1.785016,-0.845378
-1.866817,-2.036897,-0.856223
-1.869408,-1.346880,-0.848202
-1.877001,-3.555245,-0.967643
-1.848081,0.204533,-0.669892
-1.822085,-1.357398,-0.569229
-1.875463,-2.754079,-0.931492
-1.869044,-3.198410,-0.908622
-1.848674,3.949169,-0.546854
-1.852913,1.664974,-0.649061
-1.838099,0.169973,-0.612142
-1.856832,-1.320182,-0.773071
-1.841307,-0.235248,-0.644771
-1.842730,2.453564,-0.562307
-1.872977,-2.957843,-0.923708
-1.848466,-1.457422,-0.728326
-1.849693,-0.198636,-0.693030
-1.861823,-3.205491,-0.866240
-1.853490,0.971063,-0.675919
-1.863321,-3.071841,-0.870562
-1.862428,-2.269907,-0.838191
-1.833740,-0.696390,-0.615687
-1.858614,0.444032,-0.723972
-1.842126,0.325479,-0.630656
-1.830906,-0.568053,-0.594623
-1.843572,-0.152843,-0.655357
3.085113,-4.294697,-0.020592
2.610264,-4.281624,0.066439
2.811634,-4.296857,0.212851
2.667429,-4.298331,0.342289
-1.492737,-0.765639,0.275217
-1.404861,-0.772301,0.339374
-1.357815,-0.815133,1.116661
-1.107635,-0.807454,0.795202
-1.235995,-0.812739,0.985584
-1.417876,-0.817243,1.198866
-1.321818,-0.790529,0.625783
-1.008020,-0.816496,0.896120
-1.520780,-0.798803,0.922438
-1.594129,-0.787994,0.769578
2.823960,-0.640679,0.509105
1.858853,-0.749237,0.756404
2.572365,-0.472737,0.584122
2.575035,-0.623809,0.575301
0.479121,-0.286767,1.143147
2.350907,-0.816931,0.623706
0.140575,-0.409374,1.225353
-0.300212,-0.277520,1.348052
-0.228082,-0.305254,1.327643
0.715917,-0.537848,1.067543
1.482924,-0.614768,0.862233
0.244067,-0.310279,1.203535
-0.610110,-0.266177,1.429944
0.518246,-0.688488,1.111292
1.001417,-0.638728,0.987238
-0.545371,-0.495773,1.400623
-0.379556,-0.526883,1.355460
-0.134300,-0.798896,1.276511
0.695001,-0.820164,1.057854
0.281508,-0.582121,1.179103
-0.609324,-0.706413,1.406075
1.096000,-0.885086,0.949188
-0.183173,-0.839012,1.287174
-0.933034,-4.210524,1.216255
1.608145,-0.860139,-0.120339
1.739858,-0.873418,0.038148
1.421143,-0.858680,-0.016266
0.602066,-0.822045,-0.132642
2.617661,-0.905731,0.031421
0.130852,-0.797433,-0.266500
-0.238522,-0.785172,-0.238394
0.395178,-0.813347,-0.151546
2.718253,-0.575417,-2.027234
2.397590,-2.133299,-2.026867
2.465793,-2.300878,-2.053763
2.285687,-3.497050,-2.070819
2.519348,-0.976914,-1.996645
2.560693,-1.506246,-2.035942
2.737033,-0.692667,-2.038462
2.234207,-2.553970,-2.006625
2.233462,-1.190636,-1.933149
2.312628,-1.646484,-1.978415
2.600842,-1.299286,-2.035348
-0.809145,4.039234,1.713569
-0.914954,4.232440,1.751706
-1.312343,4.241804,1.856439
-0.861928,3.084253,1.676082
-1.094599,2.203266,1.689754
-0.988842,3.847357,1.750387
-1.121607,3.778907,1.781530
-0.821676,3.290343,1.676602
-0.923570,1.896613,1.628413
-0.779767,2.285172,1.611581
-0.784823,3.519852,1.679272
-1.123321,2.696588,1.723804
-1.241431,4.260888,1.838866
-1.010277,1.551453,1.632602
-0.853206,1.551052,1.591383
-0.819097,3.924500,1.710012
-0.902691,4.475876,1.761575
-0.989451,2.944030,1.701992
-1.445618,-3.524794,-1.093641
-1.302455,-1.740553,-1.035286
-1.483140,-3.830933,-1.100255
-1.418669,-3.655370,-1.107728
-1.230592,-1.265533,-1.028601
-1.555800,-3.804380,-1.079770
-1.244623,-1.729633,-1.049867
-1.275821,-1.513303,-1.030056
-1.266377,-2.075437,-1.062749
-1.344533,-3.258784,-1.105856
-1.318301,-2.602706,-1.077471
2.612300,-3.332791,-1.748262
2.510084,-2.257605,-1.663660
2.418819,-3.555070,-1.709463
2.467167,-2.669248,-1.674530
2.521267,-3.973464,-1.758823
2.416781,-1.940929,-1.622166
2.293445,-3.551934,-1.676410
2.653068,-3.649981,-1.776005
2.825514,-3.779277,-1.828184
2.662668,-3.383685,-1.764209
2.384312,-2.474839,-1.642348
2.553734,-2.822707,-1.705484
2.426690,-4.172062,-1.877262
2.239229,-4.161267,-1.949516
2.634612,-4.290008,0.207923
3.056669,-4.302143,0.140318
2.635483,-4.284867,0.110047
0.505256,-0.165947,-0.763679
-0.211954,-0.148657,-0.585765
0.185700,-0.161976,-0.613785
-0.932708,-0.167113,0.270953
0.994491,-0.151676,-1.378190
0.919983,-0.192681,-0.549885
0.330856,-0.183296,-0.312616
-0.601837,-0.146778,-0.346772
-0.873315,-0.145322,-0.183165
0.380186,-0.218741,0.323288
-0.376474,-0.142605,-0.584426
1.197265,-0.171541,-1.145111
-0.603773,-0.108302,-1.073409
1.458966,-0.165584,-1.442107
2.245099,-0.190222,-1.529511
1.349861,-0.170322,-1.275644
0.433639,-0.179197,-0.462546
0.290230,-0.138934,-1.123352
-0.220826,-0.159569,-0.373058
0.538479,-0.132431,-1.421199
0.088270,-0.221597,0.582878
1.944130,-0.191772,-1.288265
1.125678,-0.157409,-1.362090
1.742459,-0.183556,-1.301703
0.759496,-0.193068,-0.429557
-0.489726,-0.212154,0.811211
0.495444,-0.159513,-0.878492
1.708554,-0.200090,-0.965001
-0.231640,-0.128784,-0.947919
-0.522765,-0.149310,-0.354558
0.251561,-0.164011,-0.621650
-0.771571,-0.135964,-0.431863
0.395023,-0.156389,-0.866894
1.430514,-0.177855,-1.189900
1.835575,-0.189852,-1.248140
-0.080380,-0.169694,-0.280388
1.528158,-0.192613,-0.979439
-0.960196,-0.121202,-0.578353
1.456088,-0.199884,-0.791118
0.082463,-0.213992,0.443069
-0.788536,-0.117039,-0.777984
0.934575,-0.211772,-0.198951
-0.928928,-0.142407,-0.199150
0.352828,-0.219683,0.360371
-0.473501,-0.178877,0.170176
-0.742680,-0.149253,-0.200771
-0.840760,-0.209298,1.004369
0.302439,-0.186950,-0.223464
-0.027376,-0.173651,-0.242846
2.043092,-0.195552,-1.286426
-0.879919,-0.168187,0.254110
-0.158167,-0.141348,-0.761939
-0.771004,-0.121472,-0.706455
0.563098,-0.163988,-0.841461
-0.440264,-0.194639,0.445003
1.284553,-0.162555,-1.376599
0.316964,-0.151985,-0.895250
0.158382,-0.186661,-0.127498
1.366287,-0.166905,-1.351864
1.741585,-0.160789,-1.731842
2.411334,-0.187251,-1.702794
0.243996,-0.126175,-1.332215
1.292368,-0.151549,-1.590354
1.550949,-0.179122,-1.250744
1.199847,-0.156451,-1.432449
-0.774355,-0.199881,0.779432
0.331605,-0.198246,-0.030274
-0.162590,-0.221266,0.753266
-0.012116,-0.125485,-1.164910
0.163611,-0.190778,-0.053286
-0.002493,-0.130107,-1.084248
0.303389,-0.211593,0.242112
0.263509,-0.193857,-0.065374
1.932094,-0.175592,-1.585919
-0.904251,-0.112659,-0.779386
2.047085,-0.187595,-1.439776
2.226780,-0.172948,-1.843447
-0.556118,-0.204078,0.705167
-0.337040,-0.227367,0.991532
-0.501234,-0.130894,-0.718152
1.585198,-0.175171,-1.349599
-0.248190,-0.153044,-0.477243
-0.209835,-0.166174,-0.255834
1.390159,-0.189675,-0.937837
-0.863488,-0.202232,0.886679
2.384181,-0.176724,-1.882834
2.308102,-0.185201,-1.668888
0.913763,-0.167263,-1.026426
1.993417,-0.169266,-1.748793
-1.050330,-0.122382,-0.492550
-0.190121,-0.177257,-0.060014
0.906136,-0.202784,-0.348989
0.102470,-0.141560,-0.941465
-1.179265,-4.092202,-0.849063
-1.196416,-4.086258,-0.949448
-1.571641,-4.066718,-1.054928
-1.151347,4.747396,-0.209688
-1.224935,4.739593,-0.010218
-0.944454,4.642958,1.620660
-1.158501,4.739480,-0.054877
-0.900236,4.655212,1.357667
-1.009180,4.680551,0.954962
-1.161954,4.749724,-0.246258
-0.871478,4.658268,1.279593
-1.295179,4.663340,1.481991
-1.010728,4.645582,1.617675
-1.028970,4.709671,0.417923
-1.221067,4.659216,1.507827
-0.956366,4.688713,0.763340
2.890801,-0.822976,-1.829684
2.858130,-0.274294,-2.003989
2.892376,-3.113870,-1.897799
2.887465,-2.533893,-1.907194
2.882737,-1.921595,-1.914410
2.873090,-1.033176,-1.941331
2.885974,-1.987929,-1.897545
2.903696,-3.155961,-1.832406
2.860050,-0.596644,-2.003551
2.876184,-0.501960,-1.905119
-1.448013,-4.201371,1.405715
-1.477756,-4.191072,1.231802
-1.813127,-2.104516,-0.541601
-1.823757,-1.575688,-0.586474
-1.813022,-2.026523,-0.538347
-1.847379,-3.443310,-0.789017
-1.841107,-2.480997,-0.719478
-1.813496,-1.310184,-0.516937
-1.825820,-2.388409,-0.626117
-1.866865,-3.573776,-0.908442
-1.838480,-2.574287,-0.707123
-1.813146,-1.706973,-0.528278
3.015043,-0.431578,-1.083113
3.086914,-0.522487,-0.661959
3.066262,-0.308370,-0.776625
3.113330,-0.720356,-0.512724
3.177745,-0.438299,-0.122974
3.199853,-0.599021,0.002089
3.137044,-0.384880,-0.361411
3.074331,-0.568962,-0.737802
3.114726,-0.327762,-0.491218
3.120377,-0.423302,-0.461088
3.185966,-0.820335,-0.087359
3.031117,-0.541184,-0.991937
3.163321,-0.786794,-0.219887
3.124196,-0.348343,-0.436012
-1.425069,4.767372,-0.394894
-1.491444,4.780476,-0.596076
-1.566891,4.764828,-0.246890
-1.422744,4.688013,1.104992
-1.433213,4.714843,0.604723
-1.459483,4.705373,0.802402
-1.448900,4.697951,0.935368
-1.609136,4.770582,-0.326005
-1.684021,4.752856,0.062120
-1.340096,4.721661,0.410158
-1.337161,4.703380,0.753972
-1.435874,4.708409,0.728337
-1.596769,4.736584,0.308542
-1.676854,4.739058,0.318131
-1.287606,4.736065,0.100664
-0.857237,-0.085021,0.936626
-0.999233,0.650002,0.123316
-1.154251,2.956561,-0.713749
-1.049916,2.663392,-0.107805
-0.926860,0.335371,0.539873
-1.112950,0.202445,-0.563029
-0.988206,1.075210,0.202775
-0.988080,-0.102880,0.163707
-1.059461,0.868894,-0.224787
-1.161232,2.995618,-0.753636
-1.110614,1.088752,-0.519291
-0.911016,0.866707,0.651351
-0.900423,1.098081,0.721695
-0.992253,2.223696,0.217693
-0.863454,0.193401,0.909335
-0.981075,2.053742,0.277931
-1.098647,1.723595,-0.427201
-0.940031,1.250666,0.493062
-1.090445,3.608111,-0.315108
-1.110901,3.532104,-0.438420
-1.165005,3.180595,-0.769652
-0.895685,0.397535,0.725985
-1.069984,3.394495,-0.201555
-0.944603,1.072727,0.460058
-1.116003,0.535840,-0.569786
-1.116990,2.692858,-0.502722
-0.902517,0.749201,0.697542
-1.145254,4.497818,-0.608557
-1.033116,0.358280,-0.086534
-1.127740,0.326492,-0.646136
-1.082241,2.764969,-0.295174
-1.034447,2.601598,-0.018590
-1.080685,0.958885,-0.347024
-1.046452,-0.120788,-0.181442
-1.008920,2.339811,0.123242
-1.092036,1.012615,-0.412204
-1.039447,2.078001,-0.065792
-1.067164,1.873788,-0.236298
-1.011644,-0.132160,0.023633
-0.955530,0.089650,0.362346
-1.064554,1.515769,-0.232988
-1.096366,0.748195,-0.446700
-1.032314,2.909820,0.004417
-1.142814,0.857194,-0.717180
-1.012164,1.186912,0.065133
-1.089839,-0.041329,-0.434853
-1.160111,2.756466,-0.755096
-1.168828,2.104841,-0.828572
-0.906659,1.483011,0.697894
-0.884127,-0.051304,0.779042
-0.979854,1.501461,0.266474
-1.149407,2.839567,-0.689110
-1.138398,3.010263,-0.618357
-1.134260,0.392231,-0.682400
-1.104211,0.604651,-0.497855
-0.978483,2.265192,0.300376
-1.069064,0.887130,-0.280854
-0.837008,-0.086420,1.055977
-1.137511,1.572933,-0.661690
-1.139882,3.621539,-0.606460
-1.028069,2.828898,0.026742
-1.172735,1.820385,-0.861246
-0.954726,1.063758,0.400005
-0.907591,0.328981,0.653397
-1.165955,1.368755,-0.836483
-1.074421,0.975503,-0.309486
-0.952748,1.828908,0.437534
-1.136154,2.419806,-0.625065
-0.947207,1.604626,0.462663
-1.124601,4.059393,-0.501468
-0.952414,1.753262,0.436950
-1.120977,3.155142,-0.510636
-1.131769,-0.037690,-0.682223
-1.071558,0.450143,-0.310338
-1.030231,1.168649,-0.042123
-1.087821,0.648712,-0.399622
-0.827787,0.268344,1.122394
-0.954832,0.915344,0.394365
-0.906792,0.480957,0.663247
-1.118606,2.768842,-0.509693
-1.058174,2.272755,-0.169754
-0.900523,0.653414,0.706080
-0.783888,-0.101785,1.369007
-1.110772,1.530792,-0.505289
-1.088415,1.808165,-0.363952
-1.169550,1.689081,-0.846880
-0.970862,0.340602,0.280323
-1.162525,3.809725,-0.733756
-0.953987,0.569568,0.387667
-0.875304,0.874691,0.862409
-1.098933,1.193248,-0.446813
-1.053528,0.979631,-0.186023
-1.023904,1.256971,-0.001797
-0.917886,1.181872,0.621447
-0.899283,0.843491,0.719821
-0.821020,-3.107751,1.332525
-1.197497,1.994836,1.705540
-1.239906,2.813292,1.760656
-0.818827,-3.666134,1.301936
-0.819321,-4.078874,1.279880
-1.043788,-0.182039,1.548214
-0.985789,-0.379886,1.522367
-1.089758,0.771877,1.611546
-0.931903,0.135721,1.535948
-0.971856,-1.083798,1.480877
-1.116549,0.171070,1.586278
-1.104977,0.981213,1.626789
-0.494902,-0.726179,-1.174023
0.358841,-0.752846,-1.270660
1.452895,-0.779453,-1.537626
1.984669,-0.793741,-1.641754
1.401144,-0.781583,-1.460892
1.852973,-0.797041,-1.486577
1.243552,-0.779418,-1.390883
0.683245,-0.756383,-1.432162
1.500339,-0.771782,-1.716177
1.377228,-0.769823,-1.666563
1.863572,-0.792895,-1.572499
2.134595,-0.803917,-1.554793
1.467999,-0.782801,-1.484932
-0.411144,-0.730447,-1.152264
2.083676,-0.787710,-1.825588
0.599297,-0.759789,-1.308623
-0.118239,-0.736291,-1.247952
2.049816,-0.797959,-1.607831
1.555004,-0.776626,-1.663020
0.080266,-0.740150,-1.314713
1.904057,-0.790160,-1.652756
0.874480,-0.760140,-1.495751
2.219013,-3.865041,-2.073112
2.536546,-0.672582,-1.984798
2.444004,-1.974686,-2.030515
2.393988,-2.530225,-2.047257
2.266078,-1.847108,-1.976990
2.387682,-1.291608,-1.979026
2.514985,-1.641752,-2.031237
2.255648,-3.442938,-2.060032
2.573691,-0.873418,-2.005335
-0.853830,-0.495103,1.481563
-1.034853,0.626754,1.589344
-0.840476,-1.150583,1.442828
-0.922520,-1.453622,1.448058
-1.080755,-0.316771,1.550668
-1.122962,1.767075,1.673747
-1.362609,3.674112,1.839109
-0.914917,-0.763456,1.483161
-1.023977,0.994308,1.606248
-1.222085,1.619134,1.691794
-1.677652,4.472806,-0.602902
-1.332914,0.622674,-0.900271
-1.174913,4.616232,-0.727054
-1.416292,1.988583,-0.804982
-1.525727,4.606381,-0.635570
-1.265539,0.101638,-0.945948
-1.241766,2.469355,-0.824916
-1.446934,2.506810,-0.769090
-1.184421,4.280781,-0.742591
-1.317001,2.383715,-0.809786
-1.565470,3.549265,-0.681967
-1.251987,2.856941,-0.801402
-1.243140,3.313237,-0.779196
-1.466295,4.330879,-0.665966
-1.626254,3.471865,-0.670184
-1.359983,1.464114,-0.847942
-1.312200,2.956048,-0.780282
-1.568307,4.493926,-0.630446
-1.240177,3.773143,-0.755253
-1.457876,1.631190,-0.813286
-1.238301,-0.232390,-0.971047
-1.538635,3.643523,-0.683939
2.884372,-2.840260,-1.935800
2.854837,-0.677529,-2.037049
2.857448,-1.628158,-2.053764
2.857061,-3.865987,-2.131670
2.888908,-3.395979,-1.927803
2.849945,-2.016885,-2.111187
2.853355,-3.390325,-2.137469
2.888346,-3.183865,-1.923953
2.870362,-2.485983,-2.006526
2.870402,-1.849373,-1.984777
2.884837,-3.345547,-1.950132
2.858717,-2.151441,-2.063955
2.866033,-1.417168,-1.995958
2.852277,-0.767055,-2.055189
2.867503,-1.643617,-1.994936
3.260271,-1.755200,0.319641
3.255198,-0.902499,0.318508
3.264536,-0.427254,0.389691
3.241481,-1.390346,0.221059
3.233837,-1.443759,0.174135
3.225526,-2.320593,0.095447
3.253795,-1.521572,0.289310
3.250907,-1.943749,0.257996
3.241771,-2.433410,0.187525
3.257780,-0.476521,0.348147
3.243973,-3.019181,0.180730
3.252450,-2.638400,0.243631
3.224676,-1.951669,0.102901
3.252685,-1.773205,0.274256
2.648569,-3.011328,-2.139890
2.456384,-3.223433,-2.100883
2.667918,-3.928364,-2.194257
2.794031,-2.988118,-2.176795
2.628079,-2.608956,-2.112888
2.801246,-1.247284,-2.085116
2.647851,-2.290028,-2.100931
2.614176,-2.448504,-2.100617
2.333164,-3.920460,-2.106031
2.443570,-2.953902,-2.083035
2.673802,-1.883527,-2.085888
2.543886,-3.283226,-2.127048
2.595983,-2.149753,-2.079787
2.737547,-3.623191,-2.196116
2.678416,-2.474318,-2.118854
-1.177510,3.424069,-0.790453
2.239506,-3.770707,-1.839281
2.267243,-2.006893,-1.615958
2.266433,-2.968828,-1.653242
2.219350,-3.701519,-1.955917
2.246722,-2.201334,-1.743659
2.236233,-4.052124,-1.868108
2.227738,-3.106073,-1.886284
2.253069,-3.204017,-1.740073
2.254253,-2.368603,-1.704858
2.237049,-3.435564,-1.842461
2.261894,-3.802854,-1.708220
2.262753,-3.400618,-1.689555
-1.262157,0.070350,1.619056
-1.313241,2.696559,1.773616
-1.253689,-2.842229,1.460280
-1.433998,0.126028,1.667120
-1.287958,2.376474,1.749780
-1.324178,-2.827669,1.479551
-1.319081,1.412955,1.706152
-1.200944,1.157906,1.661458
-0.893984,-3.565376,1.327065
-1.084209,-2.684311,1.424316
-1.361467,-2.736803,1.494216
-0.908997,-3.227291,1.349175
-1.354292,2.633573,1.780997
-1.179344,-3.876490,1.385188
-1.430151,0.631618,1.693287
-1.412501,-4.094806,1.434607
-1.094888,-0.845028,1.525981
-1.342752,2.361032,1.763321
-1.305451,-3.839465,1.420254
-1.001830,-2.830724,1.394839
-1.073660,-3.913365,1.355486
-1.436156,-3.759559,1.458831
-1.371207,-3.143791,1.474894
-1.445563,0.716329,1.701882
-1.342744,-2.904315,1.480301
-1.178082,-0.462582,1.568358
-1.415074,0.280830,1.670477
-1.236505,0.384473,1.629212
0.649499,-0.770302,-1.145057
0.495600,-0.766308,-1.112246
-0.019856,-0.752024,-1.019539
0.688231,-0.768120,-1.213615
-0.598000,-0.733182,-0.968940
1.069183,-0.777877,-1.297259
-1.123375,-0.722186,-0.807032
-0.312926,-0.745096,-0.944258
-0.492874,-0.736508,-0.980033
0.307150,-0.760544,-1.088617
0.468927,-0.760641,-1.200699
-0.834279,-0.728140,-0.897947
-0.210797,-0.749227,-0.938019
2.218364,-0.238977,-0.588230
2.581352,-0.209087,-1.409363
2.344326,-0.274664,-0.001697
3.051514,-0.273121,-0.528888
1.981172,-0.272412,0.211407
2.135835,-0.229145,-0.716126
2.201352,-0.217878,-0.975449
1.813721,-0.236370,-0.352606
2.268352,-0.215037,-1.076374
2.081135,-0.279178,0.269028
2.218602,-0.222555,-0.899100
0.429058,-0.233687,0.571659
2.762590,-0.292702,0.045048
2.273403,-0.251963,-0.381269
3.015108,-0.260568,-0.740759
2.565174,-0.273437,-0.180439
1.515849,-0.256359,0.235344
1.948280,-0.237663,-0.422897
1.356053,-0.275683,0.713479
2.596163,-0.278725,-0.102196
2.896536,-0.317579,0.421412
1.659927,-0.223168,-0.494107
2.853451,-0.220861,-1.378190
0.384674,-0.258587,1.074030
1.024605,-0.214459,-0.211510
0.061887,-0.247772,1.096698
1.416829,-0.210922,-0.554629
2.683926,-0.216625,-1.338958
1.129368,-0.256386,0.507990
1.883215,-0.289048,0.595141
1.989225,-0.264399,0.054125
0.974755,-0.223244,-0.010200
2.738154,-0.271275,-0.343145
1.153291,-0.276332,0.868539
1.594133,-0.210473,-0.687974
2.144127,-0.280829,0.255918
2.818419,-0.231832,-1.145956
2.463160,-0.244932,-0.647927
1.342501,-0.256989,0.369321
2.717730,-0.220806,-1.283653
2.798965,-0.264428,-0.515517
2.436700,-0.240811,-0.707262
2.966949,-0.235084,-1.189008
1.860439,-0.223721,-0.624843
1.913601,-0.200545,-1.100771
1.548927,-0.226286,-0.356948
0.012558,-0.238659,0.959006
2.298363,-0.240530,-0.615176
-0.365054,-0.237770,1.208096
0.980857,-0.215783,-0.155659
1.466956,-0.229490,-0.238606
0.783579,-0.233444,0.317417
3.071910,-0.307623,0.109546
1.468043,-0.282943,0.771979
1.869622,-0.286809,0.562360
3.020127,-0.250230,-0.939887
1.641005,-0.208971,-0.749394
0.221816,-0.241027,0.856466
1.849174,-0.273005,0.315571
2.777954,-0.317883,0.510664
1.922021,-0.258300,-0.013945
2.821327,-0.215793,-1.451457
2.190857,-0.256268,-0.241697
1.508493,-0.208460,-0.665753
0.459512,-0.253616,0.927277
1.343170,-0.248354,0.205470
1.002599,-0.244831,0.378631
2.193009,-0.303792,0.655955
2.493401,-0.307246,0.509785
2.906816,-0.237339,-1.103992
2.586529,-0.214350,-1.313430
2.602144,-0.230749,-1.014137
2.345285,-0.230862,-0.831140
1.383411,-0.286520,0.899258
0.405255,-0.247579,0.851258
2.170403,-0.252118,-0.305825
2.457622,-0.259917,-0.360509
1.253029,-0.239909,0.109175
2.963373,-0.258765,-0.738433
2.405476,-0.306320,0.554175
2.682386,-0.223827,-1.201610
2.676865,-0.221766,-1.236729
2.361618,-0.282917,0.142274
2.549136,-0.201453,-1.531114
2.810834,-0.299211,0.134238
-0.242518,-0.236584,1.099376
0.138334,-0.230624,0.718422
2.928856,-0.275085,-0.405338
2.772214,-0.257740,-0.623213
2.027707,-0.250111,-0.243302
1.579703,-0.279301,0.624456
0.971381,-0.270450,0.885349
-0.232460,-0.243138,1.216287
1.940177,-0.298151,0.727262
1.706881,-0.265250,0.269035
2.810547,-4.176017,-2.072719
2.714684,-4.178145,-1.964955
-0.825655,-3.897346,1.238243
-0.874863,-1.989668,1.012251
-0.882087,-3.982223,0.902284
-0.851357,-3.201773,1.110043
-0.870971,-2.407471,1.021111
-0.852627,-4.008032,1.075298
-0.873034,-2.132997,1.018206
-0.877114,-2.737551,0.973692
-0.848704,-3.006646,1.132294
-0.855939,-4.196299,1.049388
-0.860999,-3.041267,1.058553
-0.838135,-3.796274,1.167994
-1.003935,-0.486128,-1.046157
-0.722402,-0.251460,-1.107385
-0.069526,-0.331802,-1.282944
0.698839,-0.607095,-1.499273
-0.015581,-0.610867,-1.312093
0.663442,-0.711902,-1.495622
0.597225,-0.743905,-1.479974
0.402016,-0.524298,-1.416970
-0.422943,-0.462856,-1.197292
-0.429209,-0.252100,-1.184320
-0.716557,-0.559477,-1.125474
2.667640,-2.476626,0.052027
2.753293,-0.993824,0.109264
2.631059,-2.817309,0.043310
2.769372,-2.433291,0.027674
2.653314,-3.487327,0.001459
3.057275,-1.401604,0.007615
2.733567,-1.396128,0.092813
2.640087,-1.361926,0.119170
2.905957,-2.420622,-0.007470
2.976207,-1.500787,0.023547
3.012192,-1.279183,0.026020
-1.489436,-3.782757,1.072165
-1.340005,-1.265436,1.168280
-1.135843,-1.938822,1.078536
-1.405322,-1.539770,1.170666
-0.905141,-0.950855,1.071130
-1.141693,-2.087415,1.072083
-1.410011,-3.345583,1.074831
-0.987563,-0.915390,1.094655
-1.099448,-0.940468,1.122653
-1.200873,-2.449501,1.068143
-1.380603,-1.383691,1.172572
-1.570133,4.129856,1.103360
-1.752780,1.434238,-0.065817
-1.622809,2.676527,0.743327
-1.674968,4.363752,0.492471
-1.684729,3.484597,0.405148
-1.708913,4.069987,0.282177
-1.782608,0.153782,-0.285149
-1.521113,4.296431,1.398336
-1.735428,0.520093,0.005717
-1.538800,3.897235,1.280445
-1.599397,3.511257,0.909726
-1.739156,3.169934,0.073252
-1.545552,3.340994,1.221799
-1.757162,2.886263,-0.042616
-1.648289,2.493487,0.586741
-1.743298,1.859007,0.004504
-1.801826,-0.020356,-0.404471
-1.756575,0.125472,-0.132440
-1.723171,1.314372,0.104902
-1.769294,-0.096466,-0.215018
-1.713479,1.204491,0.158399
-1.816777,2.133596,-0.419934
-1.636036,3.269291,0.685284
-1.522719,3.965095,1.377658
-1.622037,3.556750,0.777628
-1.505764,4.555490,1.497689
-1.604553,3.675525,0.884840
-1.550281,4.583939,1.235883
-1.827514,2.979903,-0.454712
-1.683059,3.039205,0.399949
-1.575092,3.064712,1.038098
-1.805006,0.333623,-0.411279
-1.796967,2.802655,-0.280394
-1.790318,3.187224,-0.228149
-1.705630,1.728073,0.222421
-1.766300,2.729151,-0.101861
-1.620821,4.360093,0.811951
-1.567759,3.453607,1.094526
-1.757838,0.910118,-0.113381
-1.529708,4.506889,1.354717
-1.835256,3.738008,-0.474789
-1.666052,1.569630,0.450678
-1.681879,2.888169,0.401810
-1.766257,2.602094,-0.105902
-1.712291,2.164011,0.197834
-1.735320,1.149615,0.027627
-1.738171,1.489243,0.022272
-1.782079,1.113206,-0.249607
-1.799406,3.459255,-0.272600
-1.692607,2.380262,0.321327
-1.680319,4.639590,0.470204
-1.583730,4.061238,1.020783
-1.842107,4.532426,-0.488387
-1.665627,2.290112,0.477534
-1.679629,1.156503,0.356578
-1.590211,4.517980,0.997966
-1.677499,3.294286,0.441389
-1.796628,2.262092,-0.296660
-1.744855,3.380470,0.046726
-1.649922,3.188495,0.600589
-1.735641,2.165630,0.060065
-1.746253,0.346616,-0.064044
-1.794328,4.319068,-0.213576
-1.691976,1.512591,0.295732
-1.691920,3.462217,0.361944
-1.811474,2.940622,-0.361357
-1.769186,4.450387,-0.060732
-1.523637,4.102564,1.376889
-1.827496,4.335629,-0.408793
-1.746709,4.105441,0.060282
-1.757501,3.048199,-0.039143
-1.772751,3.478764,-0.114613
-1.690410,4.009200,0.389339
-1.773678,0.850108,-0.208906
-1.594681,4.406733,0.967821
-1.781863,2.067305,-0.216089
-1.634106,3.886333,0.717525
-1.548964,4.349066,1.235722
-1.701077,4.263417,0.334966
-1.579908,2.773183,0.999823
-1.783858,1.654489,-0.241814
-1.696080,3.997375,0.355473
-1.668004,1.909923,0.450652
-1.714364,0.650444,0.134450
-1.561538,2.951530,1.114274
-1.766493,2.304839,-0.117338
-1.821956,3.683163,-0.398140
-1.569507,3.555393,1.087646
-1.775343,0.542592,-0.229128
-1.818657,2.282485,-0.425997
-1.766325,1.599256,-0.140189
-1.690780,4.256024,0.395494
-1.799837,2.964930,-0.291848
-1.621663,4.019362,0.795467
-1.771538,1.907431,-0.160545
-1.726710,4.513612,0.192118
-1.646822,1.799840,0.571961
-1.740158,4.140433,0.100132
-1.633979,4.216772,0.729443
-1.758529,0.380999,-0.135341
-1.704836,2.895411,0.266550
-1.676590,4.529070,0.488483
-1.845766,4.489579,-0.511429
-1.716169,3.946997,0.235192
-1.743151,3.009073,0.044235
-1.638143,2.029382,0.630949
-1.750808,0.117920,-0.098660
-1.762821,0.454438,-0.158196
-1.672552,3.692924,0.484058
2.731558,-2.992372,0.007541
2.658653,-1.773047,0.092203
2.571208,-3.028914,0.047634
2.754447,-2.881195,0.007513
2.631667,-3.409853,0.011301
2.948555,-2.107546,-0.001814
2.589558,-1.848408,0.106274
2.647495,-3.106140,0.023474
2.680335,-2.912688,0.025259
2.775842,-1.800853,0.059971
2.828585,-2.808774,-0.008040
2.889908,-1.166905,0.064128
-1.164522,-2.451862,-0.713103
-1.172009,-1.401291,-0.721795
-1.215254,-1.032368,-0.964585
-1.209037,-1.107457,-0.930424
-1.165438,-0.806081,-0.662897
-1.174190,-1.759378,-0.746770
-1.184295,-0.973715,-0.779865
-1.185761,-1.605372,-0.809863
-1.209748,-1.509418,-0.948204
-1.174818,-2.678993,-0.781547
3.229735,-1.209871,0.157825
3.209923,-1.244697,0.039707
3.247731,-2.879103,0.207643
3.216281,-0.795908,0.092401
3.206808,-0.954968,0.031109
3.222049,-2.019762,0.085091
3.253047,-1.444043,0.287514
3.254157,-2.233960,0.267373
3.257212,-0.623905,0.339814
3.252749,-0.571706,0.315233
3.247878,-2.475966,0.222133
3.206733,-1.178053,0.023128
3.255510,-2.969733,0.250497
3.253264,-0.801844,0.310497
-1.771217,4.768012,-0.163239
-1.478808,4.681155,1.274228
-1.448591,4.661205,1.630397
-1.503976,4.712732,0.694495
-1.350399,4.778976,-0.667029
-1.585636,4.734108,0.347557
-1.691916,4.771255,-0.280458
-1.622888,4.723465,0.575141
-1.556830,4.698934,0.992778
-1.504239,4.716077,0.631398
-1.210566,4.773312,-0.658303
3.200656,-0.732935,0.405344
2.988538,-2.094243,0.387808
3.198529,-1.585203,0.360092
2.718486,-1.254418,0.503780
2.954720,-2.589582,0.370053
3.065336,-1.818440,0.382490
3.054150,-2.866993,0.329062
2.987864,-0.741767,0.460682
2.851334,-1.160024,0.474010
3.118012,-3.334969,0.287158
2.914342,-2.021842,0.411160
2.984915,-2.237895,0.381037
3.236284,-2.052680,0.325062
3.173542,-2.376904,0.324090
3.126377,-3.515268,0.275273
-1.439118,2.742424,-0.758476
-1.520235,4.091563,-0.664682
-1.469345,2.608620,-0.757740
-1.288767,3.072532,-0.780167
-1.729105,4.318761,-0.597686
-1.596568,4.706930,-0.611584
-1.282423,2.756036,-0.798843
-1.269198,3.166308,-0.780259
-1.294887,1.409945,-0.867928
-1.374612,1.172967,-0.859755
-1.508068,2.484242,-0.754269
-1.383217,2.644502,-0.778401
-1.761739,4.449469,-0.582101
-1.338882,0.860454,-0.885924
-1.431455,3.613669,-0.713655
-1.322471,1.181957,-0.872948
-1.193820,3.003556,-0.808778
-1.496872,2.560734,-0.753094
-1.272033,0.306970,-0.933208
-1.412553,3.761307,-0.710677
-1.537771,2.707159,-0.734496
3.126420,-3.262007,-0.110519
3.144997,-3.376972,-0.121572
2.983485,-2.471932,-0.030562
2.675750,-4.263739,-0.046159
2.952887,-4.053830,-0.107565
3.155355,-3.461999,-0.128859
3.103467,-1.701767,-0.020635
3.116180,-3.043016,-0.096063
2.919513,-3.371178,-0.062119
3.129195,-2.144646,-0.051188
2.231967,-1.178984,-1.796200
2.212548,-2.902227,-1.969057
2.219229,-2.114917,-1.903012
2.238546,-1.808881,-1.778656
2.222863,-2.016745,-1.878250
2.219025,-2.809502,-1.927694
2.214312,-1.042093,-1.895784
2.212952,-2.041003,-1.937570
2.256890,-0.835127,-1.637473
2.245519,-1.408341,-1.723958
2.229233,-1.357129,-1.818357
-0.830521,1.524612,1.148710
-0.882199,4.338531,0.938760
-0.767646,0.219234,1.475726
-0.907693,3.621788,0.764061
-0.922988,2.187163,0.625304
-1.059669,3.603144,-0.133619
-0.767128,2.711101,1.562984
-0.855462,2.402496,1.031160
-0.758187,3.603583,1.645918
-0.878432,2.991375,0.915478
-1.014861,3.632951,0.131872
-0.971202,3.830195,0.396236
-0.894401,1.481456,0.770191
-0.847242,4.208433,1.140704
-0.910414,2.395677,0.706569
-0.864204,3.591306,1.019728
-0.916395,3.374866,0.704354
-0.885243,4.019107,0.910000
-0.821356,4.190607,1.292896
-1.014144,2.883055,0.110765
-0.872413,2.160515,0.922926
-0.960407,3.840125,0.460294
-0.999008,3.917808,0.235070
-0.837197,0.700350,1.081448
-1.008210,4.477436,0.199668
-1.141632,4.718689,-0.579715
-0.772108,1.148338,1.480780
-0.987458,4.444881,0.321057
-0.876365,2.114727,0.898053
-0.946992,2.958218,0.509675
-0.954342,3.858226,0.496704
-0.930797,2.942031,0.604721
-0.918009,4.331777,0.727164
-0.994314,3.677411,0.254655
-1.023559,4.078077,0.095574
-1.000771,3.993952,0.227236
-1.001967,3.368505,0.199041
-0.834825,1.597947,1.125783
-0.908148,2.082118,0.709349
-0.861829,1.705277,0.970015
-0.871894,3.183626,0.960564
-0.816464,0.827121,1.208115
-0.997894,4.577409,0.263932
-0.751548,4.128781,1.702855
-0.772685,0.019831,1.439242
-0.923638,2.024919,0.615984
-0.775999,1.030368,1.453831
-0.968015,2.587788,0.373066
-0.994254,3.555564,0.250889
-0.776728,0.955853,1.447007
-1.006226,4.697248,0.218803
-0.760553,1.757569,1.569572
-0.928277,4.397084,0.668762
-0.796830,1.059364,1.331852
-0.820147,3.473251,1.275789
-0.782105,0.589099,1.402876
-0.758144,2.701557,1.615691
-0.900518,1.748974,0.743127
-0.916051,2.881575,0.689718
-0.969525,3.219069,0.385486
-0.775811,-0.051349,1.418386
-1.067303,4.124406,-0.161065
-0.786775,4.596520,1.510731
-0.788296,2.250412,1.422472
-0.768458,3.520765,1.582495
-0.825287,2.404910,1.209353
-0.802835,4.566582,1.414921
-1.101225,3.995604,-0.365647
-0.886930,2.460195,0.847368
-0.942756,3.193437,0.542626
-0.792418,0.479236,1.338289
-0.770467,2.626737,1.540426
-0.790656,3.103036,1.437352
-0.769237,3.869343,1.589676
-0.764064,2.998133,1.590768
-0.978171,2.926159,0.324552
-0.873409,4.385023,0.992220
-1.025766,3.108588,0.049781
-0.883604,1.765575,0.843527
-0.886248,2.804025,0.863010
-0.835906,2.238969,1.141063
-1.096308,4.136255,-0.331869
-0.768539,4.176001,1.604157
-0.799030,3.129212,1.388809
-1.013652,3.157725,0.122950
-0.824098,0.541573,1.153402
-0.978040,4.369329,0.374092
-0.864823,2.944356,0.994215
-0.916213,2.543867,0.677348
-0.875164,3.660440,0.957373
-0.801951,1.325667,1.310621
-1.057856,4.576791,-0.090020
-1.059009,4.673154,-0.093567
-0.838664,3.203777,1.157388
-0.803446,0.373100,1.269611
-0.923451,3.902665,0.680538
-1.000508,4.478555,0.245165
-0.810346,2.947973,1.315889
-0.883675,3.784472,0.911326
-0.786355,1.054409,1.393514
-0.838716,1.953261,1.114824
-0.903025,2.408859,0.750626
-1.091189,4.728276,-0.281651
-0.798908,0.438571,1.298608
-1.118201,4.633254,-0.444303
-0.779306,3.484010,1.517219
-0.770201,2.238997,1.528894
-1.216733,-1.678692,-0.995158
-1.209839,-2.687868,-0.988565
-1.191693,-3.739221,-0.916984
-1.209118,-3.012408,-0.995279
-1.196651,-2.461420,-0.903067
-1.217431,-2.262364,-1.018998
-1.207061,-2.071774,-0.951348
-1.205725,-3.061843,-0.976917
-1.189996,-3.011467,-0.882371
-1.203912,-3.227772,-0.971823
-1.214939,-3.077867,-1.031848
2.210919,-0.262302,-0.141660
1.308120,-0.244457,0.156426
1.156922,-0.209834,-0.392187
-0.539371,-0.235939,1.296193
0.528196,-0.222052,0.281699
1.169233,-0.233848,0.053504
1.401337,-0.213294,-0.498827
1.295949,-0.229189,-0.123882
2.747277,-0.234461,-1.046103
3.121119,-0.283138,-0.388373
1.576273,-0.205069,-0.777633
1.468361,-0.269939,0.525721
2.574319,-0.211634,-1.356209
2.013170,-0.259357,-0.058137
2.784912,-0.186938,-1.971760
2.741977,-0.261788,-0.525346
2.625610,-0.267555,-0.334285
2.624566,-0.191929,-1.764433
2.303169,-0.300757,0.520972
1.397474,-0.246737,0.136647
2.213611,-0.230540,-0.744510
1.934303,-0.224710,-0.658129
1.716832,-0.251666,0.005022
2.659254,-0.246924,-0.748324
2.676969,-0.309186,0.417226
0.992299,-0.260689,0.685940
3.095979,-0.271909,-0.583112
1.562261,-0.248808,0.059787
1.991205,-0.226773,-0.659165
2.935342,-0.248104,-0.920405
1.618392,-0.246972,-0.014473
3.099220,-0.314095,0.212768
2.975720,-0.308028,0.184941
3.052746,-0.264133,-0.699796
2.606747,-0.302172,0.333968
2.427196,-0.263248,-0.276063
0.848018,-0.254227,0.665264
1.723482,-0.211080,-0.767570
1.810279,-0.249312,-0.105315
1.069305,-0.256337,0.549364
2.560443,-0.248983,-0.639783
0.979136,-0.267230,0.818953
2.089620,-0.225055,-0.760971
2.897405,-0.264020,-0.592551
2.894578,-0.201640,-1.770819
2.661017,-0.237163,-0.934240
2.368456,-0.278144,0.047153
3.097105,-0.305653,0.054537
2.560683,-0.288136,0.100841
0.420951,-0.264349,1.157509
1.221667,-0.210316,-0.428653
1.763225,-0.226234,-0.508836
1.112828,-0.267296,0.726067
2.293921,-0.284831,0.226143
1.725980,-0.257697,0.112682
2.223626,-0.272861,0.049166
1.833805,-0.226147,-0.560171
1.632567,-0.241127,-0.135049
0.175550,-0.244384,0.952555
1.894321,-0.220533,-0.709013
2.336029,-0.238832,-0.673821
-0.136908,-0.251037,1.298454
2.998574,-0.293394,-0.108018
2.605618,-0.235076,-0.934716
3.022618,-0.288045,-0.226170
2.692914,-0.196748,-1.721373
2.297620,-0.255029,-0.340328
2.068491,-0.299767,0.667482
1.127610,-0.250671,0.401105
2.718539,-0.266321,-0.423059
2.969694,-0.298565,0.010151
2.637429,-0.241439,-0.836729
2.358508,-0.249201,-0.493456
0.451401,-0.240003,0.675422
2.768829,-0.269367,-0.400855
2.378556,-0.205958,-1.325766
2.830537,-0.294026,0.022256
0.177341,-0.248295,1.025301
2.901393,-0.312560,0.323044
2.527323,-0.258120,-0.443580
-1.452546,-3.899559,1.056211
-1.046140,-2.294279,1.035902
-1.061618,-3.628249,0.968259
-1.173125,-3.569092,1.000686
-1.050961,-3.880903,0.951883
-0.933212,-3.995463,0.914842
-0.958991,-1.910263,1.033685
-1.192625,-2.568351,1.059591
-0.902418,-3.198904,0.949581
2.939077,-0.605824,-1.537394
2.951077,-0.746720,-1.471329
2.958243,-0.542626,-1.422131
3.049432,-0.639181,-0.887145
2.940565,-0.805654,-1.535366
2.853051,-0.194820,-2.031283
2.882762,-0.469042,-1.865178
2.968615,-0.772287,-1.368670
-1.870299,-2.670786,-0.898201
-1.871148,-1.105882,-0.850331
-1.829342,-0.642607,-0.587911
-1.848932,-2.225490,-0.757029
-1.855669,-0.136890,-0.726221
-1.868695,-3.448161,-0.914999
-1.871091,-2.322529,-0.891104
-1.852838,-1.576854,-0.758167
-1.816940,-1.223781,-0.534348
-1.833870,0.908038,-0.562240
-1.859107,-2.015676,-0.809998
-1.818950,-0.711652,-0.528902
-1.831497,-1.395958,-0.626089
-1.818837,0.852155,-0.475393
-1.849193,3.346959,-0.570267
-1.822304,-1.081393,-0.561196
-1.864715,-2.355616,-0.854587
-1.834399,1.193497,-0.555717
-1.868887,-1.911959,-0.864224
-1.828531,-0.178082,-0.567425
-1.854684,1.587888,-0.662119
-1.841070,-1.848842,-0.697898
-1.828484,1.488012,-0.510850
-1.830480,-0.923789,-0.604126
-1.823773,0.197256,-0.526659
-1.818954,-0.053835,-0.506702
-1.869884,-0.718893,-0.829792
-1.855227,3.099869,-0.614234
-1.854334,3.645762,-0.590515
-1.495143,0.717049,1.430674
-1.501298,-0.598501,1.349887
-1.512848,-1.304346,1.257860
-1.459498,3.071803,1.720644
-1.455592,3.236716,1.749272
-1.477170,1.495316,1.563056
-1.476613,1.558806,1.568493
-1.475541,1.342928,1.567527
-1.519999,-2.587164,1.172304
-1.478716,1.179173,1.543249
-1.494524,-0.270270,1.400961
-1.500649,0.033223,1.375063
-1.692095,-1.789005,-0.536299
-1.523536,-2.305884,-0.608292
-1.483036,-2.510597,-0.629919
-1.618908,-2.368257,-0.586630
-1.554847,-2.807143,-0.627023
-1.804143,-3.652895,-0.607096
-1.746742,-1.466390,-0.504625
-1.809209,-2.225952,-0.529068
-1.617869,-2.860282,-0.613350
-1.664650,-1.961606,-0.552775
-1.645156,-1.890843,-0.554084
-1.627742,-2.267632,-0.578905
-1.671991,2.969639,-0.685183
-1.551400,1.359250,-0.803373
-1.770833,0.177239,-0.809353
-1.459190,-0.303130,-0.916913
-1.784202,2.323813,-0.690466
-1.418668,0.994757,-0.857779
-1.402661,-1.052436,-0.972016
-1.299696,-0.043040,-0.944766
-1.709152,1.929833,-0.731327
-1.636344,-0.034657,-0.856017
-1.731129,-2.679615,-0.973326
-1.619139,-2.719677,-1.004853
-1.535379,0.259474,-0.866689
-1.630254,-2.381032,-0.983735
-1.491818,-0.430690,-0.915212
-1.686022,2.863358,-0.687216
-1.567090,-2.381309,-1.000317
-1.776513,2.520131,-0.681930
-1.828294,1.679224,-0.713548
-1.795902,1.961707,-0.706861
-1.689584,-1.716230,-0.932440
-1.751856,-2.903421,-0.979919
-1.537116,1.283576,-0.811187
-1.706945,2.806416,-0.684789
-1.542868,-1.793577,-0.975079
-1.539037,0.820280,-0.835586
-1.838041,-2.339391,-0.926997
-1.624965,2.049244,-0.746990
-1.721594,1.988854,-0.724891
-1.774694,4.024861,-0.601526
-1.494235,-2.055041,-1.001889
-1.845046,2.293096,-0.676158
0.532390,-0.798444,-0.530132
0.494520,-0.795105,-0.566636
2.306796,-0.839800,-0.997127
2.906876,-0.865296,-0.937294
3.053919,-0.897306,-0.435187
1.130487,-0.800889,-0.905031
2.701287,-0.878108,-0.550111
2.788687,-0.892856,-0.332623
2.041956,-0.821688,-1.153334
0.156834,-0.791321,-0.400448
0.389087,-0.805402,-0.297562
2.369093,-0.884456,-0.196080
2.315456,-0.848332,-0.841807
2.467688,-0.890471,-0.151708
2.658116,-0.829744,-1.434790
1.761915,-0.855390,-0.318465
2.183526,-0.852715,-0.665978
0.981405,-0.830419,-0.241337
1.985960,-0.847265,-0.629966
1.960047,-0.838952,-0.769012
2.458703,-0.827759,-1.331913
0.414992,-0.797654,-0.462410
2.972739,-0.881029,-0.686002
2.315694,-0.851701,-0.778215
1.791552,-0.816277,-1.079387
2.586444,-0.857527,-0.858641
0.919801,-0.793400,-0.898365
0.874244,-0.784437,-1.035865
1.771759,-0.817904,-1.034665
2.591127,-0.869124,-0.642527
0.143506,-0.779656,-0.611771
0.591908,-0.771971,-1.072925
1.662675,-0.798269,-1.329357
1.910796,-0.805109,-1.374645
0.775052,-0.823824,-0.220807
1.884827,-0.817766,-1.116881
2.378221,-0.867504,-0.523252
1.856849,-0.813356,-1.180631
0.999463,-0.822845,-0.397347
0.073443,-0.788962,-0.386358
1.607179,-0.825219,-0.780365
1.716700,-0.848225,-0.422203
1.418016,-0.791505,-1.285052
0.680950,-0.780271,-0.978573
3.115786,-0.914728,-0.149130
2.538020,-0.853729,-0.896413
1.278432,-0.789693,-1.221045
-0.352491,-0.771812,-0.410911
-0.065113,-0.778195,-0.492509
2.210917,-0.863460,-0.481953
1.933886,-0.850070,-0.540233
1.343813,-0.807141,-0.936961
-0.443007,-0.761286,-0.546333
-0.263990,-0.752326,-0.841919
-1.204366,-0.738914,-0.433491
2.750313,-0.877973,-0.587181
2.868398,-0.910128,-0.061948
0.825289,-0.812846,-0.463889
2.189697,-0.840655,-0.898493
1.892488,-0.840536,-0.691462
0.246377,-0.765418,-0.953596
-0.445801,-0.758908,-0.589360
0.306038,-0.781899,-0.683779
2.902205,-0.862435,-0.988132
0.053160,-0.790932,-0.334807
2.641032,-1.762260,-2.070775
2.370322,-3.141527,-2.073908
2.368941,-4.023341,-2.120944
2.554406,-3.187936,-2.124685
2.467597,-3.434304,-2.115159
2.743914,-1.006245,-2.057122
2.473955,-3.681864,-2.130133
2.726068,-1.413261,-2.074319
2.551843,-2.711291,-2.098393
2.811615,-2.271913,-2.142910
2.559803,-2.561336,-2.092421
2.450720,-3.379412,-2.107782
-1.792021,-4.067595,-0.883150
-1.160970,-0.955003,-0.641556
-1.176914,-3.259895,-0.813552
-1.172203,-3.505515,-0.794042
-1.198900,-1.087190,-0.869908
-1.176705,-2.949807,-0.801839
-1.201561,-0.972696,-0.881745
-1.168464,-3.171553,-0.760692
-1.172533,-2.011867,-0.745518
-1.197432,-1.685854,-0.881473
-1.178026,-3.417414,-0.825437
-1.178890,-2.811135,-0.810051
-1.229195,-4.089796,-0.859426
-0.386892,-0.790810,-0.027243
0.519299,-0.849283,0.440986
-0.186854,-0.820439,0.392496
2.092224,-0.891495,0.132064
0.233871,-0.844916,0.559342
-0.806885,-0.829661,1.003577
0.456597,-0.816710,-0.131159
-0.366390,-0.832951,0.755643
0.056626,-0.805049,-0.070142
-1.143029,-0.765841,0.032782
0.490085,-0.820028,-0.091964
-0.668126,-0.788178,0.120997
-0.703501,-0.769924,-0.199472
-0.496582,-0.787776,-0.007409
-0.966695,-0.809191,0.728814
-0.028786,-0.796302,-0.175501
-0.669695,-0.823242,0.785530
0.432090,-0.857441,0.656749
1.028413,-0.867451,0.426238
-0.918894,-0.812396,0.755791
0.416613,-0.825783,0.068668
-0.354341,-0.807600,0.267517
0.890849,-0.851757,0.226158
-0.550105,-0.798670,0.236398
-1.378313,-0.744779,-0.200035
-0.391107,-0.785540,-0.123988
-0.603211,-0.804505,0.384195
-0.757387,-0.799387,0.395930
-0.968021,-0.771201,0.010950
0.330998,-0.843913,0.471975
1.822296,-0.882977,0.160973
-0.615887,-0.831622,0.906198
1.359846,-0.871042,0.260790
1.060536,-0.874471,0.536428
-1.275930,-0.777727,0.351253
1.007903,-0.859754,0.295050
1.121512,-0.847342,-0.019802
1.100459,-0.870512,0.433425
-1.173150,-0.772805,0.185759
0.420989,-0.836074,0.260295
1.411627,-0.873579,0.272341
-0.218080,-0.794420,-0.077804
0.474247,-0.839948,0.296095
-0.564130,-0.772483,-0.249184
-0.423406,-0.778527,-0.233922
-0.246033,-0.830663,0.627604
0.003182,-0.831276,0.463722
-1.105528,-0.791822,0.497939
-0.036528,-0.820756,0.292644
-0.464161,-0.796440,0.133691
1.871259,-0.889566,0.251159
-1.153028,-0.754172,-0.180954
-1.069299,-0.352160,-1.021811
-0.861801,-0.645550,-1.092005
-0.673441,-0.704217,-1.144563
-0.098140,-0.390084,-1.278572
0.097026,-0.427850,-1.331791
-0.253363,-0.371705,-1.236871
0.848324,-0.512003,-1.533369
-0.205903,-0.345127,-1.247890
-1.172587,-0.453214,-1.000152
1.388989,-0.620671,-1.681019
2.335056,-0.409839,-1.917827
2.071578,-0.465692,-1.851722
2.171554,-0.541950,-1.882044
2.033130,-0.374907,-1.836758
0.584812,-0.383409,-1.457341
0.012292,-0.163483,-1.295356
2.460720,-0.290742,-1.944385
1.080136,-0.351628,-1.585550
2.400251,-0.530775,-1.941427
1.549815,-0.274197,-1.704578
2.400979,-0.436126,-1.936531
1.305248,-0.374566,-1.645827
-0.276490,-0.133634,-1.218008
2.490611,-0.423341,-1.959352
1.855109,-0.341558,-1.788274
1.324593,-0.219990,-1.642592
2.760624,-0.267329,-2.021788
-0.910160,-0.136572,-1.051963
0.340616,-0.369037,-1.392520
0.192164,-0.177659,-1.343296
2.183235,-0.641122,-1.890438
2.073374,-0.301154,-1.843349
2.305153,-0.345851,-1.906545
-0.046931,-0.379604,1.276133
1.518493,-0.424311,0.863141
0.738440,-0.442187,1.066777
2.538701,-0.888178,0.570621
1.830229,-0.518203,0.776330
0.539030,-0.382177,1.122305
1.520324,-0.346406,0.866848
2.983833,-0.588493,0.469978
0.138293,-0.333762,1.230015
2.786026,-2.969139,-1.774282
2.842260,-1.565987,-1.713610
2.715346,-2.005963,-1.703971
2.724756,-1.440685,-1.676055
2.498555,-1.591311,-1.624822
2.870440,-3.592403,-1.829923
2.819818,-2.189259,-1.741225
2.448743,-1.076003,-1.584059
2.805424,-3.611190,-1.813880
2.868086,-3.599335,-2.057584
2.875595,-3.061290,-1.995075
2.845708,-4.051343,-2.204942
2.867407,-3.914150,-2.072227
2.856963,-0.827700,-2.029579
2.851943,-0.277354,-2.040609
2.871387,-2.211607,-1.991207
2.851271,-3.507838,-2.153738
2.864147,-3.777712,-2.086857
2.889644,-3.277562,-1.919460
2.869328,-2.724710,-2.020696
2.849351,-1.881159,-2.110106
2.895347,-3.735879,-1.901284
2.589391,-1.693607,0.296137
2.597464,-1.630455,0.345921
2.571595,-2.659510,0.158452
2.573216,-1.285433,0.214456
2.610399,-1.654307,0.421461
2.576781,-1.724205,0.220665
2.602515,-1.718721,0.372750
2.586300,-1.147520,0.296343
2.592795,-2.420422,0.291665
2.592481,-0.988182,0.338214
2.584464,-1.507575,0.273341
2.571670,-2.590744,0.161219
-1.485005,-0.331838,1.455070
-1.448556,2.032634,1.750112
-1.445480,3.558023,1.819817
-1.506584,-3.086859,1.234600
-1.507707,-3.900233,1.200484
-1.468924,-1.989535,1.493971
-1.501887,-3.729792,1.240597
-1.448691,1.840216,1.742814
-1.464392,0.395843,1.601330
-1.499385,-3.854772,1.251142
-1.489917,-3.353382,1.323975
-1.475129,-3.187154,1.416876
-1.474463,-2.146706,1.455968
-1.487293,-3.837252,1.323107
-1.446563,1.918916,1.758036
-1.476844,-2.934754,1.415284
-1.469892,-4.136634,1.415704
-1.455654,1.548131,1.691843
-1.488088,-1.024659,1.413460
-1.462584,-3.243583,1.489017
-1.463714,-3.185591,1.484311
-1.459586,1.634704,1.671560
-1.482539,-2.501869,1.396298
-1.448192,1.317420,1.728092
-1.472205,1.009108,1.575937
-1.483503,-4.083095,1.337177
-1.507339,-2.997481,1.233163
2.531962,-3.726845,-1.748371
2.386842,-1.530846,-1.592271
2.602899,-3.115015,-1.734091
2.399923,-1.587494,-1.598747
2.314021,-2.724631,-1.637338
2.306002,-2.600032,-1.628538
2.614282,-3.468756,-1.756090
2.377490,-3.411241,-1.690892
2.289829,-3.303135,-1.662089
2.281508,-3.206647,-1.654720
2.664708,-4.054318,-1.800791
2.419659,-3.490930,-1.706235
-0.722083,-0.724652,-1.042959
-0.023127,-0.746809,-1.115904
-0.443541,-0.736344,-1.017882
-1.075696,-0.713056,-1.013354
-0.758202,-0.735586,-0.810648
-0.964078,-0.722720,-0.909108
1.852843,-0.799838,-1.433567
-0.393985,-0.745536,-0.878854
-0.689540,-0.732537,-0.916687
0.592861,-0.765010,-1.205302
-0.618668,-0.730395,-1.007116
0.648543,-0.765757,-1.230376
-0.838506,-1.434835,1.245604
-0.837305,-1.277891,1.257995
-0.824894,-2.946806,1.274856
-0.838925,-2.819872,1.196325
-0.848947,-1.349254,1.186867
-0.810147,-1.106194,1.424100
-0.824519,-1.109010,1.339174
-0.846835,-2.124197,1.173147
-0.825734,-1.575458,1.316240
-0.820103,-2.746991,1.309888
-0.827546,-2.447276,1.276084
2.804785,-2.466130,0.416014
2.707470,-1.990427,0.467108
2.684152,-2.526721,0.444398
2.839777,-2.746382,0.391773
2.668979,-3.961443,0.371260
2.692968,-3.153001,0.408422
2.676717,-1.831753,0.483703
2.941206,-4.032377,0.296046
3.200671,-4.110179,0.223809
-0.838601,-2.575899,1.206484
-0.822927,-1.879968,1.322515
-0.830080,-1.430925,1.295471
-0.835403,-1.826606,1.250680
-0.835249,-0.986487,1.279978
-0.816363,-1.230526,1.383209
-0.825359,-1.680569,1.314902
-0.851983,-1.189529,1.174340
-0.857236,-0.956870,1.151196
-0.811433,-1.594462,1.400012
-0.813719,-2.037715,1.371537
-0.832303,-2.664709,1.240656
2.242606,-1.322884,-1.738269
2.205718,-3.293254,-2.022581
2.214764,-3.392585,-1.972547
2.220704,-1.540318,-1.874893
2.259474,-1.127714,-1.632109
2.254564,-1.185230,-1.663031
2.209379,-2.488589,-1.973780
2.247613,-0.905575,-1.694613
2.220161,-2.209464,-1.900709
2.238669,-1.584834,-1.770355
3.207575,-4.210840,-0.074383
3.208780,-3.529971,-0.044261
3.224671,-3.149167,0.062404
3.245188,-3.997578,0.154840
3.246315,-3.803876,0.168036
3.220461,-2.517053,0.058917
3.192200,-4.092023,-0.161118
3.207206,-3.623427,-0.056711
3.200881,-1.253065,-0.013947
3.218095,-2.669353,0.039802
3.225186,-2.586839,0.084445
-0.749013,-0.822406,0.825558
0.549416,-0.822560,-0.085823
-0.735948,-0.766866,-0.234474
-1.104044,-0.769774,0.079742
-1.518147,-0.737539,-0.238564
-0.473352,-0.807857,0.356184
-1.609422,-0.737191,-0.180867
-0.025211,-0.844390,0.731827
1.379791,-0.860189,0.041396
0.598615,-0.859124,0.571334
0.317969,-0.831462,0.245566
-0.882996,-0.794879,0.399090
-1.167664,-0.791632,0.538115
0.855712,-0.836256,-0.042374
0.892771,-0.848249,0.158437
0.118691,-0.814595,0.066776
0.964448,-0.848203,0.107092
0.283556,-0.834807,0.333088
-1.605702,-0.729380,-0.331284
-0.504031,-0.815996,0.531782
1.930973,-0.891411,0.244008
-1.043057,-0.786478,0.352839
1.624950,-0.883015,0.300646
-0.660240,-0.768430,-0.258195
-0.426170,-0.820742,0.566752
-1.260729,-0.745223,-0.274437
-0.218556,-0.805177,0.126059
-0.867967,-0.769506,-0.091566
-0.957681,-0.767066,-0.074554
-1.207226,-0.745588,-0.305218
1.145751,-0.849935,0.012199
-1.320548,-0.770085,0.238074
0.938927,-0.850641,0.171191
-0.567028,-0.786231,0.012970
0.613492,-0.850134,0.390757
-0.565029,-0.836920,0.970619
-0.338367,-0.819058,0.473047
-0.058685,-0.846144,0.788599
-0.870900,-0.758725,-0.293484
0.344198,-0.825333,0.111135
-0.842151,-0.781620,0.119467
-0.859173,-0.787329,0.239467
0.640474,-0.853444,0.434388
0.925654,-0.865600,0.463579
-0.832763,-0.820367,0.845954
1.196880,-0.876694,0.482488
1.812006,-0.893155,0.360792
0.174203,-0.822200,0.171569
0.735045,-0.850386,0.309935
1.493432,-0.885932,0.448447
1.569240,-0.900166,0.664383
2.084595,-0.909073,0.470008
-0.192871,-0.850460,0.964743
1.725220,-0.894749,0.452064
1.922605,-0.899280,0.398790
1.571565,-0.889813,0.466873
0.350694,-0.862831,0.816049
1.822351,-0.906691,0.609614
0.742773,-0.874994,0.770094
2.190107,-0.908151,0.378267
0.993898,-0.875623,0.605151
-1.596858,-2.483737,-0.598621
-1.513862,-2.699537,-0.631989
-1.723596,-2.641566,-0.573863
-1.624730,-2.670683,-0.601359
-1.693240,-1.849881,-0.539271
-1.411301,-3.635772,-0.709213
-1.411984,-3.456521,-0.699399
-1.464541,-3.951858,-0.712239
-1.743315,-1.220687,-0.492317
-1.724766,-3.523167,-0.620943
-0.866930,-1.913317,1.061661
-0.848795,-3.403064,1.118360
-0.858673,-3.427551,1.059228
-0.850656,-3.935580,1.089385
-0.841133,-3.968350,1.144482
-0.869032,-3.891899,0.982390
-0.878427,-3.774189,0.930915
-0.855654,-2.582887,1.105588
-0.844794,-3.443691,1.140605
-0.857470,-3.806597,1.053518
-0.865132,-1.708763,1.079184
-0.135683,-0.166237,-0.306854
-0.451651,-0.134583,-0.683269
1.007748,-0.184957,-0.757837
0.178971,-0.147646,-0.880172
-0.317410,-0.144018,-0.599293
-0.554875,-0.120791,-0.871529
0.444441,-0.168341,-0.675552
0.421649,-0.150158,-1.003525
-0.781995,-0.183453,0.473989
-0.137329,-0.162650,-0.373565
0.390124,-0.199469,-0.048349
0.115267,-0.162114,-0.561581
-0.508220,-0.199236,0.579822
-0.540626,-0.172086,0.088963
-0.297107,-0.202422,0.491450
-0.210997,-0.205763,0.494024
1.404682,-0.159469,-1.519584
-0.411954,-0.133457,-0.732538
-0.012598,-0.183527,-0.066385
1.015117,-0.199818,-0.481847
0.659267,-0.176417,-0.674026
-0.137625,-0.207232,0.470151
1.605795,-0.172010,-1.423917
0.798466,-0.204563,-0.239509
-0.370670,-0.195648,0.415075
-0.557527,-0.180303,0.256324
0.293457,-0.168034,-0.575038
0.541743,-0.193320,-0.271454
-0.985131,-0.111244,-0.749206
-0.662348,-0.148936,-0.263331
1.081153,-0.184383,-0.820386
-0.407629,-0.190401,0.341827
0.602241,-0.193726,-0.306382
-0.181900,-0.226759,0.870798
-0.697254,-0.118416,-0.816209
1.582088,-0.202884,-0.823068
-0.380430,-0.187589,0.269468
0.513599,-0.151289,-1.046881
-0.130577,-0.184624,0.037435
1.504965,-0.196307,-0.893200
-0.571414,-0.106569,-1.128980
0.539743,-0.182111,-0.482133
-0.625584,-0.129256,-0.661581
1.454831,-0.167978,-1.393904
2.258075,-0.192657,-1.492588
1.668447,-0.161148,-1.673551
0.152565,-0.171142,-0.417019
-1.005141,-0.098003,-0.985641
-0.421903,-0.145671,-0.494420
-0.800542,-0.149355,-0.158092
0.676764,-0.181454,-0.591041
-0.907713,-0.163087,0.177189
-0.494040,-0.197707,0.540907
0.915251,-0.200414,-0.400249
0.900419,-0.188053,-0.623669
0.115356,-0.200050,0.156120
-0.285786,-0.217154,0.762212
2.402098,-0.189304,-1.657434
0.098421,-0.150592,-0.767719
0.092506,-0.132813,-1.099931
2.469949,-0.179603,-1.888755
1.806402,-0.181293,-1.389538
1.225976,-0.163025,-1.326473
-0.650630,-0.115356,-0.906948
0.285603,-0.157592,-0.767074
-0.849326,-0.125126,-0.582166
-0.679235,-0.192700,0.576591
-0.096888,-0.126617,-1.083800
-1.032633,-0.131050,-0.341008
0.048646,-0.198780,0.179074
-0.702603,-0.194690,0.630700
1.872260,-0.179972,-1.460917
0.167920,-0.223371,0.560352
-0.954138,-0.135674,-0.308788
-0.590861,-0.213506,0.908010
0.437402,-0.214407,0.201001
-0.893455,-0.122380,-0.603061
-0.300014,-0.225617,0.932358
-0.675360,-0.186929,0.464662
-0.020689,-0.168620,-0.342743
-0.690625,-0.105250,-1.069993
0.097167,-0.158475,-0.617674
0.928891,-0.178734,-0.820044
-1.200384,-3.667074,-0.965843
-1.222401,-1.062154,-1.007779
-1.206876,-2.575661,-0.967282
-1.218899,-3.375237,-1.065272
-1.218253,-1.383541,-0.994154
-1.222148,-3.894771,-1.102005
-1.174024,-3.850796,-0.816463
-1.223842,-2.099724,-1.051342
-1.213866,-3.423070,-1.037176
-1.001476,3.702512,0.213225
-0.803836,2.430254,1.336821
-0.818154,1.136241,1.208585
-0.813047,2.464654,1.283619
-0.994414,4.141057,0.269733
-0.959775,3.084717,0.438493
-0.777473,2.710794,1.501915
-0.829448,1.901453,1.167774
-0.880583,4.655301,0.959003
-0.786377,2.527410,1.443157
-0.948150,4.322395,0.548937
-0.782591,1.315658,1.424558
-1.006310,3.787660,0.187572
-0.793873,4.185700,1.454953
-0.865085,1.050227,0.928660
-0.866757,1.519311,0.934644
-0.774631,1.551101,1.479502
-0.901473,2.727173,0.770549
-0.779394,3.583371,1.520063
-1.018348,4.004317,0.123840
-0.825025,4.246223,1.273119
-0.896474,4.530646,0.860997
-1.066047,3.986167,-0.158325
-0.869916,4.218727,1.007214
-0.887179,3.347620,0.875885
-0.867258,2.535932,0.966041
-0.962538,2.301474,0.395718
-0.903587,3.125990,0.771542
-0.828694,4.428122,1.257611
-0.756613,3.412851,1.648763
-0.903073,3.000942,0.770355
-0.919089,4.005039,0.709745
-0.818378,1.203807,1.209546
-0.791403,2.027296,1.396595
-0.903589,4.002136,0.801137
-0.841067,3.576504,1.155795
-1.113634,4.750010,-0.413397
-0.854213,2.805683,1.052154
-0.827210,2.852347,1.213119
-0.842200,2.114881,1.099717
-0.934276,2.025258,0.553206
-1.081733,4.601633,-0.230112
-0.806369,1.167453,1.279197
-0.941915,4.350869,0.586700
-0.795890,3.804625,1.430169
-0.793852,0.159033,1.319004
-0.832980,3.777560,1.210327
-0.769879,3.050367,1.558213
-1.010708,3.481423,0.151266
-0.852338,2.346743,1.047713
-0.934619,4.563504,0.636953
-0.784120,1.502787,1.421858
-0.912762,4.230618,0.754718
-1.029877,4.497160,0.072440
-0.773544,3.278995,1.544305
-0.830698,1.410238,1.143799
-0.854923,4.560721,1.107268
-0.785751,0.686982,1.384665
-0.902005,3.712940,0.800716
-1.132370,4.630042,-0.528044
-0.871498,3.126977,0.960985
-1.042064,4.685396,0.006870
-0.908280,4.061260,0.775447
-0.940747,3.975312,0.580906
-0.893928,1.771564,0.782790
-0.817719,1.305515,1.216870
-0.807526,2.626830,1.321686
-1.018889,4.489418,0.137038
-0.863172,3.920669,1.036951
-0.763934,0.787076,1.516824
-0.905962,2.585503,0.739263
-0.795977,0.232152,1.308933
-0.770032,0.365800,1.466591
-1.105740,4.614239,-0.371388
-0.760340,2.570499,1.598303
-0.789045,1.436908,1.390561
-0.985539,4.567668,0.336533
-1.113997,4.188934,-0.434500
-0.932465,3.478819,0.613013
-0.852017,4.136415,1.110087
-0.837714,2.939580,1.154068
-0.924238,2.330616,0.622773
-0.891317,2.960112,0.838362
-1.051168,3.826553,-0.075894
-0.811040,0.457906,1.227654
-0.783477,1.413775,1.422644
-0.998843,4.379188,0.251637
-0.879004,1.653774,0.866899
-0.820274,3.332451,1.270284
-0.975893,3.664795,0.362958
-0.802950,0.904896,1.290506
-0.846008,3.228941,1.114890
-0.863840,2.262399,0.976970
-0.895120,2.209835,0.790562
-0.881825,1.256025,0.836810
-0.982543,3.353909,0.313203
-0.923914,1.764519,0.605559
-0.806080,4.034440,1.377789
-0.786619,2.635300,1.445379
3.221637,-4.065334,0.013534
3.206248,-3.845552,-0.069869
3.239193,-4.004726,0.119210
3.205872,-3.467338,-0.059311
3.232441,-3.214581,0.106056
3.200689,-3.146458,-0.079061
3.222102,-3.584822,0.032521
3.228879,-3.494158,0.075584
3.227042,-3.409185,0.067614
3.220601,-4.010091,0.009286
2.575077,-1.980412,0.201951
2.581622,-1.105462,0.270152
2.597313,-1.028229,0.365382
2.568065,-3.048317,0.124480
2.587842,-1.919873,0.279342
2.585969,-2.073975,0.263081
2.597130,-1.575891,0.345792
2.570687,-2.115922,0.171460
2.571397,-2.941672,0.147748
2.580997,-1.305425,0.259708
2.576918,-2.733743,0.187364
-1.658535,1.825520,-0.750210
-1.832287,-2.513223,-0.937850
-1.708253,1.264329,-0.767335
-1.735366,-2.459897,-0.960405
-1.814614,-2.875036,-0.961933
-1.595570,-0.447706,-0.888914
-1.537652,-1.190639,-0.944038
-1.709481,-0.382956,-0.855556
-1.726671,-0.782280,-0.872511
-1.580310,-0.091437,-0.873766
-1.368995,-0.246281,-0.937514
-1.742700,2.590885,-0.686996
-1.708222,1.729189,-0.742356
-1.713399,0.195117,-0.823456
-1.638035,-1.955072,-0.958798
-1.572815,-0.865547,-0.917341
-1.573803,0.552833,-0.840843
-1.353188,-0.761666,-0.969363
-1.558039,1.487073,-0.794761
-1.585456,0.985506,-0.814530
-1.298373,-0.577411,-0.973836
-1.719074,3.514955,-0.643523
-1.672428,-2.563193,-0.982465
-1.742159,1.782523,-0.730588
-1.807289,-1.230173,-0.875441
-1.679651,1.384166,-0.768395
-1.419143,0.457714,-0.886521
-1.767395,-0.711743,-0.858039
-1.718717,-3.040763,-0.995993
-1.779752,-3.260373,-0.991789
-1.537637,1.740523,-0.786489
2.244402,-2.942347,-1.782391
2.261976,-3.216468,-1.687922
2.221399,-4.113789,-1.957756
2.245318,-3.230984,-1.786737
2.228521,-3.758510,-1.903710
2.267049,-3.027835,-1.651605
2.222199,-3.463099,-1.931040
2.205075,-4.010943,-2.050630
2.252052,-2.462818,-1.721035
2.247350,-3.378296,-1.779719
-1.068507,1.872848,1.665150
2.650121,-4.172009,-2.035606
2.841784,-4.178859,-2.040958
2.721176,-4.175614,-2.017409
-1.465047,1.961005,1.650354
-1.524862,-2.917800,1.132429
-1.474191,1.903443,1.594432
-1.513499,-1.926072,1.233011
-1.471729,1.591010,1.598411
-1.501991,-0.766925,1.340106
-1.518652,-1.420780,1.219666
-1.464710,2.243771,1.661895
-1.516116,-0.861657,1.253534
-1.505629,-0.277484,1.335170
-1.511644,-2.444016,1.226454
-0.619596,-0.852792,1.309347
0.523166,-0.874429,0.914029
-0.283118,-0.856703,1.146408
-0.658348,-0.839524,1.085599
0.117671,-0.864985,1.020893
0.600620,-0.879272,0.951130
1.238849,-0.895261,0.804220
-0.464189,-0.859982,1.335955
0.323575,-0.874163,1.049548
0.341230,-0.866517,0.892458
3.242721,-2.470575,0.300911
2.771123,-1.644729,0.468994
3.191702,-1.189988,0.383125
3.145082,-1.412214,0.383408
2.919792,-2.322033,0.393595
2.926402,-1.093161,0.457914
3.223011,-2.542635,0.302207
3.221554,-3.447896,0.253930
3.153753,-1.660479,0.367789
3.136293,-0.485110,0.435546
2.775556,-1.186051,0.492486
3.177694,-0.671606,0.414663
-1.488592,4.497231,1.597077
-1.596820,3.135861,0.912250
-1.751692,1.626541,-0.052896
-1.534876,3.832944,1.301438
-1.585477,3.897095,1.004929
-1.627994,3.890940,0.753757
-1.631660,4.291276,0.745649
-1.781128,0.775762,-0.255395
-1.718184,4.625836,0.246241
-1.683927,2.318877,0.370487
-1.624601,3.445273,0.758730
-1.743453,2.365382,0.020704
-1.591980,3.729501,0.960878
-1.574048,2.762990,1.034066
-1.752058,0.987545,-0.076648
-1.717522,4.311206,0.239515
-1.567334,3.960106,1.114150
-1.701813,3.383833,0.300900
-1.594590,4.596340,0.974769
-1.796844,3.545412,-0.254571
-1.831176,3.486739,-0.459197
-1.718048,2.248069,0.166694
-1.597651,4.141838,0.941342
-1.753085,3.735339,0.010142
-1.831626,4.077007,-0.441910
-1.775271,3.780566,-0.119288
-1.804595,1.067260,-0.384062
-1.744753,3.113960,0.038323
-1.769829,2.456192,-0.131916
-1.740699,4.664331,0.114644
-1.802706,2.082286,-0.338608
-1.732736,4.686334,0.162386
-1.637577,2.102541,0.636763
-1.797274,3.146178,-0.270598
-1.808321,4.026608,-0.306051
-1.619967,4.648330,0.826730
-1.656570,2.643194,0.542924
-1.773001,2.745941,-0.140848
-1.812541,2.414568,-0.385434
-1.761361,3.753113,-0.038108
-1.754398,3.147425,-0.017474
-1.670460,4.216555,0.514104
-1.721513,1.584506,0.123817
-1.690160,1.785930,0.315687
-1.528404,4.337770,1.356694
-1.686111,3.590604,0.400569
-1.762987,3.015878,-0.072619
-1.757586,4.049243,-0.005822
-1.599980,3.327797,0.900087
-1.654576,3.816525,0.594340
-1.731160,1.845321,0.075690
-1.809922,1.014127,-0.417299
-1.611218,2.613041,0.809600
-1.738068,2.794188,0.066979
-1.696794,1.030771,0.251009
-1.818516,1.119604,-0.464462
-1.770137,4.310962,-0.071057
-1.616421,3.229308,0.799712
-1.521418,4.647669,1.408406
-1.625451,3.021190,0.739377
-1.784664,4.694979,-0.143829
-1.676897,2.449121,0.416382
-1.759068,1.536520,-0.099478
-1.526426,4.173958,1.362839
-1.725100,3.860778,0.179564
-1.640977,3.145819,0.651945
-1.818340,2.716861,-0.409451
-1.712723,1.760323,0.181638
-1.621831,3.153926,0.765231
-1.745008,0.938140,-0.036705
-1.702261,4.430864,0.333638
-1.643119,4.686503,0.691363
-1.595270,3.902247,0.947298
-1.679098,1.590479,0.374376
-1.540856,3.574532,1.257409
-1.747939,2.147529,-0.013138
-1.758458,1.795173,-0.087135
-1.816928,4.138502,-0.353076
-1.532978,4.047352,1.319885
-1.840174,4.337113,-0.483573
-1.804044,0.094310,-0.413685
-1.698277,2.757497,0.300604
-1.755468,3.321680,-0.017906
-1.823828,4.486822,-0.382030
-1.699777,1.400222,0.245891
-1.578509,2.619571,1.002888
-1.589962,2.578463,0.933897
-1.806353,0.015781,-0.429970
-1.796917,-0.513391,-0.392153
-1.667601,2.707898,0.479999
-1.712271,2.321041,0.203259
-1.825695,2.135617,-0.472503
-1.652203,2.266632,0.555975
-1.635863,2.414495,0.657421
-1.676290,3.860501,0.467657
-1.451193,4.468980,1.816874
-1.773555,-0.248214,-0.245296
-1.813604,0.662322,-0.450922
-1.652111,2.582629,0.567197
-1.728187,0.547021,0.049362
-1.625239,4.580832,0.793336
-1.809715,0.229414,-0.442593
-1.727533,2.863872,0.131517
-1.659990,3.613776,0.555533
-1.661121,1.482926,0.476852
-1.763981,4.346636,-0.033516
-1.764825,2.511176,-0.100525
-1.818310,1.902216,-0.436798
-1.670395,3.180960,0.479492
-1.761628,4.256158,-0.022688
-1.646301,3.044433,0.617094
-1.808168,2.702665,-0.349887
-1.705330,1.038745,0.200899
-1.495155,4.658620,1.563796
-1.716026,2.118474,0.174247
-1.645128,2.281228,0.598231
-1.737515,3.031561,0.078263
-1.803991,3.642125,-0.293485
-1.794294,3.929996,-0.226519
-1.636187,1.872424,0.637189
-1.689430,2.590095,0.347171
-1.824607,4.225184,-0.395469
-1.348108,-2.424393,-0.660675
-1.317787,-1.838758,-0.637149
-1.243616,-3.642391,-0.753550
-1.299240,-1.897922,-0.645194
-1.352602,-3.097154,-0.695658
-1.309618,-1.201475,-0.605037
-1.265307,-1.757474,-0.646545
-1.505434,-2.047386,-0.599146
-1.358768,-0.904500,-0.576183
-1.238674,-0.815019,-0.602872
-1.725018,-0.772102,-0.473004
-1.247983,-3.397700,-0.739253
-1.351210,-1.463877,-0.608232
-0.716635,-0.261417,1.458140
-0.559822,-0.406741,1.409199
0.077595,-0.872225,1.216993
-0.049349,-0.508627,1.269832
0.069822,-0.704316,1.228057
-0.002649,-0.456628,1.260378
-0.212723,-0.698822,1.302460
-0.065521,-0.788774,1.259016
-0.323503,-0.837806,1.324045
-0.150316,-0.510727,1.296202
0.813247,-0.813907,1.027176
0.180862,-0.745225,1.196734
-1.296012,4.505989,1.866356
-0.799850,2.585378,1.632985
-0.797814,0.320410,1.510706
-1.159535,4.095270,1.808483
-0.970809,2.263566,1.660527
-1.042832,4.242693,1.785798
-0.880697,4.017777,1.731183
-0.870329,1.334870,1.584254
-1.076367,3.932554,1.777923
-0.897568,4.302384,1.750906
-0.882585,2.264117,1.637417
-0.946700,1.255661,1.600027
-1.061452,3.206580,1.734989
-0.969889,2.157588,1.654589
-0.829498,2.857907,1.655410
-1.181780,3.565356,1.785834
-1.027978,3.075310,1.719154
-1.205313,4.198058,1.826015
-1.080077,3.404488,1.750512
-0.886519,0.691368,1.553911
-1.065621,-2.425944,1.033934
-1.160042,-3.202675,1.016949
-1.380606,-4.018373,1.030956
-1.271066,-4.067062,0.999607
-1.149491,-2.967885,1.026802
-1.111096,-3.529934,0.986521
-1.399069,-3.868019,1.043880
-0.924434,-3.593121,0.934166
-1.021597,-4.013597,0.937049
-1.019799,-1.962476,1.046828
-1.188140,-2.808919,1.045484
2.561297,-0.903924,0.036923
0.527682,-0.814060,-0.231346
2.090201,-0.883428,-0.019142
1.027280,-0.834630,-0.193960
0.432223,-0.811878,-0.205421
1.999147,-0.880179,-0.016504
2.897795,-0.913082,-0.026770
2.103844,-0.889040,0.077421
0.656183,-0.818960,-0.229125
1.768468,-0.865584,-0.130204
-0.102637,-0.787783,-0.284675
-1.261236,-0.910257,-1.001467
-1.413107,-3.140592,-1.081517
-1.383468,-3.220749,-1.093599
-1.384520,-1.627149,-1.007666
-1.738740,-3.599606,-1.020780
-1.294104,-1.957437,-1.049134
-1.363865,-3.734376,-1.126349
-1.243367,-3.650334,-1.153437
-1.405902,-2.833856,-1.066919
-1.650350,-3.807823,-1.055156
-1.394790,-3.010962,-1.079353
2.600047,-3.301595,0.304695
2.610606,-2.957947,0.378633
2.554542,-4.195459,0.005891
2.596048,-4.154503,0.252270
2.611924,-3.378439,0.372204
2.622431,-2.293277,0.470894
2.617545,-3.592099,0.398163
2.611567,-2.734736,0.391849
2.582607,-3.768257,0.185982
2.621930,-1.855465,0.482729
2.609480,-1.717128,0.413916
2.602393,-3.120598,0.324658
2.603343,-2.455181,0.352756
2.901004,-1.080290,-1.778156
2.899873,-1.184333,-1.788351
2.903360,-2.646153,-1.817164
2.866894,-1.337048,-1.988167
2.907580,-1.342753,-1.748211
2.881627,-1.541929,-1.908130
2.878194,-0.870093,-1.905695
2.897401,-1.681316,-1.819736
2.903268,-2.358891,-1.807999
2.905598,-1.407919,-1.762113
2.901360,-2.555473,-1.825904
2.876152,-1.202474,-1.928975
2.061458,-0.913643,0.572774
2.430358,-0.908482,0.215352
2.342789,-0.922198,0.536533
1.770408,-0.901700,0.551761
2.444502,-0.913754,0.305152
2.322803,-0.916225,0.437593
1.646763,-0.891063,0.437563
1.454177,-0.894745,0.642848
1.816179,-0.909060,0.658773
0.558961,-0.868792,0.782172
1.109563,-0.885499,0.710564
3.064972,-2.178542,-0.036165
3.015724,-4.122927,-0.127761
2.994323,-3.644324,-0.096422
3.107003,-1.877828,-0.031026
2.748038,-3.429824,-0.020296
3.035822,-2.662591,-0.054538
3.161190,-2.310080,-0.068472
2.845732,-2.942921,-0.019748
2.799079,-3.240379,-0.023500
2.942793,-2.684308,-0.031305
2.833395,-3.046744,-0.022092
3.035643,-2.490407,-0.045235
-1.366140,-4.189950,1.131962
-1.216733,-4.198335,1.185417
-1.629290,0.538088,0.632813
-1.545665,1.384215,1.155007
-1.512469,3.399776,1.419058
-1.787014,-0.589981,-0.336291
-1.554689,1.083285,1.091572
-1.549738,0.136731,1.088812
-1.735387,-0.705459,-0.035460
-1.609275,-0.297108,0.722731
-1.480634,3.704383,1.617259
-1.526919,-0.169103,1.213168
-1.534093,0.003366,1.176653
-1.691333,-0.052784,0.246630
-1.710277,-0.289614,0.126807
-1.660065,1.346279,0.478470
-1.633327,0.111747,0.594577
-1.642081,1.633761,0.594338
-1.523682,2.219552,1.312994
-1.505715,0.218434,1.351419
-1.617541,-0.606018,0.663498
-1.505038,2.352919,1.427545
-1.594656,0.564052,0.838121
-1.585343,-0.234810,0.866094
-1.621387,1.453427,0.710389
-1.682666,0.144920,0.304471
-1.558653,0.819715,1.059266
-1.744513,-0.066198,-0.067721
-1.512704,0.121866,1.306904
-1.497095,1.965546,1.461336
-1.497419,3.496468,1.511162
-1.570450,2.678490,1.052448
-1.677523,0.439377,0.344777
-1.562263,2.019343,1.078497
-1.749027,-0.282085,-0.101660
-1.590647,0.185658,0.848998
-1.618564,1.746738,0.736963
-1.686039,-0.679516,0.256701
-1.505131,0.395264,1.360841
-1.521679,0.306157,1.260158
-1.592003,-0.356162,0.822680
-1.448144,4.081683,1.821785
-1.597969,1.241606,0.841461
-1.494324,3.684160,1.535768
-1.592634,2.345633,0.910254
-1.473224,3.433153,1.651833
-1.486406,3.429597,1.573905
-1.536896,-0.245285,1.151704
-1.567440,1.567099,1.032658
-1.458912,3.449031,1.736847
-1.742469,-0.132768,-0.057906
-1.501079,0.710641,1.395419
-1.478044,2.670298,1.597604
-1.499522,1.054710,1.416234
-1.721909,0.041880,0.069351
-1.676889,-0.609783,0.313066
