0.106937,0.966422,-0.057574
0.287679,-0.118886,0.298624
0.268476,-0.028893,-0.495991
0.001373,0.937710,-0.008333
0.415465,-0.069747,-0.350430
-0.535505,0.022063,-0.056350
-0.174797,-0.178433,0.024501
0.300392,-0.037178,0.492609
-0.266852,-0.111887,0.439634
0.167463,-0.135966,-0.199299
-0.117598,0.966095,0.017828
0.366510,0.015635,0.231098
0.317921,0.015635,0.264626
0.360245,0.015635,0.182408
0.380896,0.015635,0.254198
0.382427,0.015635,0.376006
0.387120,0.015635,0.285115
0.361326,0.015635,0.070885
0.342450,0.015635,0.345314
0.351858,0.015635,0.205161
0.313595,0.015635,-0.135650
0.469257,-0.004384,0.315255
-0.495876,-0.040382,0.292624
0.130935,0.009207,-0.185708
0.156648,0.009207,-0.357267
0.159300,0.009207,-0.072675
0.150689,0.009207,-0.439995
0.193216,0.009207,-0.396223
0.120915,0.009207,0.119331
0.110182,0.009207,0.012706
0.165280,0.009207,-0.431465
0.117385,0.009207,-0.186912
0.118875,0.009207,0.095496
0.125487,0.009207,-0.025638
0.169463,0.009207,-0.142017
0.156790,0.009207,-0.105897
0.200032,0.009207,-0.414895
0.130854,0.986175,-0.004334
0.541027,-0.076501,-0.038637
-0.034298,-0.165025,-0.199605
-0.059357,-0.157924,-0.215542
-0.480061,0.014757,-0.232051
0.322962,-0.088398,0.150165
0.118589,0.017716,-0.514990
0.337389,-0.068563,-0.426364
0.234254,-0.141497,-0.112979
-0.194061,0.019981,-0.491930
-0.044195,-0.055891,-0.550395
0.221214,-0.117723,-0.353247
-0.000586,0.989277,0.141186
0.349368,0.009207,0.255647
0.350878,0.009207,0.354742
0.330267,0.009207,-0.085552
0.326533,0.009207,-0.275803
0.347674,0.009207,-0.036433
0.340226,0.009207,0.283298
0.330247,0.009207,0.115127
0.320411,0.009207,-0.182259
0.352572,0.009207,0.245138
0.358041,0.009207,0.273564
-0.003218,0.991767,0.086925
0.235825,-0.104071,0.133554
-0.416718,0.009207,-0.210278
-0.444308,0.009207,-0.201054
-0.409780,0.009207,0.224343
-0.450165,0.009207,-0.146405
-0.431146,0.009207,-0.049024
-0.404066,0.009207,-0.122998
-0.422391,0.009207,0.116719
0.520111,0.015635,-0.102081
0.358735,-0.122192,0.091108
0.518825,0.009207,-0.010313
-0.170328,0.022063,-0.499705
0.089795,-0.057584,-0.544396
0.019494,-0.107642,0.273483
-0.139004,-0.097398,-0.249458
-0.085682,-0.097398,-0.223950
-0.116047,-0.097398,0.007115
-0.100374,-0.097398,-0.204319
-0.133188,-0.097398,-0.083695
-0.127250,-0.097398,-0.234010
-0.046786,0.009207,0.169939
-0.063622,0.009207,0.536912
-0.106639,0.009207,-0.348206
-0.087151,0.009207,0.329785
-0.081580,0.009207,0.511588
-0.066989,0.009207,0.082129
-0.085090,0.009207,0.426227
-0.099150,0.009207,0.516832
-0.090518,0.009207,0.048030
-0.080335,0.009207,0.013339
-0.064683,0.009207,0.455224
-0.090906,0.009207,-0.049698
-0.067050,0.009207,0.356681
-0.062214,0.009207,-0.015047
-0.093497,0.009207,0.404391
-0.086437,0.009207,0.205753
-0.500080,-0.043626,-0.267314
-0.100640,0.015635,-0.353083
-0.064132,0.015635,0.497405
-0.081682,0.015635,0.328805
-0.075274,0.015635,0.007808
-0.111720,0.015635,0.455490
-0.058643,0.015635,0.292808
-0.083620,0.015635,-0.048187
-0.085151,0.015635,-0.087470
-0.092987,0.015635,0.120494
-0.057663,0.015635,0.085048
-0.025686,0.015635,0.532076
-0.086988,0.015635,0.469693
-0.012809,0.015635,0.458020
-0.076764,0.015635,0.239159
-0.098681,0.015635,-0.132610
-0.096640,0.015635,0.254729
-0.044950,-0.094051,-0.266926
-0.037624,-0.094051,-0.047453
-0.034971,-0.094051,-0.235092
-0.018442,-0.094051,-0.198829
0.079143,-0.094051,-0.053289
0.061573,-0.094051,0.138982
0.064124,-0.094051,-0.000477
0.245294,-0.108315,-0.148772
0.081469,0.047775,0.106822
0.158851,0.014778,0.083925
0.187400,-0.019955,0.151492
0.170422,-0.008915,0.143676
0.131384,0.034756,0.064192
-0.293809,-0.111152,-0.413324
-0.189470,-0.135640,0.197937
-0.096354,0.991767,-0.053575
0.334696,-0.085317,0.167695
0.192665,0.009207,-0.378592
0.193584,0.009207,-0.055513
0.195583,0.009207,-0.084368
0.180523,0.009207,-0.069737
0.181176,0.009207,-0.297577
0.182768,0.009207,-0.096061
0.157525,0.009207,-0.283129
0.171891,0.009207,-0.402753
0.166096,0.009207,-0.336819
0.202236,0.009207,0.181102
0.132690,0.009207,-0.368347
0.158505,0.009207,-0.121957
0.196624,0.009207,-0.216971
-0.568891,-0.004425,-0.021251
-0.209652,0.022063,0.508669
0.435586,0.015635,0.270789
0.411323,0.015635,0.210426
0.408731,0.015635,0.123208
0.405833,0.015635,0.030154
0.426362,0.015635,0.131983
0.454360,0.015635,0.216711
0.166422,-0.099459,0.506588
0.055022,-0.117335,0.452980
-0.290360,-0.060360,0.481896
0.082735,0.966095,0.096108
-0.006483,0.351549,0.021971
-0.015279,-0.115070,-0.472625
-0.023747,0.079589,-0.026128
0.339063,-0.122437,-0.129039
0.404486,-0.117641,-0.144446
-0.053419,-0.062870,-0.544518
-0.345213,0.009207,0.206794
-0.367049,0.009207,0.148288
-0.343662,0.009207,0.280645
-0.378844,0.009207,0.384679
-0.327133,0.009207,0.294910
-0.331500,0.009207,0.162593
-0.344805,0.009207,0.328356
-0.370803,0.009207,0.327642
-0.363457,0.009207,0.347967
-0.366151,0.009207,0.045704
0.215806,-0.094072,0.196795
0.322860,0.009207,0.357334
0.333165,0.009207,0.379842
0.346736,0.009207,0.114005
0.316350,0.009207,-0.134854
0.353000,0.009207,0.119902
0.372060,0.009207,0.198182
0.332328,0.009207,0.316316
0.322982,0.009207,-0.322637
0.316432,0.009207,0.126228
0.381876,-0.106887,-0.338656
-0.521894,-0.106152,0.026256
0.254273,-0.097398,-0.032699
-0.105741,-0.060829,0.553401
-0.275076,-0.100275,0.458469
0.009740,0.018614,0.558156
-0.043154,-0.196901,-0.108754
-0.343152,0.009207,-0.187259
-0.374640,0.009207,-0.368001
-0.371313,0.009207,-0.023985
-0.355315,0.009207,-0.339268
-0.335275,0.009207,-0.280680
-0.387639,0.009207,-0.182402
-0.346397,0.009207,-0.382040
0.026371,0.991767,0.052764
-0.029808,-0.104071,-0.281170
0.091040,-0.050197,0.563359
-0.408046,0.009207,-0.187238
-0.417698,0.009207,0.158654
-0.406699,0.009207,-0.175423
-0.431513,0.009207,0.014196
-0.431207,0.009207,0.049132
-0.412494,0.009207,0.044479
-0.083886,0.966095,0.096802
0.082245,0.988359,-0.096633
0.307065,0.022063,-0.431037
-0.193796,-0.158557,0.127861
-0.072213,0.991767,0.049989
0.457278,0.009207,-0.226848
0.432954,0.009207,-0.208033
0.416281,0.009207,-0.141344
0.408425,0.009207,-0.025740
0.432321,0.009207,-0.055330
0.276802,-0.115907,-0.351022
0.234152,-0.119804,-0.303964
0.174299,-0.122457,-0.302597
0.288230,-0.116560,-0.324412
0.138975,-0.108846,-0.222113
0.262089,0.009207,-0.232439
0.307738,0.009207,0.184877
0.237703,0.009207,-0.321841
0.298555,0.009207,-0.424405
0.277394,0.009207,-0.292741
0.306432,0.009207,0.235220
0.290413,0.009207,-0.046208
0.307106,0.009207,-0.363409
0.300106,0.009207,-0.249295
0.304086,0.009207,-0.014170
0.259660,0.009207,-0.090266
-0.191980,-0.150639,-0.156853
0.501194,-0.112233,0.041173
-0.293727,0.015635,0.401432
-0.291891,0.015635,0.418554
-0.247568,0.015635,0.279543
-0.275137,0.015635,0.210365
-0.299156,0.015635,0.260933
-0.305094,0.015635,-0.012721
-0.283238,0.015635,-0.027515
-0.249139,0.015635,0.324377
-0.294625,0.015635,0.235730
-0.307318,0.015635,-0.032576
-0.309583,0.015635,0.190060
0.032963,0.079589,-0.012170
-0.047807,0.974584,0.131105
-0.535934,0.014818,0.037235
0.405384,-0.022465,-0.389223
0.214929,-0.148823,-0.123202
0.224051,-0.150516,-0.100530
0.117324,-0.188738,-0.074226
-0.004973,0.544330,0.022318
-0.097925,-0.113397,0.494344
0.166953,-0.097398,-0.140752
0.195543,-0.097398,0.081885
0.207297,-0.097398,0.195590
0.164096,-0.097398,-0.084695
0.158505,-0.097398,-0.026577
-0.465735,0.009207,0.098883
-0.456695,0.009207,0.117433
-0.402699,0.009207,0.355028
-0.444267,0.009207,0.122412
-0.455777,0.009207,0.197998
-0.225181,-0.152047,-0.098041
0.264721,-0.130518,0.043622
-0.262607,-0.104071,-0.060676
0.351490,-0.122171,-0.103163
0.052921,0.009207,0.135064
0.010373,0.009207,0.249525
0.055145,0.009207,0.319153
0.076409,0.009207,0.485181
0.024678,0.009207,0.329968
0.073592,0.009207,0.205631
-0.002137,0.009207,-0.261559
0.007414,0.009207,0.098822
0.003292,0.009207,0.303521
0.068307,0.009207,0.493487
0.030371,0.009207,0.539381
0.076796,0.009207,0.431940
0.093367,0.009207,0.431675
0.001210,0.009207,0.069926
0.081265,0.009207,0.449082
0.073797,0.009207,0.442531
0.012128,0.009207,-0.062921
0.364244,-0.047626,-0.422813
-0.253200,-0.125702,0.099883
-0.535934,0.015186,-0.015924
-0.111149,-0.117600,0.430879
0.071327,-0.113458,0.496385
-0.187184,-0.148578,0.182408
-0.134698,-0.173862,0.136840
0.046268,0.083977,-0.008292
-0.144391,-0.094051,-0.119958
-0.126821,-0.094051,-0.225378
-0.154146,-0.094051,0.185387
0.298351,-0.121029,-0.220991
-0.239895,-0.094051,0.110699
-0.247914,-0.097398,-0.135099
-0.237997,-0.097398,0.092598
-0.226161,-0.097398,0.006380
0.253355,-0.068706,-0.480482
-0.304155,-0.092092,0.447531
-0.560055,-0.055564,0.050764
-0.466572,-0.111009,0.217630
-0.014421,0.079589,0.010298
-0.454471,-0.114805,0.148023
-0.341581,-0.122273,0.155593
-0.436166,-0.115335,0.177490
0.418669,-0.112764,-0.266110
0.016086,0.015635,0.119963
0.045615,0.015635,0.050091
0.001312,0.015635,-0.232970
0.009148,0.015635,0.314418
0.028575,0.015635,-0.158689
-0.001035,0.015635,-0.002109
0.032534,0.015635,0.009563
0.025739,0.015635,0.514955
0.101774,0.015635,0.483773
0.070593,0.015635,0.517016
0.011944,0.015635,0.343641
0.045574,0.015635,0.336192
0.076490,0.015635,0.371496
0.031575,0.015635,0.440572
0.052676,0.015635,0.181081
0.004720,0.015635,-0.287925
-0.537362,-0.075950,-0.094164
0.049329,-0.107438,0.521464
-0.220039,-0.039912,0.169980
-0.066316,0.081793,0.026276
-0.085416,0.062897,0.056846
-0.206020,-0.034321,0.175470
-0.100007,0.050795,0.072334
0.481215,-0.094255,0.226670
0.339022,0.012023,-0.403957
-0.138555,-0.191146,-0.018210
-0.214774,-0.156863,-0.089797
-0.242752,-0.094418,-0.149119
-0.064846,0.966095,-0.099347
-0.079539,-0.126824,-0.279803
0.460992,0.015635,-0.069186
0.430811,0.015635,-0.197911
0.403854,0.015635,-0.288598
0.461952,0.015635,-0.082369
0.011128,-0.111458,-0.502664
0.010597,0.676484,0.016257
-0.068438,0.009207,0.274891
-0.035563,0.009207,-0.087531
-0.053521,0.009207,0.433940
-0.035930,0.009207,0.308276
-0.044399,0.009207,0.186326
-0.049378,0.009207,0.178163
-0.087334,0.009207,0.310582
-0.046276,0.009207,0.244322
-0.013360,0.009207,0.262463
-0.025563,0.009207,0.420105
-0.049460,0.009207,0.157369
-0.074356,0.009207,0.506894
-0.009728,0.009207,0.415289
-0.076029,0.009207,0.305215
-0.037930,0.009207,0.292665
-0.031910,0.009207,0.378679
-0.182042,-0.069665,-0.512153
-0.281606,-0.124396,0.093639
-0.015952,0.904345,-0.000742
0.247518,-0.115825,0.381414
-0.393373,-0.043973,-0.405100
-0.215019,-0.097398,-0.043718
-0.212488,-0.097398,0.033113
-0.204897,-0.097398,0.145431
-0.567768,-0.025362,0.071579
-0.139943,-0.079603,-0.517622
-0.013075,0.003329,0.570032
0.172646,-0.104071,0.223099
0.184564,-0.094051,0.034602
0.203746,-0.094051,-0.131140
0.173157,-0.094051,0.089068
0.208317,-0.111070,0.471305
-0.487815,-0.073216,-0.246234
0.117732,-0.029831,0.566869
0.009720,0.141768,0.017359
0.526049,-0.097377,0.062478
-0.060194,-0.139374,-0.253131
0.078225,-0.122253,0.361395
0.167586,-0.119192,0.364721
-0.011952,0.122239,0.018685
-0.119659,0.055632,0.022011
-0.127576,0.045857,0.041214
-0.138535,0.039286,0.044398
-0.290687,-0.068257,0.143105
0.234621,-0.104071,-0.132181
0.308412,-0.121335,-0.207584
0.019209,0.966095,0.106291
-0.178552,-0.060421,0.534647
-0.338887,-0.052034,0.458245
-0.044787,0.991767,0.101128
0.434117,0.022063,0.335866
0.130609,-0.028668,-0.549803
-0.330745,-0.118437,0.259361
-0.353703,-0.116886,0.268442
-0.396740,-0.113662,0.295563
-0.190347,-0.125865,0.262361
0.430913,-0.012955,0.379189
-0.496733,-0.072502,-0.227256
-0.488142,0.009207,-0.200748
-0.511446,0.009207,-0.125508
0.318044,-0.116356,0.314112
-0.366702,0.009349,0.396882
-0.223284,-0.097867,0.199182
-0.565626,-0.033484,0.115290
0.257579,-0.097398,-0.050636
0.063491,-0.027811,0.575420
-0.187613,-0.123620,0.233180
-0.279688,-0.097888,0.096312
0.470992,-0.018526,0.318173
0.502153,-0.007384,0.260524
0.253681,-0.117049,-0.069125
0.006312,0.991767,0.072008
-0.007810,0.449276,0.021685
0.336859,0.009207,0.261177
0.345266,0.009207,0.288808
0.366306,0.009207,0.008135
0.374162,0.009207,-0.029597
0.385120,0.009207,0.007768
0.367469,0.009207,0.310521
-0.121801,0.966095,-0.009129
0.378488,-0.118968,-0.162730
0.468176,-0.113927,-0.118488
0.454340,-0.113662,-0.169525
0.477318,-0.113458,-0.112489
0.360020,-0.007425,0.437001
-0.250200,-0.120151,-0.289333
-0.240772,-0.120314,-0.291659
0.331798,-0.124743,0.009910
0.001577,0.254474,0.022073
-0.547117,0.018961,0.089598
-0.397495,0.022063,-0.365123
0.094591,-0.140293,-0.239786
0.112243,-0.163699,-0.174484
-0.462552,0.009207,0.085395
-0.418188,0.009207,-0.295353
-0.436166,0.009207,-0.283599
-0.439186,0.009207,-0.015414
-0.526669,0.009207,0.059111
-0.116985,-0.094051,0.066498
-0.108170,-0.094051,-0.077247
-0.116924,-0.094051,-0.027638
-0.268362,-0.094051,-0.035086
0.541231,-0.053523,0.144411
-0.188490,0.015635,0.319153
-0.212080,0.015635,0.195815
-0.201877,0.015635,-0.232786
-0.168614,0.015635,0.350926
-0.189796,0.015635,0.258688
-0.181715,0.015635,0.012828
-0.186307,0.015635,-0.022577
-0.215509,0.015635,0.491507
-0.200612,0.015635,0.055295
-0.212529,0.015635,0.073416
-0.189898,0.015635,-0.174525
-0.159880,0.015635,0.099108
-0.150942,0.015635,0.393413
-0.219182,0.015635,-0.082430
-0.176185,0.015635,-0.052065
-0.014319,-0.161944,-0.210971
-0.475734,0.014941,0.295420
-0.097742,-0.097398,0.167980
-0.117904,-0.097398,-0.020638
-0.130372,-0.097398,-0.174403
-0.130719,-0.097398,-0.040576
-0.108374,-0.097398,-0.148486
-0.113210,-0.097398,-0.121570
-0.194633,0.007186,0.058539
-0.514099,-0.109091,0.006482
0.039411,-0.116396,0.296318
0.367816,-0.112662,0.346926
-0.153983,-0.148374,-0.198115
-0.138453,-0.151333,-0.200890
-0.062765,-0.193819,-0.109020
-0.126923,-0.147945,-0.216950
-0.126556,0.009207,0.267606
-0.118597,0.009207,-0.382795
-0.161472,0.009207,0.216385
-0.128515,0.009207,0.158532
-0.133433,0.009207,0.075273
-0.139535,0.009207,0.040398
-0.182695,0.009207,0.295991
-0.120556,0.009207,-0.211808
-0.181715,0.009207,0.208896
-0.188103,0.009207,0.262198
-0.114434,0.009207,-0.376735
-0.128189,0.009207,0.231119
-0.156554,0.009207,0.304705
-0.193306,0.009207,0.468060
-0.115394,0.009207,-0.489134
0.170953,0.020247,-0.497971
-0.122107,0.981400,-0.050453
-0.063928,-0.219205,0.003401
-0.101272,-0.094051,0.198325
-0.110639,-0.094051,0.158308
-0.086314,-0.094051,0.187509
0.323411,-0.036872,0.478774
-0.024462,-0.127253,0.304256
-0.091212,-0.123335,0.332336
-0.158350,-0.115560,-0.429649
-0.149330,-0.116600,-0.416997
-0.102986,-0.123988,0.324316
0.470175,0.015635,0.146247
0.489235,0.015635,0.174633
0.462625,0.015635,-0.115958
0.474155,0.015635,-0.123345
0.012597,0.926323,0.001666
-0.176858,-0.148863,0.190264
0.506112,-0.031321,0.270381
-0.014177,-0.162393,0.223568
0.128813,-0.097398,-0.056187
0.151668,-0.097398,-0.099184
0.131405,-0.097398,-0.180402
0.130384,-0.097398,-0.089001
0.152974,-0.097398,-0.115672
0.094815,-0.135681,0.256055
0.116610,0.991767,0.048152
0.557230,-0.013955,-0.088940
-0.079355,0.966095,-0.046045
-0.005238,-0.005568,-0.561619
0.006924,0.232517,-0.005803
0.528253,-0.095071,0.003176
0.007781,-0.234265,-0.011068
-0.470123,-0.053442,0.316480
0.553373,-0.035627,0.146941
0.185952,-0.117274,-0.378836
0.242600,-0.115417,-0.379673
0.174136,-0.116988,-0.391733
0.306085,-0.088296,0.446878
-0.490080,-0.074522,0.252811
-0.575502,-0.035484,-0.013557
-0.112108,-0.192615,0.083619
0.225724,-0.022954,0.095210
0.184768,-0.006139,0.109454
0.305657,-0.087562,0.174347
0.151525,0.024063,0.065335
0.145138,0.036470,0.034643
0.135221,-0.117131,-0.412487
0.076143,-0.118968,-0.407875
-0.075968,0.009207,-0.245724
-0.090497,0.009207,-0.470911
-0.009340,0.009207,-0.502297
-0.013952,0.009207,-0.245540
-0.008524,0.009207,0.004176
-0.004626,0.009207,0.302827
-0.051174,0.009207,0.056927
-0.036461,0.009207,-0.131038
-0.019054,0.009207,0.086599
-0.074968,0.009207,-0.501705
-0.031828,0.009207,-0.176627
-0.061214,0.009207,-0.369613
-0.061071,0.009207,-0.418507
-0.013401,0.009207,-0.343676
-0.081335,0.009207,-0.490502
-0.023482,0.009207,-0.299026
-0.006912,0.009207,0.071783
-0.210101,-0.110499,-0.199931
-0.123944,-0.115539,-0.442424
-0.113945,-0.115029,-0.453260
-0.204550,-0.129293,0.184857
-0.540872,-0.053075,-0.153016
-0.410453,-0.116621,-0.183606
-0.478122,-0.112948,-0.144854
-0.399067,-0.118702,-0.127835
-0.011258,-0.118743,-0.432016
0.309024,-0.057156,0.470713
-0.362743,-0.122682,-0.047902
-0.415780,-0.119029,-0.030760
-0.405474,-0.119866,-0.016904
-0.017911,0.159644,0.007870
0.282679,-0.001384,0.495936
-0.062438,-0.106295,0.293645
0.475012,-0.109152,0.203427
-0.122577,-0.107866,-0.496522
0.445728,-0.089725,-0.285558
0.522172,-0.024913,-0.212951
0.050859,-0.141354,-0.252540
-0.438696,0.003003,0.358640
0.277720,0.022063,0.462448
-0.231854,-0.124212,0.143451
-0.034910,0.009207,-0.374878
-0.034665,0.009207,-0.518704
-0.029380,0.009207,-0.454851
-0.044848,0.009207,-0.287068
-0.051745,0.009207,-0.128059
-0.029420,0.009207,-0.013965
-0.048827,0.009207,-0.237704
-0.081743,0.009207,-0.434751
-0.014177,0.009207,0.366925
-0.033522,0.009207,-0.057472
-0.025421,0.009207,-0.268069
-0.025523,0.009207,-0.474054
-0.021727,0.009207,-0.381897
-0.051317,0.009207,0.023624
-0.032298,0.009207,-0.222419
-0.078662,0.009207,-0.284068
0.167259,0.015859,0.512955
0.014780,-0.085317,-0.360368
0.155709,-0.024607,0.556339
-0.033889,0.090894,-0.012517
-0.261322,-0.113866,0.415187
-0.245404,-0.114274,0.416840
-0.101415,-0.119763,0.399575
-0.285320,-0.027199,-0.490604
0.309922,-0.120253,-0.222460
0.192522,-0.149108,0.170470
0.092122,-0.199492,0.073089
0.158566,-0.170188,0.117168
0.517172,-0.028607,-0.228929
-0.511528,-0.111193,0.057988
0.463992,0.009207,0.173082
0.471461,0.009207,0.054254
0.489439,0.009207,0.149880
0.350246,-0.086807,-0.397509
0.564883,-0.043953,0.033256
0.527600,0.009207,0.060111
0.325227,0.015635,0.365190
0.334655,0.015635,0.025766
0.340858,0.015635,0.354150
0.356470,0.015635,0.108964
0.323717,0.015635,-0.202543
0.313289,0.015635,0.352497
0.350939,0.015635,0.311092
0.374734,0.015635,0.321500
0.330900,0.015635,-0.235949
0.456115,-0.102724,0.261545
0.214398,-0.158291,0.075742
0.074266,-0.213512,0.019563
0.174136,-0.175106,0.050356
-0.101252,0.034674,0.124453
-0.151697,0.004431,0.139003
-0.052113,0.090384,0.021971
-0.028727,0.088854,0.067620
-0.157941,0.007472,0.117923
0.244886,0.017451,-0.486767
0.499275,0.009207,-0.032617
0.482195,0.009207,0.118637
-0.417351,0.021389,-0.352553
-0.383945,-0.102785,-0.352145
-0.521853,0.009207,0.010523
-0.247874,-0.113866,-0.409528
-0.231365,-0.114784,-0.401957
-0.104354,-0.119355,-0.391672
-0.053990,-0.097398,-0.115040
-0.039154,-0.097398,0.002666
-0.049868,-0.097398,-0.183504
-0.020299,-0.097398,0.026521
-0.032583,-0.097398,-0.169668
-0.053398,-0.097398,-0.245112
-0.075968,-0.097398,-0.236276
0.152689,-0.104071,0.231751
0.173075,-0.097398,-0.075777
0.157219,-0.097398,0.234098
0.186992,-0.097398,-0.016149
0.210786,-0.097398,0.160022
0.160280,0.009288,-0.501440
-0.262566,0.015635,-0.262641
-0.238976,0.015635,0.221650
-0.274096,0.015635,-0.190095
-0.261832,0.015635,-0.338819
-0.313175,0.015635,-0.410895
-0.221161,0.015635,-0.319004
-0.263628,0.015635,-0.083062
-0.292891,0.015635,-0.385265
-0.283463,0.015635,-0.323759
-0.252281,0.015635,-0.101632
-0.264219,0.015635,-0.055309
-0.227202,0.015635,-0.216236
-0.241609,0.015635,0.243628
0.020556,-0.105234,-0.285252
-0.499080,0.009594,0.203141
-0.130515,-0.123335,0.269769
-0.026278,0.991767,-0.008639
0.097387,0.015635,-0.434894
0.029514,0.015635,-0.231439
0.061553,0.015635,0.025379
0.051900,0.015635,-0.142527
0.093244,0.015635,-0.483870
0.086122,0.015635,-0.506297
0.061267,0.015635,-0.075940
0.039595,0.015635,-0.276926
0.036452,0.015635,-0.489767
0.089959,0.015635,0.058764
0.040370,0.015635,-0.387224
0.021515,0.015635,-0.495889
0.103366,0.015635,-0.155608
0.091040,0.015635,-0.289435
0.092550,0.015635,0.065580
0.103203,0.015635,0.219711
0.106039,0.015635,-0.162465
0.457870,0.009207,0.159654
0.423281,0.009207,-0.152670
0.406874,0.009207,-0.288843
0.341348,-0.019852,0.462469
-0.215345,-0.092827,-0.483176
0.023127,0.079589,-0.022373
0.003618,0.526801,-0.007823
-0.115414,-0.148516,0.234322
-0.169369,-0.114254,0.458592
-0.038603,-0.119968,0.422717
0.150505,-0.106377,0.502649
0.168116,0.013982,0.533647
-0.519813,0.015635,0.084537
0.166382,0.015635,0.264789
0.150811,0.015635,0.170531
0.138506,0.015635,0.306970
0.181258,0.015635,0.185550
0.140894,0.015635,-0.097143
0.129996,0.015635,-0.160383
0.133853,0.015635,-0.206319
0.169014,0.015635,0.116821
0.147730,0.015635,0.314888
0.131180,0.015635,0.269299
0.144914,0.015635,0.231200
0.160913,0.015635,0.052070
0.152240,0.015635,0.209814
0.126752,0.015635,-0.254519
0.147975,0.015635,0.338723
0.139016,0.015635,-0.142099
-0.548015,0.012696,0.121535
-0.048868,-0.202084,-0.090633
-0.144718,-0.097398,0.169266
-0.101211,-0.097398,0.259586
-0.158186,-0.097398,0.034092
-0.123413,-0.097398,0.162593
-0.531526,0.010186,0.083762
0.077306,-0.102030,-0.277089
-0.077498,0.076365,0.035561
-0.167716,-0.001833,0.142717
-0.142983,0.010411,0.144329
-0.133494,0.034409,0.079946
-0.151166,0.026613,0.075599
-0.240282,-0.074175,0.499201
0.042676,0.009207,-0.135916
0.089163,0.009207,0.204365
0.071082,0.009207,0.015196
0.077592,0.009207,0.019420
0.087285,0.009207,-0.285047
0.084632,0.009207,-0.100041
0.061348,0.009207,0.074763
0.039473,0.009207,-0.176994
0.094734,0.009207,-0.445505
0.007108,0.009207,-0.463259
0.084551,0.009207,0.010012
0.085530,0.009207,-0.494461
0.051574,0.009207,-0.181933
0.045860,0.009207,-0.372755
0.033534,0.009207,-0.246459
0.092428,0.009207,-0.243316
0.332328,-0.124355,-0.058738
-0.394475,0.022063,0.380985
-0.573135,-0.020097,-0.017455
0.170381,-0.098847,0.242403
-0.257077,-0.087847,-0.464646
0.156648,-0.114172,0.462775
0.174095,-0.113029,0.472937
-0.340989,-0.018955,0.463203
0.074511,0.966095,-0.082715
-0.548341,-0.055483,-0.113244
0.012189,-0.002915,-0.559517
0.069429,-0.115560,0.472488
-0.245078,-0.109581,0.459571
-0.273341,-0.094051,-0.021944
0.187625,-0.097398,-0.090552
0.208542,-0.097398,-0.121447
0.217051,-0.097398,0.043112
0.252702,-0.148068,0.043949
0.043207,-0.224817,0.016094
0.233091,-0.149067,0.101251
0.038126,-0.187901,-0.135528
0.110610,-0.094051,-0.087205
0.112283,-0.094051,-0.162648
0.093856,-0.094051,-0.189789
0.121201,-0.094051,-0.106224
0.108284,-0.094051,0.079211
0.111794,-0.094051,0.000013
0.117283,0.011655,0.550197
-0.205407,0.009207,-0.097796
-0.196735,0.009207,-0.101714
-0.215896,0.009207,-0.109040
-0.188939,0.009207,0.206875
-0.208203,0.009207,0.294910
-0.209203,0.009207,-0.336636
-0.207958,0.009207,-0.213685
-0.144494,0.009207,0.460734
-0.156411,0.009207,0.397270
-0.191674,0.009207,-0.169383
-0.214713,0.009207,0.482100
-0.187960,0.009207,0.131534
-0.142657,0.009207,0.338519
-0.172226,0.009207,0.251586
-0.131719,0.009207,0.492365
-0.459164,0.015635,-0.118101
-0.450899,0.015635,0.255076
-0.443288,0.015635,0.248280
-0.419759,0.015635,0.245975
-0.428105,0.015635,0.113637
-0.009646,0.029613,-0.146160
0.048553,0.090303,-0.043963
0.037738,0.072182,-0.074471
-0.045317,-0.022771,-0.234398
0.045186,0.074977,-0.069757
0.257946,-0.017873,0.513853
0.290229,-0.125559,0.147390
0.261048,-0.127294,0.148104
-0.112965,-0.024505,-0.554762
-0.017442,0.015635,-0.357369
-0.084090,0.015635,-0.504603
-0.010850,0.015635,-0.135895
-0.077641,0.015635,-0.433812
-0.057377,0.015635,-0.164546
-0.031135,0.015635,0.206549
-0.014217,0.015635,0.326785
-0.016299,0.015635,-0.379571
-0.026584,0.015635,-0.423772
-0.063887,0.015635,-0.519255
-0.087110,0.015635,-0.516928
-0.004749,0.015635,-0.313413
-0.047929,0.015635,-0.327391
-0.008728,0.015635,-0.215420
-0.011748,0.015635,-0.072696
-0.043174,0.015635,0.068967
0.160443,-0.163515,0.147798
-0.004075,-0.121110,0.302052
0.013393,0.126912,0.009829
-0.008157,0.966095,0.067824
-0.170757,0.021961,0.046908
-0.149616,0.037449,0.031358
-0.223528,-0.014710,0.079048
-0.002096,-0.087439,-0.376265
-0.489652,-0.102418,-0.189320
-0.012034,0.757437,-0.005333
-0.168981,-0.101398,0.504384
-0.003708,0.991767,0.102067
0.073674,-0.127416,-0.281170
0.413363,-0.035117,-0.388346
0.019698,0.090894,0.012175
0.292638,0.022063,-0.448627
-0.285279,0.009207,0.180020
-0.233895,0.009207,0.060886
-0.258465,0.009207,0.394780
-0.221202,0.009207,-0.210073
-0.258567,0.009207,0.205120
-0.237119,0.009207,-0.233459
-0.241650,0.009207,0.063172
-0.243180,0.009207,0.403800
-0.245425,0.009207,0.226058
-0.264587,0.009207,0.003870
-0.240548,0.009207,0.189673
-0.273586,0.009207,0.354211
-0.259444,0.009207,0.070600
0.018372,0.009207,0.439246
0.044125,0.009207,-0.084511
0.032616,0.009207,0.258361
-0.000871,0.009207,0.475427
0.050859,0.009207,0.353926
-0.001300,0.009207,0.128922
0.001639,0.009207,0.355415
0.018331,0.009207,-0.028964
0.090632,0.009207,0.503221
0.028330,0.009207,-0.191299
0.045064,0.009207,-0.034678
0.070878,0.009207,0.259851
0.046248,0.009207,0.405555
0.027841,0.009207,-0.112346
0.079225,0.009207,0.352661
0.051308,0.009207,0.064437
0.003883,0.009207,0.384658
-0.560993,0.003329,-0.047698
0.067062,-0.104071,-0.253397
-0.083110,0.966095,0.043336
-0.029747,0.013186,0.561359
-0.247894,-0.094051,0.065131
0.199828,-0.145109,0.175694
-0.463939,-0.103397,-0.240275
-0.135861,-0.094051,0.199468
-0.128209,-0.094051,0.048622
0.462890,0.009207,0.254198
0.471359,0.009207,-0.119060
0.468216,0.009207,0.159185
0.466053,0.009207,0.195509
0.347287,-0.109336,-0.372021
-0.325419,-0.085317,0.168123
-0.292993,-0.125498,-0.137813
-0.318542,-0.123477,-0.150649
-0.547811,-0.073236,-0.039025
0.120732,-0.162393,-0.172525
-0.449410,-0.107275,0.269912
-0.279606,0.009207,-0.256907
-0.304278,0.009207,-0.311372
-0.263342,0.009207,0.083578
-0.228528,0.009207,-0.171382
-0.240486,0.009207,-0.123182
-0.254281,0.009207,-0.054024
-0.237466,0.009207,-0.390795
-0.249486,0.009207,-0.317719
-0.238997,0.009207,0.272381
-0.286197,0.009207,-0.385142
-0.233467,0.009207,-0.368082
-0.245078,0.009207,-0.378122
-0.281912,0.009207,-0.193340
-0.297278,0.009207,-0.248785
-0.058724,0.015635,-0.024699
-0.044583,0.015635,-0.173137
-0.054969,0.015635,-0.274089
-0.061806,0.015635,-0.082491
-0.041868,0.015635,-0.133630
-0.037134,0.015635,-0.160506
-0.077417,0.015635,-0.496460
-0.020237,0.015635,-0.193177
-0.038665,0.015635,-0.397345
-0.067989,0.015635,-0.279436
-0.003749,0.015635,0.511424
-0.014646,0.015635,-0.507092
-0.076560,0.015635,-0.191544
-0.097170,0.015635,-0.508113
-0.028543,0.015635,-0.138018
-0.055684,0.015635,-0.413467
0.410833,-0.102948,0.331193
0.032555,-0.124722,0.297930
-0.170696,0.011431,-0.522887
0.535416,-0.085093,-0.011374
0.166524,0.015635,0.334091
0.111508,0.015635,-0.059962
0.196787,0.015635,0.460122
0.136445,0.015635,-0.235827
0.113243,0.015635,0.383638
0.113181,0.015635,-0.425098
0.118508,0.015635,-0.088878
0.121140,0.015635,0.373781
0.121242,0.015635,-0.132446
0.197318,0.015635,0.489079
0.180176,0.015635,0.194938
0.139465,0.015635,-0.069329
0.117548,0.015635,0.519526
0.131200,0.015635,0.516424
0.110426,0.015635,-0.070594
0.202807,0.015635,0.412615
-0.017829,-0.197717,-0.112121
-0.188776,-0.109581,0.232180
0.264558,-0.100500,-0.448015
0.241131,-0.123294,-0.236827
0.330165,-0.118478,-0.238255
0.264027,-0.121335,-0.258764
-0.560667,-0.026362,-0.105877
-0.139575,0.009207,0.198101
-0.142371,0.009207,-0.020128
-0.137433,0.009207,-0.225174
-0.134739,0.009207,0.305215
-0.164390,0.009207,-0.209910
-0.130454,0.009207,0.107536
-0.125005,0.009207,-0.353614
-0.134984,0.009207,0.222221
-0.185939,0.009207,-0.347349
-0.121454,0.009207,0.262096
-0.119414,0.009207,0.303950
-0.146697,0.009207,-0.032311
-0.146330,0.009207,-0.099041
-0.145616,0.009207,0.178102
-0.154615,0.009207,-0.484053
0.276863,-0.121723,0.242730
-0.101089,0.966095,-0.049351
-0.336602,0.009207,0.182081
-0.346172,0.009207,0.046418
-0.338296,0.009207,0.255770
-0.367661,0.009207,0.160450
-0.321787,0.009207,-0.377612
-0.376191,0.009207,0.306582
-0.372273,0.009207,0.378801
0.361918,0.009207,0.355538
0.360224,0.009207,0.086150
0.380202,0.009207,0.080272
0.347572,0.009207,0.322255
0.331247,0.009207,0.413003
0.360939,0.009207,0.044296
0.364489,0.009207,0.063906
0.382672,0.009207,0.220201
-0.172247,0.002207,0.543483
-0.338500,-0.059094,-0.438240
0.412894,0.009207,-0.177137
0.427403,0.009207,0.034174
0.434117,0.009207,0.287951
0.417832,0.009207,0.197590
0.403058,0.009207,-0.275579
0.414159,0.009207,0.266463
0.426301,0.009207,0.251464
-0.108537,-0.081766,0.538280
0.000088,0.080569,-0.060350
-0.018891,0.083262,-0.055820
0.032718,0.062060,-0.091511
0.004353,0.088466,-0.047065
-0.010503,0.016022,-0.169056
-0.006585,-0.000303,-0.196544
-0.363396,-0.119049,0.209345
-0.326174,-0.121559,0.202080
0.142771,-0.105499,-0.248336
-0.131841,0.052346,0.022358
-0.286524,-0.083338,0.211487
-0.219835,-0.014771,0.096026
-0.252486,-0.055238,0.175755
-0.268729,-0.048238,0.124086
0.312738,0.009207,-0.300801
0.312228,0.009207,0.375965
0.292699,0.009207,0.341621
0.307983,0.009207,-0.244112
0.300188,0.009207,-0.136161
0.250722,0.009207,0.464224
0.303820,0.009207,0.397780
0.292168,0.009207,0.182632
0.306943,0.009207,-0.175015
0.268272,0.009207,0.451429
0.247947,0.009207,0.275870
0.290046,0.009207,-0.080858
0.039615,0.966095,0.001074
-0.405842,-0.081685,0.369190
0.032085,-0.200268,0.115433
0.137567,0.022063,0.527811
0.049043,0.093976,0.004380
0.098346,-0.109009,0.254443
0.496459,0.006227,-0.247601
0.001883,0.210763,-0.008211
-0.301176,-0.112193,0.415819
-0.253322,0.009207,0.248260
-0.290932,0.009207,0.024195
-0.304625,0.009207,-0.166281
-0.313787,0.009207,-0.005701
-0.294442,0.009207,0.411166
-0.309849,0.009207,0.354640
-0.293421,0.009207,0.240322
-0.273606,0.009207,0.404534
-0.261832,0.009207,0.216548
-0.299196,0.009207,0.147921
-0.310257,0.009207,0.364925
0.245600,-0.120743,0.162062
-0.090273,-0.120621,-0.375653
-0.174144,-0.117600,-0.382693
-0.143085,-0.118743,-0.379530
-0.086477,0.991767,0.088721
0.240519,0.004778,0.510241
-0.133433,0.973278,0.017624
-0.372660,0.015635,0.099026
-0.367008,0.015635,0.252668
-0.353050,0.015635,0.257729
-0.398352,0.015635,-0.110897
-0.375497,0.015635,0.329928
-0.390700,0.015635,0.238649
-0.399107,0.015635,0.278523
-0.382680,0.015635,-0.076634
0.126548,0.009778,-0.536009
-0.455593,0.012227,-0.314678
-0.169634,0.019532,0.529852
0.106100,-0.119437,-0.386448
0.112651,-0.118723,-0.396305
0.217357,-0.114723,-0.409202
0.233152,-0.115601,-0.381836
0.532416,-0.088664,-0.049677
-0.304604,-0.125090,-0.128610
-0.449042,-0.113744,-0.194401
-0.442104,-0.115641,-0.133916
-0.193490,-0.125049,-0.258539
-0.170512,-0.123906,-0.282333
-0.278830,0.009207,0.273605
-0.272096,0.009207,0.440858
-0.233283,0.009207,-0.121549
-0.285585,0.009207,0.346885
-0.293095,0.009207,0.307684
-0.253853,0.009207,0.031745
-0.249425,0.009207,-0.115754
-0.228712,0.009207,0.309154
-0.280708,0.009207,0.121025
-0.251016,0.009207,-0.146119
-0.236772,0.009207,-0.032189
-0.229242,0.009207,0.095190
-0.276729,0.009207,0.262749
0.484236,0.009207,-0.138466
0.471747,0.009207,0.183020
0.481889,0.009207,-0.110183
0.469216,0.009207,-0.187932
0.300004,-0.125722,-0.099510
-0.061255,-0.094051,0.028909
-0.054663,-0.094051,0.138697
-0.051378,-0.094051,0.062845
-0.523792,-0.083011,0.145982
0.048288,0.009207,0.181551
-0.002239,0.009207,-0.080920
0.028718,0.009207,0.023154
0.020800,0.009207,0.385291
0.017352,0.009207,0.135044
0.002781,0.009207,0.239934
0.017352,0.009207,-0.339982
0.007434,0.009207,0.003952
-0.001667,0.009207,0.291502
0.075164,0.009207,0.521077
0.039228,0.009207,0.446348
0.034983,0.009207,0.479631
0.045084,0.009207,0.028052
0.029881,0.009207,0.052438
0.014372,0.009207,0.284829
0.096713,0.986134,-0.083266
0.191910,0.009207,0.275360
0.154913,0.009207,0.185530
0.122344,0.009207,0.429002
0.156015,0.009207,0.087639
0.142567,0.009207,0.142452
0.189441,0.009207,0.371251
0.147301,0.009207,0.482794
0.168279,0.009207,0.113025
0.113957,0.009207,0.131575
0.202644,0.009207,0.433144
0.144975,0.009207,-0.061758
0.111467,0.009207,-0.372694
0.156790,0.009207,0.408310
0.123976,0.009207,0.246117
0.113304,0.009207,0.288033
0.284454,-0.104071,-0.023434
0.297351,-0.022567,-0.475217
-0.342846,-0.112948,-0.358001
-0.273831,-0.116213,-0.351430
-0.235956,-0.118539,-0.335921
-0.219508,-0.120804,-0.299822
-0.053725,-0.094051,0.004421
-0.051215,-0.094051,-0.100694
0.270680,-0.112540,0.429512
0.363551,0.009207,-0.116244
0.347042,0.009207,-0.381020
0.338552,0.009207,-0.019945
0.341552,0.009207,-0.324024
0.317248,0.009207,-0.232378
0.334696,0.009207,-0.313923
0.352082,0.009207,-0.283068
0.314003,0.009207,-0.033617
0.306392,-0.126334,0.060968
0.130894,-0.094051,-0.068125
0.113671,-0.094051,0.091517
0.473257,-0.083154,0.263953
-0.525935,-0.093337,-0.086980
-0.156166,-0.094051,-0.038821
-0.138494,-0.094051,-0.130732
-0.150779,-0.094051,0.018583
0.006597,0.971095,-0.006068
0.068613,0.966095,-0.022740
0.159627,-0.102316,-0.490910
0.273414,-0.112111,-0.417242
-0.270239,-0.126028,0.173123
-0.412066,-0.010874,-0.385101
-0.017911,0.736133,0.007359
-0.122332,0.020920,0.136717
-0.244935,0.015635,0.379944
-0.233120,0.015635,0.443246
-0.302951,0.015635,0.008523
-0.302196,0.015635,0.197835
-0.303400,0.015635,0.418594
-0.285912,0.015635,0.411085
-0.259301,0.015635,0.419921
-0.307788,0.015635,-0.262988
-0.284055,0.015635,0.105148
-0.307604,0.015635,-0.101020
-0.282667,0.015635,0.048173
0.494459,0.022063,-0.200319
-0.436758,0.009207,0.054111
-0.449675,0.009207,0.212650
-0.421555,0.009207,-0.119427
-0.405862,0.009207,-0.094470
-0.410841,0.009207,0.155185
0.005495,0.854961,0.020726
-0.280769,-0.111764,-0.082491
0.464727,-0.080011,-0.270171
0.093979,0.990501,0.100373
-0.096068,0.991767,0.012584
0.092367,-0.094051,0.206202
-0.167145,-0.115417,0.442225
-0.001402,0.956218,0.022746
0.508540,-0.087480,-0.162975
-0.465000,0.009207,-0.124284
-0.452308,0.009207,-0.188973
-0.428656,0.009207,-0.164465
-0.456919,0.009207,-0.066553
0.242927,-0.126641,0.193142
0.138567,-0.168229,-0.136099
0.168014,-0.147782,-0.184116
0.372856,-0.085848,-0.378306
-0.054112,-0.149088,-0.240602
0.485133,0.015635,-0.181973
0.504704,0.015635,0.013277
-0.003871,0.991767,-0.001273
0.198359,0.009207,-0.183157
0.174483,0.009207,0.086027
0.212766,0.009207,-0.013353
0.153933,0.009207,-0.319678
0.211480,0.009207,-0.100020
0.166259,0.009207,-0.446729
0.215072,0.009207,-0.203360
0.134894,0.009207,-0.459361
0.168830,0.009207,0.002421
0.187666,0.009207,-0.223440
0.019066,0.104812,0.004747
-0.162615,-0.015098,-0.539274
-0.529996,0.009207,-0.027862
-0.093436,-0.094051,-0.246724
-0.108312,-0.094051,-0.088470
-0.120842,-0.094051,0.232180
0.495133,-0.112886,-0.045188
0.396160,-0.120090,-0.032740
0.456932,-0.115274,-0.089429
0.483787,-0.113846,-0.026842
0.060614,0.009207,-0.416507
0.054573,0.009207,-0.238357
0.093795,0.009207,0.131922
0.030534,0.009207,-0.457851
0.053165,0.009207,-0.282497
0.081796,0.009207,0.073049
0.018270,0.009207,-0.482421
0.063267,0.009207,-0.441648
0.024759,0.009207,-0.333003
0.106549,0.009207,-0.142752
0.016780,0.009207,-0.504174
0.105386,0.009207,-0.293598
0.065715,0.009207,-0.383714
0.038901,0.009207,-0.266151
0.096815,0.009207,0.190305
0.060287,0.009207,-0.483033
-0.030094,-0.231633,0.010523
-0.088375,-0.113152,-0.484318
0.264333,-0.112437,0.046622
0.045778,-0.008955,0.572481
-0.287524,-0.114539,0.388760
-0.233140,-0.074114,-0.488971
-0.232018,-0.097398,-0.056962
0.177258,-0.123477,-0.282191
0.472237,0.022063,0.257994
0.041574,0.090609,-0.003681
0.004149,-0.183269,0.166980
0.151709,-0.110315,-0.244255
-0.242915,-0.104071,0.165960
0.250110,-0.092439,0.475958
0.094877,0.991767,0.010645
0.135996,0.009207,0.345620
0.197522,0.009207,0.078313
0.182768,0.009207,0.232629
0.171932,0.009207,-0.017149
0.197849,0.009207,0.416513
0.181421,0.009207,-0.048289
0.190461,0.009207,-0.027944
0.207725,0.009207,0.145941
0.206052,0.009207,-0.157628
0.212092,0.009207,-0.122366
0.202930,0.009207,-0.107714
0.213603,0.009207,0.451286
0.198849,0.009207,0.002441
0.185890,0.009207,0.313072
0.380856,0.015635,-0.257968
0.380529,0.015635,0.211161
0.345736,0.015635,-0.227582
0.332002,0.015635,-0.337166
0.387569,0.015635,0.221527
0.383753,0.015635,-0.307719
0.342185,0.015635,-0.377735
0.394956,0.015635,-0.004946
0.005985,-0.209083,0.095720
0.254416,-0.094051,-0.073145
0.556965,-0.016138,0.100251
0.426444,-0.029423,0.386576
0.005965,0.093976,-0.001232
-0.009605,-0.114417,0.275564
-0.270096,-0.104071,0.116331
0.281740,-0.117396,0.325561
0.324554,-0.113560,0.371373
0.258252,-0.117213,0.353497
0.308330,-0.113764,0.382760
-0.104558,-0.111968,-0.489747
0.152342,0.013757,0.108964
0.092571,0.057876,0.063968
0.197216,-0.027281,0.169511
0.034146,0.085017,0.073702
-0.440084,0.015635,-0.138344
-0.464062,0.015635,-0.257417
-0.430126,0.015635,-0.117509
-0.453267,0.015635,-0.194034
-0.426371,0.015635,-0.124468
-0.432411,0.015635,-0.002028
0.231601,-0.114152,0.425390
0.222786,-0.115560,0.403045
0.089489,-0.121478,0.370312
-0.527343,0.009207,-0.035943
-0.531812,-0.064972,-0.154955
0.051859,-0.187085,-0.132059
0.505683,0.010655,-0.226093
0.555985,-0.001976,-0.093409
-0.531424,-0.096908,0.024399
0.422301,-0.115927,0.179735
0.478318,-0.113172,0.135717
0.372897,-0.120396,0.132411
0.433729,-0.115723,0.155491
0.005924,0.991767,-0.094306
0.556414,-0.010567,-0.098347
0.465441,0.009207,-0.245316
0.507642,0.009207,-0.084368
-0.127495,0.015635,-0.190177
-0.132515,0.015635,0.053111
-0.135882,0.015635,-0.428710
-0.152697,0.015635,-0.504113
-0.180593,0.015635,-0.463463
-0.133168,0.015635,-0.245826
-0.199347,0.015635,-0.308250
-0.124577,0.015635,-0.329677
-0.140555,0.015635,0.139207
-0.113965,0.015635,-0.124468
-0.144575,0.015635,0.061335
-0.156982,0.015635,-0.184361
-0.187307,0.015635,-0.262335
-0.139453,0.015635,0.188081
-0.121434,0.015635,0.199345
-0.146412,0.015635,-0.472034
-0.004810,0.806576,-0.008578
0.157015,-0.010486,-0.537906
0.231764,-0.104071,0.163899
-0.176185,-0.094051,0.056642
-0.166859,-0.094051,-0.052636
0.531987,-0.089827,0.029011
0.326615,0.013696,0.453510
-0.173328,-0.146864,-0.186728
0.159545,0.022063,-0.503501
-0.017319,0.554881,0.002095
-0.202285,-0.106193,0.486018
-0.270627,0.007554,-0.483890
-0.341071,-0.024709,-0.454627
-0.435125,-0.104601,-0.287129
-0.017911,0.918956,0.007829
-0.488978,-0.113193,0.115270
-0.494488,-0.113458,0.035133
-0.461817,-0.115233,0.105413
0.561618,-0.017771,-0.042616
0.407507,0.009207,-0.260294
0.404629,0.009207,-0.218603
0.419240,0.009207,0.149084
0.420669,0.009207,-0.175831
0.432280,0.009207,-0.017210
0.419159,0.009207,-0.041310
0.384223,0.000268,-0.402202
-0.084355,-0.094051,0.091476
-0.114108,-0.094051,0.172674
-0.091334,-0.094051,0.158267
0.015699,0.090894,-0.026883
0.225030,-0.126722,0.212079
0.299066,0.009207,-0.409120
0.259007,0.009207,-0.070308
0.280965,0.009207,-0.370551
0.270517,0.009207,-0.255682
0.273782,0.009207,-0.065451
0.235540,0.009207,-0.210257
0.216011,0.009207,0.333458
0.232805,0.009207,0.100108
0.223255,0.009207,-0.428914
0.246355,0.009207,-0.432322
0.247478,0.009207,-0.417956
-0.006891,0.329795,-0.008109
0.406792,-0.047810,0.397555
-0.500753,0.020777,-0.220624
-0.011034,0.567920,-0.006129
0.346368,0.020512,-0.416915
-0.327786,0.009207,-0.368205
-0.319032,0.009207,-0.399713
-0.323276,0.009207,-0.233664
-0.345560,0.009207,-0.087103
-0.324072,0.009207,0.143247
-0.327500,0.009207,0.264177
-0.362192,0.009207,-0.321718
-0.340581,0.009207,-0.140589
-0.350764,0.009207,-0.137507
-0.328684,0.009207,-0.093776
0.227295,-0.008139,0.524423
-0.386516,0.009207,-0.355695
-0.379599,0.009207,-0.027883
-0.356804,0.009207,-0.331513
-0.348254,0.009207,-0.193626
-0.367253,0.009207,-0.004946
-0.387598,0.009207,0.212426
-0.349764,0.009207,-0.168056
0.495745,-0.039586,0.286502
0.091061,-0.071379,0.547626
-0.420759,0.013859,-0.356859
0.253742,-0.034545,-0.507276
0.012699,0.476641,0.011931
-0.146085,-0.094051,0.112352
-0.138678,-0.094051,0.016828
-0.128638,-0.094051,-0.123304
-0.482734,-0.018995,0.316418
0.023923,-0.046912,-0.280232
-0.002137,-0.059503,-0.301454
0.009107,-0.072114,-0.322677
-0.009381,-0.035811,-0.261559
0.041166,-0.015016,-0.226501
-0.250975,-0.123967,0.107475
0.050676,0.009207,-0.046371
0.028228,0.009207,-0.257968
0.072593,0.009207,-0.158812
0.029820,0.009207,-0.437975
0.101284,0.009207,-0.236112
0.095734,0.009207,-0.426813
0.097856,0.009207,0.161634
0.078102,0.009207,-0.332534
0.017148,0.009207,-0.517398
0.028881,0.009207,-0.376041
0.038575,0.009207,-0.303822
0.037044,0.009207,-0.253274
0.103815,0.009207,0.105822
0.075470,0.009207,-0.038678
0.052880,0.009207,-0.161179
-0.223202,-0.094051,-0.169423
-0.213590,-0.110621,0.171858
-0.001708,0.001248,-0.558293
-0.009463,-0.098398,-0.287129
0.258171,0.015635,0.382658
0.234866,0.015635,0.068947
0.268292,0.015635,0.192244
0.223010,0.015635,0.180490
0.251008,0.015635,0.181714
0.218092,0.015635,-0.459504
0.223683,0.015635,-0.274354
0.236846,0.015635,-0.145752
0.280781,0.015635,0.213773
0.220643,0.015635,0.330070
0.217031,0.015635,0.083925
0.278128,0.015635,0.409350
0.266946,0.015635,0.135105
0.281638,-0.080726,-0.453627
-0.481652,0.009207,0.070947
-0.492284,0.009207,0.077538
-0.473143,0.009207,0.210222
-0.482346,0.009207,0.194631
0.547333,0.012431,-0.079920
0.534293,-0.003160,-0.168750
0.260109,-0.094031,0.468815
-0.301462,0.009207,0.069314
-0.298135,0.009207,0.058845
-0.292829,0.009207,-0.321004
-0.300278,0.009207,0.211140
-0.264077,0.009207,-0.204013
-0.230854,0.009207,-0.473197
-0.253098,0.009207,-0.429914
-0.300135,0.009207,0.256586
-0.290870,0.009207,0.111107
-0.238629,0.009207,-0.464096
0.105651,0.981972,-0.069716
-0.467633,-0.114845,0.100577
-0.426187,-0.118172,0.056682
-0.484713,-0.114009,0.052744
0.561516,-0.027158,-0.088531
0.049390,-0.097398,0.266626
0.011597,-0.097398,0.250954
0.020433,-0.097398,-0.113897
0.019596,-0.097398,0.215487
0.007210,-0.097398,-0.145282
0.008026,-0.097398,0.083884
0.027126,-0.097398,0.060172
-0.479448,0.009207,-0.080716
-0.469592,0.009207,-0.194422
-0.488917,0.009207,-0.173648
0.099121,-0.201309,-0.038984
0.136404,-0.005445,0.557156
0.001802,0.093976,0.055193
0.240356,-0.057993,0.509914
-0.047460,0.966095,-0.072226
0.111508,-0.200043,-0.006823
0.149117,-0.186208,-0.003681
0.226051,-0.157924,0.012808
-0.271076,-0.094051,-0.081185
-0.531587,0.015635,0.057254
-0.213141,0.014329,0.520587
-0.267831,-0.064910,0.491528
0.083082,-0.193472,0.107005
-0.452838,0.022063,0.313643
0.054818,-0.080950,-0.530805
-0.126638,-0.182922,-0.095980
0.505438,-0.111540,-0.037841
0.032391,-0.229143,0.009625
0.192910,-0.170107,-0.003619
0.002598,0.017002,-0.546559
-0.432758,0.006044,0.363619
0.097121,-0.097398,0.231649
0.102937,-0.097398,-0.118284
0.097774,-0.097398,-0.024924
0.122752,-0.097398,0.232425
0.092469,-0.097398,0.130371
0.145138,-0.097398,0.242709
0.307881,0.008819,-0.458545
0.226295,-0.094051,0.087945
0.242560,-0.094051,0.035174
-0.539362,-0.062074,-0.130977
0.004169,0.488783,0.021481
0.207664,-0.126498,0.230547
0.400262,-0.116029,0.222078
0.493051,0.002064,0.272952
0.308045,-0.126416,0.020767
0.167055,-0.176555,-0.046800
0.236356,-0.147700,-0.089593
0.253804,-0.146313,-0.043412
-0.169492,-0.114519,-0.441016
0.256661,0.015635,-0.448158
0.275557,0.015635,-0.441913
0.288638,0.015635,0.069151
0.276537,0.015635,0.018522
0.253763,0.015635,-0.142997
0.300188,0.015635,0.086741
0.293903,0.015635,0.029113
0.302841,0.015635,-0.341696
0.245376,0.015635,-0.235684
0.238560,0.015635,-0.344941
0.257069,0.015635,-0.252274
0.248559,0.015635,-0.420629
0.397507,-0.032586,-0.405161
-0.230201,-0.094051,0.039337
0.534191,-0.077848,-0.082022
-0.268872,-0.097398,-0.092286
-0.212101,0.009207,-0.158322
-0.179858,0.009207,0.114943
-0.172389,0.009207,0.230465
-0.160492,0.009207,0.426982
-0.161186,0.009207,0.166980
-0.184286,0.009207,0.468428
-0.170145,0.009207,0.063661
-0.193388,0.009207,0.102475
-0.150065,0.009207,0.190509
-0.180940,0.009207,0.276380
-0.179430,0.009207,-0.023128
-0.176736,0.009207,0.265300
-0.164451,0.009207,0.488691
-0.202367,0.009207,0.000768
-0.199979,0.009207,0.316459
0.387018,-0.117621,-0.188381
0.143853,-0.121906,-0.324065
0.505112,0.022063,0.191244
0.472012,-0.073359,-0.267661
-0.180307,-0.094051,0.075497
-0.174879,-0.094051,-0.136528
0.082245,0.991767,0.053417
-0.169696,-0.116294,0.424961
-0.085886,-0.120967,0.385454
-0.233711,-0.112825,0.453082
-0.535036,0.010104,0.169552
0.041534,0.966095,-0.023577
0.245865,-0.109091,-0.444750
-0.420351,0.015635,-0.080328
-0.405964,0.015635,-0.304148
-0.433207,0.015635,-0.184341
-0.410882,0.015635,-0.193422
-0.408576,0.015635,0.028297
-0.435962,0.015635,-0.147976
-0.508548,-0.077399,0.204957
-0.063295,0.991767,-0.059187
-0.121781,-0.101500,0.272646
-0.295890,0.011206,0.480957
0.047758,-0.094051,-0.014027
0.051186,-0.094051,0.140615
0.070103,-0.094051,-0.161179
0.057879,-0.097398,-0.223236
0.077694,-0.097398,-0.059738
0.075674,-0.097398,0.097822
0.025902,-0.097398,-0.154731
0.045227,-0.097398,-0.243377
0.051247,-0.097398,-0.135793
-0.100150,-0.029035,-0.558293
0.492970,0.015635,0.105985
0.466359,0.015635,0.026460
0.470992,0.015635,0.205182
-0.475673,0.009370,0.255709
-0.014911,0.472132,-0.002905
-0.027727,-0.133456,-0.259172
0.340042,-0.123049,0.111474
-0.343316,-0.110621,0.387556
-0.177981,-0.097398,-0.081797
-0.198265,-0.097398,-0.103041
-0.165982,-0.097398,-0.191728
-0.212856,-0.097398,-0.127610
-0.314338,-0.100296,-0.418262
-0.019972,0.093976,0.041459
-0.039746,0.093976,-0.015394
0.063593,0.022063,-0.530519
-0.083131,-0.155863,0.227058
0.387712,-0.066012,-0.384693
0.225234,-0.123110,-0.264518
0.488276,-0.110030,-0.148037
0.319411,-0.108417,-0.398427
0.270231,-0.104071,-0.016884
-0.348764,-0.122988,-0.087307
-0.286687,-0.127334,-0.079491
0.302841,-0.125232,0.129106
-0.474143,0.009207,-0.225664
0.091673,-0.095378,0.530178
-0.234834,-0.104071,0.183326
0.018943,0.959565,0.039031
-0.358090,0.015635,-0.039168
-0.328133,0.015635,0.083048
-0.343112,0.015635,-0.064574
-0.335765,0.015635,0.212344
-0.347723,0.015635,0.119923
-0.322950,0.015635,0.279911
-0.333357,0.015635,0.143084
-0.392434,0.015635,-0.351308
-0.321236,0.015635,-0.299822
-0.332112,0.015635,-0.262845
0.182421,-0.094051,0.090700
0.194298,-0.094051,0.011074
0.164667,-0.094051,0.225956
-0.187266,0.009207,-0.367694
-0.135943,0.009207,-0.328269
-0.131678,0.009207,-0.485931
-0.207632,0.009207,0.112678
-0.201224,0.009207,-0.258866
-0.184021,0.009207,-0.378469
-0.204489,0.009207,-0.268253
-0.169492,0.009207,-0.230480
-0.216509,0.009207,-0.232868
-0.201326,0.009207,-0.028597
-0.150187,0.009207,-0.207074
-0.182593,0.009207,-0.170097
-0.196367,0.009207,0.183224
0.121466,-0.097398,-0.131712
0.102039,-0.097398,-0.157526
0.141445,-0.097398,-0.063717
0.122568,-0.097398,0.012053
0.154729,-0.097398,0.038194
0.140343,-0.097398,-0.156690
-0.451042,-0.115254,0.138840
-0.472816,-0.113703,0.141717
-0.427942,-0.116478,0.153267
0.043207,0.991767,-0.060044
0.018433,-0.171841,0.196325
0.552006,0.008186,0.073987
-0.555810,0.015308,0.020501
-0.514466,-0.074706,-0.182320
-0.041256,0.010574,-0.183402
0.002781,0.031307,-0.148486
0.039717,0.067366,-0.087756
-0.006626,0.027838,-0.154343
-0.017319,0.007084,-0.189299
0.051410,-0.120110,0.413738
0.037452,-0.121314,0.400637
0.245233,-0.127049,-0.164954
0.097489,0.966095,0.047703
0.453095,0.007472,-0.321371
0.503969,-0.106193,0.121412
-0.031053,0.002289,-0.554028
0.178075,-0.149047,0.184673
0.057614,0.093976,0.001115
0.031412,0.090282,-0.023210
-0.334398,-0.114641,0.340906
-0.348356,-0.113560,0.351926
-0.331378,-0.115764,0.318153
-0.221161,-0.120151,0.327030
0.010658,0.168501,0.016134
0.505826,-0.075216,-0.190952
-0.462858,0.009207,0.150553
-0.464082,0.009207,0.240812
-0.441635,0.009207,0.018644
-0.444880,0.009207,0.187754
-0.428513,0.009207,0.303297
-0.056459,0.991767,-0.012884
-0.232018,0.022063,-0.484482
0.067715,-0.094051,0.029807
0.078368,-0.094051,-0.044963
0.074531,-0.094051,-0.187626
0.569433,-0.031994,-0.013374
-0.511915,-0.043545,-0.245867
0.263007,0.015635,-0.441567
0.290536,0.015635,0.039622
0.264619,0.015635,-0.076165
0.277496,0.015635,-0.161526
0.275190,0.015635,-0.359654
0.311126,0.015635,-0.195605
0.283536,0.015635,-0.249724
0.301678,0.015635,-0.227419
0.264823,0.015635,-0.126325
0.266252,0.015635,-0.085879
0.308351,0.015635,0.102352
0.043044,-0.124722,-0.282660
0.397691,-0.115152,0.242771
0.206787,-0.124620,0.265851
0.332492,-0.117764,0.269299
0.339859,-0.117825,0.255566
0.001761,0.406279,-0.008252
0.304024,-0.126702,-0.021149
0.285067,-0.008262,-0.477197
0.458523,0.009207,-0.185973
0.451075,0.009207,0.062376
0.447606,0.009207,-0.082777
0.450075,0.009207,0.028786
0.020658,-0.097398,0.119678
0.048309,-0.097398,0.233812
0.014515,-0.097398,0.081456
0.073388,-0.097398,0.257790
-0.001361,-0.097398,-0.141017
0.062532,-0.097398,0.202100
0.003332,-0.097398,-0.095102
0.301412,-0.064666,-0.455219
-0.424677,-0.118559,0.014992
-0.441778,-0.117356,0.014522
-0.321052,-0.125824,0.009706
-0.107680,-0.122233,-0.330636
-0.152105,-0.119866,-0.350634
-0.057235,-0.124130,-0.324983
-0.016483,0.692483,0.013441
-0.007932,0.991767,-0.033148
-0.115945,-0.097398,0.195223
-0.147861,-0.097398,0.182489
-0.148779,-0.097398,-0.089266
-0.138351,-0.097398,0.193121
-0.121291,-0.097398,0.258443
0.395446,-0.021383,0.415023
0.285148,-0.104071,0.022358
0.372019,-0.121641,-0.055656
0.358245,-0.122682,-0.047453
0.424771,-0.117662,-0.079063
-0.061581,0.966095,0.102863
-0.106802,-0.095153,-0.515398
-0.345417,0.022063,-0.406283
0.059063,-0.116376,0.464448
0.461197,0.009207,0.056866
0.419200,0.009207,-0.288884
0.437647,0.009207,-0.240561
0.435566,0.009207,-0.229092
-0.378395,0.015635,0.194182
-0.381313,0.015635,-0.157139
-0.364069,0.015635,0.222629
-0.338683,0.015635,0.381128
-0.369681,0.015635,0.005380
-0.383068,0.015635,-0.065717
-0.366191,0.015635,0.235649
-0.347070,0.015635,0.363558
-0.406270,0.006574,-0.380918
-0.099089,0.009207,0.491140
-0.067907,0.009207,0.259259
-0.083845,0.009207,0.191958
-0.028114,0.009207,0.432083
-0.100884,0.009207,-0.122713
-0.110496,0.009207,-0.078757
-0.049807,0.009207,0.503262
-0.047684,0.009207,0.380556
-0.061112,0.009207,0.208345
-0.113373,0.009207,-0.135732
-0.113149,0.009207,0.018726
-0.056459,0.009207,0.062743
-0.076090,0.009207,0.226996
0.553700,-0.059850,-0.011455
0.232030,-0.045198,0.169572
0.056553,0.092364,0.010176
0.071756,0.078161,0.031623
0.199665,-0.030750,0.177000
0.183033,-0.006425,0.123820
0.243090,-0.054646,0.182265
-0.380803,-0.118825,0.187856
0.146301,-0.165189,-0.140344
-0.075560,0.007492,-0.545192
-0.222018,-0.116560,0.386678
-0.051378,-0.125130,0.321255
0.005312,0.079589,0.000625
0.075796,-0.158210,0.221344
0.032861,-0.206247,0.097230
-0.033624,-0.163903,0.216548
-0.038583,-0.186289,0.154308
-0.250282,0.009207,-0.399264
-0.252200,0.009207,-0.448015
-0.314909,0.009207,-0.232378
-0.305686,0.009207,-0.429976
-0.311930,0.009207,0.022236
-0.302114,0.009207,0.090659
-0.265974,0.009207,-0.378102
-0.264301,0.009207,-0.067513
-0.310951,0.009207,-0.221277
-0.312073,0.009207,-0.013312
-0.269137,0.009207,-0.055187
0.157688,-0.148272,-0.191340
-0.363947,0.015676,0.426431
0.525355,-0.066788,0.171470
0.223439,-0.097398,-0.052493
0.239294,-0.097398,0.149655
-0.285320,-0.069951,-0.463055
-0.094150,-0.120927,-0.272599
-0.394944,0.009207,-0.343472
-0.366293,0.009207,-0.183810
-0.319215,0.009207,-0.210482
-0.378558,0.009207,-0.229582
-0.360763,0.009207,-0.070900
-0.366232,0.009207,-0.045779
-0.348295,0.009207,0.090925
0.000088,0.111138,-0.013374
0.357939,-0.006507,-0.432465
-0.265199,-0.117947,-0.045290
-0.550790,0.012247,0.104883
0.127650,-0.151210,0.218630
0.440504,0.015635,0.071702
0.405139,0.015635,-0.222317
0.400548,0.015635,0.168021
0.401915,0.015635,0.278013
0.415486,0.015635,-0.042535
0.400732,0.015635,0.234669
-0.476734,-0.080011,-0.257029
0.268782,-0.100785,-0.104326
0.281863,-0.097398,-0.037147
-0.516854,-0.000385,-0.226256
0.288495,0.009207,-0.293231
0.275414,0.009207,-0.314923
0.217827,0.009207,-0.381938
0.290597,0.009207,-0.278232
0.272537,0.009207,-0.169097
0.257681,0.009207,-0.391387
0.251375,0.009207,0.154491
0.260089,0.009207,-0.083164
0.269619,0.009207,-0.188748
0.234785,0.009207,0.240057
0.248865,0.009207,-0.147262
0.222418,0.009207,-0.145017
0.267619,0.009207,0.005115
0.017229,0.007431,-0.188728
-0.014626,-0.075991,-0.329208
0.044391,0.038531,-0.136344
-0.008871,-0.052544,-0.289721
0.322982,-0.071196,-0.436485
0.043309,-0.182269,0.164021
0.058859,-0.162046,0.217385
0.177891,-0.121784,-0.314596
0.326615,-0.112825,-0.372674
0.249028,-0.118396,-0.321555
0.372570,-0.113274,-0.316004
0.284414,-0.097030,0.057254
0.472910,-0.114213,0.091884
0.363530,-0.122518,0.036337
-0.053704,-0.097398,-0.129671
-0.009320,-0.097398,0.108495
-0.032685,-0.097398,0.075824
-0.013177,-0.097398,-0.151996
-0.012809,-0.097398,0.141799
-0.018666,-0.097398,-0.025169
-0.031828,-0.097398,-0.019781
-0.165206,-0.094051,0.205610
-0.017911,0.144605,0.008319
0.461176,-0.102601,-0.238928
-0.547974,-0.028342,-0.160771
-0.054031,-0.115641,0.475713
-0.004932,0.552718,-0.008558
-0.018217,0.966095,0.070212
0.113692,-0.122722,0.334274
-0.244078,0.012757,-0.469728
0.314248,-0.082991,0.154451
0.289434,-0.063421,0.131514
0.277720,-0.061564,0.145513
0.163606,0.025267,0.050724
0.247457,-0.051503,0.164144
-0.409596,-0.118559,-0.102530
0.234356,-0.094051,0.123657
0.235172,-0.094051,0.048969
0.378039,-0.121498,-0.012435
0.334145,-0.124579,-0.000579
0.176626,-0.113988,-0.444709
0.122426,-0.114070,-0.462504
-0.567524,-0.047850,0.019012
0.003006,-0.204614,-0.094735
-0.207856,-0.104071,0.199794
0.210725,-0.054605,0.524893
0.226500,-0.115294,-0.178015
-0.472877,0.009207,0.038133
-0.505487,0.009207,-0.172770
-0.472367,0.009207,0.140064
-0.037012,0.966095,-0.033964
0.010515,0.290227,-0.002660
0.266129,-0.098194,0.127085
-0.522853,-0.000446,0.229098
0.023555,0.991767,-0.032331
0.421301,0.015635,-0.249132
0.441667,0.015635,-0.257621
0.438933,0.015635,0.044744
0.397732,0.015635,-0.347492
0.446055,0.015635,0.106515
0.012495,0.629344,0.012339
0.204828,0.009207,-0.202707
0.144240,0.009207,0.400371
0.209031,0.009207,-0.391550
0.181625,0.009207,0.133779
0.166239,0.009207,0.129779
0.211358,0.009207,0.200794
0.155709,0.009207,0.204569
0.211562,0.009207,0.172409
0.194135,0.009207,0.172470
0.194237,0.009207,0.143268
0.187523,0.009207,0.330948
0.205603,0.009207,-0.039800
0.206419,0.009207,0.261035
0.205664,0.009207,-0.188095
-0.298707,-0.053177,0.482977
0.250681,-0.129273,0.093088
-0.316134,0.022063,-0.428384
-0.220039,-0.123947,0.272381
-0.403148,-0.113233,0.298318
-0.250690,-0.122804,0.257321
-0.449267,-0.113050,0.230200
-0.259179,-0.136721,0.079497
0.064552,-0.061074,0.558176
0.416690,-0.118253,0.092353
0.355959,-0.122927,0.052621
0.407201,-0.119457,0.027215
0.087163,-0.104071,0.276789
-0.183144,-0.125151,0.275768
-0.157737,-0.126049,0.277054
0.327717,0.009207,-0.412650
0.366816,0.009207,0.047989
0.387569,0.009207,0.166082
0.386651,0.009207,-0.023455
0.332492,0.009207,-0.340370
0.389120,0.009207,0.036847
0.378264,0.009207,-0.308352
0.391324,0.009207,-0.159383
0.345736,0.009207,-0.192075
0.053023,-0.170107,-0.182300
-0.248180,0.015635,0.138350
-0.245160,0.015635,0.124494
-0.223896,0.015635,-0.195177
-0.266872,0.015635,0.016134
-0.234385,0.015635,0.363762
-0.246670,0.015635,-0.183749
-0.232507,0.015635,0.054213
-0.230589,0.015635,-0.309944
-0.253506,0.015635,0.047193
-0.241854,0.015635,-0.355777
-0.229834,0.015635,0.218834
-0.235160,0.015635,-0.399427
0.093367,-0.097398,0.172021
0.083286,-0.097398,0.081721
0.086694,-0.097398,0.212548
0.125976,-0.097398,0.181428
0.136465,-0.097398,0.182816
0.109998,-0.097398,0.106781
0.251294,-0.003323,-0.498317
0.410670,-0.008812,-0.377082
0.346919,-0.123682,0.037459
0.041452,-0.115703,-0.462728
-0.379476,0.009207,0.361109
-0.355090,0.009207,0.359701
-0.397250,0.009207,0.063886
-0.359151,0.009207,0.142003
-0.338826,0.009207,0.376577
-0.331582,0.009207,0.382189
-0.385292,0.009207,0.112882
-0.538730,-0.023485,0.196244
-0.469041,-0.036219,-0.328003
0.147158,-0.124253,0.230690
0.012026,-0.125600,-0.287660
0.294760,-0.018383,0.494140
0.110937,-0.155536,0.213303
0.135139,-0.147741,0.225568
0.270415,0.009207,0.115617
0.254477,0.009207,0.169429
0.225398,0.009207,0.336662
0.262068,0.009207,0.380883
0.228010,0.009207,0.237934
0.242213,0.009207,-0.188259
0.249600,0.009207,0.371965
0.236050,0.009207,-0.198789
0.255579,0.009207,0.398310
0.264660,0.009207,0.461510
0.246437,0.009207,0.025807
0.246763,0.009207,0.443266
-0.455593,-0.025097,-0.342125
0.417281,-0.106826,-0.297659
-0.270321,-0.114743,-0.378204
-0.201918,-0.118090,-0.353553
0.224724,-0.087419,-0.480625
0.176320,0.015635,-0.145609
0.158341,0.015635,-0.456198
0.171177,0.015635,-0.365429
0.215704,0.015635,0.272809
0.169320,0.015635,-0.458137
0.137465,0.015635,-0.382632
0.214439,0.015635,-0.370164
0.207766,0.015635,-0.000844
0.120834,0.015635,-0.470748
0.189706,0.015635,-0.126814
0.187033,0.015635,-0.411671
0.179932,0.015635,-0.007088
0.182891,0.015635,-0.394141
0.161953,0.015635,-0.175994
-0.546688,-0.063890,0.106842
0.159300,-0.105173,0.253811
0.248559,-0.112376,0.100353
-0.311257,-0.085317,0.189428
-0.013952,0.787006,-0.003803
0.243886,-0.046402,0.142696
0.260987,-0.059911,0.158573
0.121405,0.048428,0.035459
0.225132,-0.026791,0.109107
0.189584,-0.004466,0.095496
-0.159186,-0.104071,-0.214808
0.508234,0.015635,-0.032597
-0.299564,-0.122580,-0.200339
-0.294380,-0.120988,-0.228664
-0.286422,-0.057319,0.124024
-0.289646,-0.082583,0.203549
-0.221651,-0.019873,0.110025
-0.282524,-0.076338,0.194835
-0.105415,0.009207,0.030684
-0.108027,0.009207,0.009319
-0.112516,0.009207,-0.225195
-0.098783,0.009207,-0.255172
-0.051337,0.009207,-0.350043
-0.066560,0.009207,-0.301352
-0.095824,0.009207,0.257341
-0.084722,0.009207,-0.509847
-0.079580,0.009207,-0.049126
-0.026196,0.009207,-0.363164
-0.075335,0.009207,-0.384571
-0.113373,0.009207,0.076028
-0.079927,0.009207,0.157002
-0.105619,0.009207,-0.222215
-0.086273,0.009207,-0.023699
-0.012748,0.991767,0.043806
0.038207,-0.094051,0.073151
0.042880,-0.094051,0.241118
0.024719,-0.094051,0.239689
0.037473,-0.094051,0.213630
-0.189878,-0.094051,-0.126610
-0.199061,-0.094051,0.068784
0.152852,-0.094051,-0.175892
0.153423,-0.094051,0.138411
0.150260,-0.094051,0.078966
-0.209203,-0.094051,0.154961
-0.197490,-0.094051,0.208569
-0.474755,0.009207,0.071845
-0.470755,0.009207,0.000442
-0.505038,0.009207,0.167409
-0.476489,0.009207,-0.053003
0.166116,0.015635,-0.303454
0.154974,0.015635,-0.499358
0.209521,0.015635,0.150288
0.183156,0.015635,-0.346716
0.169667,0.015635,-0.205380
0.166320,0.015635,-0.237133
0.147648,0.015635,-0.323820
0.152056,0.015635,-0.278130
0.210990,0.015635,0.226507
0.201134,0.015635,-0.041882
0.207685,0.015635,-0.300638
0.149607,0.015635,-0.336411
0.210786,0.015635,0.357232
0.179768,0.015635,-0.115856
0.156301,-0.178229,-0.066431
0.189992,-0.160862,-0.101428
-0.549382,-0.056870,0.118208
-0.268117,-0.117804,-0.120264
0.005904,0.530495,0.020399
0.409139,0.009207,-0.094919
0.404731,0.009207,0.070661
0.400283,0.009207,0.320683
0.454136,0.009207,0.230649
0.400466,0.009207,0.230608
0.457401,0.009207,0.244873
0.180462,-0.125641,0.269218
0.093938,-0.120804,-0.242683
0.275986,-0.122437,0.097169
-0.118883,-0.005609,-0.548151
0.000741,-0.119947,-0.417997
0.112773,-0.094051,-0.246907
0.123915,-0.094051,-0.171750
0.084857,-0.094051,-0.150078
0.115875,-0.094051,-0.146609
0.150342,-0.094051,-0.229113
0.104672,-0.094051,0.086558
0.531416,0.013880,0.055050
0.388773,-0.111744,0.331050
-0.202489,-0.166025,0.056927
-0.098211,-0.203737,0.047846
-0.162900,-0.178269,0.073436
-0.210489,-0.088541,-0.487930
0.191665,-0.127192,-0.219971
0.072001,-0.052605,0.563767
-0.228079,-0.120008,-0.309638
-0.221957,-0.119315,-0.331636
-0.261934,-0.118988,-0.299536
-0.177756,-0.122865,-0.293945
0.037922,0.090099,0.028991
-0.022196,0.090894,-0.037780
0.242437,-0.040218,0.522648
-0.449859,0.015635,-0.007476
-0.446716,0.015635,0.099230
-0.463143,0.015635,0.093884
-0.436839,0.015635,0.289604
-0.451083,0.015635,0.075273
-0.004504,-0.123641,0.276299
0.393977,-0.010119,-0.396590
-0.000484,0.097690,0.028480
0.106529,0.991767,0.009502
0.335022,0.009207,-0.297904
0.320697,0.009207,0.171858
0.351898,0.009207,-0.203972
0.378835,0.009207,-0.356083
0.354470,0.009207,-0.317739
0.346001,0.009207,-0.277864
0.349307,0.009207,-0.008619
0.368530,0.009207,-0.215542
0.351123,0.009207,0.041153
0.478318,-0.113560,0.119229
0.038636,-0.124049,-0.336676
0.210684,-0.116845,-0.371184
0.005883,-0.093378,-0.526805
-0.172491,-0.097398,0.012706
-0.161533,-0.097398,0.172347
-0.210774,-0.097398,-0.106265
0.446238,0.021675,0.319887
-0.162329,-0.090602,-0.502440
0.315819,-0.125620,0.065049
0.353266,-0.121008,0.162593
0.431586,-0.114805,0.200182
0.279822,-0.126702,0.132677
0.013393,0.711624,0.006319
-0.282483,-0.104071,-0.048330
0.270986,-0.094051,-0.046514
0.171830,0.009207,-0.330309
0.121813,0.009207,0.356538
0.152954,0.009207,0.095373
0.126140,0.009207,0.130493
0.209603,0.009207,-0.458912
0.174809,0.009207,-0.455463
0.157994,0.009207,-0.383612
0.126323,0.009207,-0.109326
0.154199,0.009207,-0.163975
0.147648,0.009207,-0.018190
0.172585,0.009207,-0.183382
0.156505,0.009207,-0.398284
0.182870,0.009207,-0.427527
0.142138,0.009207,-0.193871
0.129078,0.009207,0.286869
0.005965,0.009207,0.163777
0.009169,0.009207,-0.178015
0.009842,0.009207,0.219446
0.060777,0.009207,0.168633
0.077347,0.009207,0.399371
0.033779,0.009207,0.193448
0.006801,0.009207,0.132269
0.052961,0.009207,0.270626
0.008128,0.009207,0.334458
0.085388,0.009207,0.368517
0.033922,0.009207,0.528137
0.006189,0.009207,0.013543
0.030351,0.009207,0.307419
0.210358,-0.065298,-0.503439
-0.000933,-0.085317,-0.354042
0.031065,0.964667,-0.016741
-0.036583,-0.155720,0.238669
0.377733,0.018553,-0.369103
0.514744,0.009207,0.078722
-0.352090,-0.112417,0.369455
-0.250629,-0.102091,-0.457402
-0.503467,-0.053156,0.261504
-0.093232,-0.041810,-0.556354
-0.460878,-0.079420,0.296869
0.047064,0.080120,-0.001477
0.204113,-0.020628,0.135166
0.182360,0.013288,0.058560
0.161464,0.018532,0.077150
0.188890,0.005962,0.071926
0.301351,-0.085317,0.195060
-0.299727,-0.124233,0.173817
-0.090171,0.016614,0.551891
0.226275,-0.094051,-0.001395
0.229316,0.015635,-0.123835
0.242253,0.015635,0.095435
0.291944,0.015635,0.268442
0.283597,0.015635,0.248689
0.248824,0.015635,-0.058493
0.276680,0.015635,0.183469
0.269047,0.015635,0.276197
0.285679,0.015635,0.390882
0.263885,0.015635,0.092292
0.228867,0.015635,0.289053
0.255681,0.015635,0.395678
0.245519,0.015635,0.375965
0.223214,0.015635,0.151471
0.077551,-0.060115,0.557747
-0.000178,-0.094051,0.047663
0.040064,-0.094051,-0.262906
0.014515,-0.094051,-0.152200
-0.192551,-0.106234,-0.475462
-0.000851,-0.146700,0.268157
0.487929,0.009207,-0.058350
0.499194,0.009207,-0.109428
0.472951,0.009207,-0.162975
-0.505548,0.015635,0.114923
-0.504385,0.015635,-0.017169
0.497377,-0.010445,-0.264600
0.217459,0.009207,-0.288149
0.223704,0.009207,-0.211665
0.216419,0.009207,-0.185545
0.241805,0.009207,0.460265
0.310697,0.009207,0.436920
0.242519,0.009207,0.373475
0.236356,0.009207,0.264320
0.243437,0.009207,-0.138569
0.232091,0.009207,0.081007
0.240152,0.009207,0.479141
0.258007,0.009207,0.320316
0.019556,-0.083623,-0.336860
0.005863,-0.066502,-0.308025
0.018637,-0.045871,-0.273293
0.044880,0.040000,-0.128671
-0.297135,-0.126763,-0.022026
0.244845,-0.097398,0.124902
0.252845,-0.097398,0.041969
0.380753,-0.053687,-0.402712
0.081265,0.055530,0.081007
0.075898,0.068182,0.047703
0.098285,0.061733,0.030684
0.159913,-0.003037,0.142043
0.078796,0.069794,0.037276
-0.010687,-0.138048,-0.261437
0.037779,0.991767,0.109148
-0.012197,0.502986,-0.005211
-0.366518,-0.121886,-0.081716
-0.400944,-0.119519,-0.084164
0.395446,-0.119417,-0.092756
-0.391414,-0.011690,0.419186
-0.253383,-0.149516,0.026032
0.117957,-0.177208,0.135452
0.056145,-0.210083,0.070702
0.510213,-0.050646,0.239526
-0.530853,0.022063,0.101781
0.508009,0.009207,0.071314
0.497663,0.009207,0.115066
-0.484979,0.006064,-0.277905
0.007332,0.090894,0.028786
-0.032114,0.090894,-0.000620
-0.005728,0.944729,-0.017659
-0.269035,0.015349,-0.455341
0.141996,-0.094051,0.103495
0.136016,-0.094051,0.017787
0.487766,-0.033015,-0.290312
0.025412,0.981645,-0.122855
0.284740,-0.117804,-0.053554
-0.023870,0.966095,0.100802
-0.177389,-0.151394,-0.166954
-0.059520,0.001187,-0.550967
0.032208,0.015635,-0.453464
0.091326,0.015635,-0.302189
0.040779,0.015635,-0.465524
0.027392,0.015635,-0.282986
0.097448,0.015635,-0.462055
0.057818,0.015635,-0.271334
0.086714,0.015635,-0.039066
0.069817,0.015635,-0.398427
0.069389,0.015635,-0.465014
0.058798,0.015635,-0.309842
0.070899,0.015635,-0.197115
0.102305,0.015635,0.108250
0.257007,-0.112274,0.144329
-0.074744,-0.094051,0.040888
-0.078866,-0.094051,0.114290
-0.074703,-0.094051,-0.034617
-0.536424,0.022063,0.030501
-0.326439,-0.124212,-0.101326
0.054573,0.991767,-0.027005
-0.561952,-0.013077,0.099128
-0.236813,0.009207,0.317255
-0.293340,0.009207,-0.380306
-0.275280,0.009207,-0.353104
-0.242486,0.009207,-0.427343
-0.303972,0.009207,-0.383040
-0.237425,0.009207,0.003339
-0.230365,0.009207,-0.093000
-0.244731,0.009207,0.170878
-0.222692,0.009207,-0.059105
-0.257199,0.009207,0.003625
-0.265383,0.009207,-0.221073
-0.529996,-0.064115,0.178898
-0.298441,-0.122212,0.220670
-0.423901,-0.114580,0.227404
0.144097,-0.097867,-0.245173
0.242784,-0.144231,0.101883
0.008556,0.397198,0.018277
0.321166,-0.112274,0.396106
0.149097,-0.109662,0.496772
-0.016421,0.190254,0.013584
-0.139147,0.014839,-0.529948
0.076143,-0.060074,-0.544110
0.010026,0.009207,-0.453831
0.080225,0.009207,-0.077655
0.053084,0.009207,-0.099980
0.109018,0.009207,-0.011394
0.046370,0.009207,-0.284762
0.037228,0.009207,-0.354940
0.103121,0.009207,-0.424976
0.047309,0.009207,-0.165669
0.025637,0.009207,-0.415609
0.101550,0.009207,0.216507
0.077429,0.009207,0.158083
0.051410,0.009207,-0.355512
0.093530,0.009207,-0.035556
0.108345,0.009207,-0.384061
-0.097170,-0.169474,0.179939
-0.435574,-0.103438,0.302236
-0.104027,-0.051809,-0.546579
0.409731,-0.116192,0.204202
0.398262,-0.116907,0.203467
-0.408127,-0.052666,-0.382204
0.111814,-0.193819,0.070987
0.087326,-0.202941,0.063172
-0.043644,-0.094051,-0.101326
-0.042848,-0.094051,0.194182
-0.023115,-0.094051,-0.184361
-0.039930,-0.094051,-0.088654
-0.347132,0.007043,-0.432914
-0.137127,-0.161618,0.178816
0.270027,-0.125743,-0.160465
0.001618,-0.094051,0.074497
0.016740,-0.094051,0.012359
0.002047,-0.094051,-0.209012
0.005475,-0.094051,0.036276
-0.079396,-0.075808,-0.532621
0.115059,-0.117070,-0.421813
0.114875,-0.117560,-0.414160
-0.567809,-0.032749,-0.087083
0.000659,0.614693,0.022277
-0.010340,0.297675,0.020461
0.520437,-0.084338,-0.122447
-0.271300,-0.104071,-0.052697
-0.009810,-0.148047,0.263586
-0.068050,0.093976,-0.039208
-0.088743,-0.115356,0.471101
-0.105149,-0.115723,0.460040
-0.190164,-0.095908,0.225323
-0.462021,-0.115927,0.010298
-0.355376,-0.123416,-0.023699
-0.509446,-0.087337,0.185224
0.090877,-0.100581,-0.272028
-0.080702,-0.097398,0.042092
-0.083865,-0.097398,-0.142344
-0.066499,-0.097398,0.190060
-0.035440,-0.097398,0.164450
-0.063642,-0.097398,0.269483
-0.010381,-0.097398,0.269850
-0.065520,-0.097398,-0.035678
-0.095130,0.015635,-0.015047
-0.073193,0.015635,-0.004742
-0.095334,0.015635,0.473529
-0.018238,0.015635,0.490895
-0.099456,0.015635,0.054642
-0.099089,0.015635,0.077456
-0.068703,0.015635,0.140329
-0.101395,0.015635,-0.081573
-0.064520,0.015635,0.328377
-0.088600,0.015635,0.112556
-0.101333,0.015635,0.138880
-0.100640,0.015635,0.243587
-0.099538,0.015635,-0.272885
-0.020462,0.015635,0.432614
-0.052786,0.015635,0.300317
-0.101884,0.015635,0.402779
-0.110700,0.015635,0.500772
-0.345499,-0.123314,0.095251
-0.318623,-0.125457,0.079313
-0.037869,0.022063,0.545830
0.324105,0.015635,-0.338758
0.361490,0.015635,-0.378959
0.355490,0.015635,-0.034535
0.384937,0.015635,-0.132222
0.393793,0.015635,-0.233500
0.383039,0.015635,0.013706
0.394671,0.015635,-0.150772
0.380692,0.015635,0.048805
-0.011626,0.914181,0.019440
-0.455062,-0.059931,-0.317208
-0.427962,0.009207,-0.074573
-0.423065,0.009207,-0.002436
-0.419698,0.009207,-0.041739
-0.415473,0.009207,0.024685
-0.404821,0.009207,-0.202992
0.041901,-0.081317,0.545565
-0.327827,0.015635,-0.173382
-0.344540,0.015635,0.113046
-0.335908,0.015635,0.200345
-0.335418,0.015635,-0.069247
-0.324072,0.015635,-0.024087
-0.354192,0.015635,0.069845
-0.337071,0.015635,-0.145037
-0.371762,0.015635,-0.341921
-0.185837,-0.123294,0.296154
-0.190551,-0.124620,0.278666
-0.234650,-0.125110,0.232057
-0.371518,-0.117458,0.229323
0.176748,-0.123253,-0.224909
0.322737,-0.124273,0.108923
-0.071825,0.006350,0.562747
0.158484,-0.113172,-0.462687
0.140506,-0.113274,-0.467483
0.328757,-0.124967,0.027032
-0.192898,-0.065380,-0.511480
-0.166471,-0.096479,-0.232827
0.191237,-0.094051,-0.021679
0.172973,-0.094051,-0.156690
0.168830,-0.094051,-0.103673
0.214133,-0.094051,-0.175096
0.188257,-0.094051,-0.153608
-0.104741,-0.183228,-0.115244
0.340124,-0.121580,-0.159118
0.054267,-0.094051,-0.216685
0.047717,-0.094051,0.219650
-0.254996,-0.096724,-0.134263
0.008965,-0.094051,0.279564
0.041125,-0.094051,0.135370
0.177850,-0.094051,0.138248
0.212684,-0.094051,0.139635
0.197114,-0.094051,0.180939
-0.366885,-0.112499,-0.339737
-0.100864,-0.195737,0.085374
-0.411596,-0.118723,0.101822
-0.314746,-0.125028,0.113678
-0.424167,-0.117560,0.117453
-0.208040,-0.108948,-0.464708
-0.021033,-0.117764,-0.442301
-0.533465,0.004533,0.183571
-0.188653,-0.094051,0.200019
-0.187837,-0.094051,-0.180892
0.228520,-0.116049,0.389841
0.174299,-0.115519,0.434287
0.200787,-0.114519,0.437226
0.013393,0.510455,0.008115
-0.000484,0.991767,-0.023128
-0.486713,-0.103010,-0.195564
-0.266464,-0.043606,-0.496848
0.069287,0.990236,-0.106204
0.366469,-0.108723,0.370129
-0.035277,-0.137987,0.271687
0.277455,-0.104071,0.084966
-0.147514,-0.158699,0.180286
-0.090885,-0.188452,0.122188
0.333226,-0.123804,-0.082940
-0.500814,0.009207,0.182183
0.243702,0.009207,-0.270069
0.238886,0.009207,-0.368449
0.286128,0.009207,-0.125386
0.256905,0.009207,-0.421139
0.276741,0.009207,-0.236337
0.297984,0.009207,-0.391387
0.255967,0.009207,-0.362674
0.306841,0.009207,-0.415711
0.269741,0.009207,0.027052
0.289372,0.009207,-0.327534
0.277945,0.009207,-0.353981
-0.026482,0.014533,-0.546722
-0.320644,-0.041912,0.479059
-0.289809,-0.122641,-0.207910
-0.367008,-0.117294,-0.221787
-0.037052,-0.141211,-0.255662
0.505336,0.009207,-0.145384
0.485664,0.009207,-0.066329
0.000781,-0.223103,-0.044188
0.208317,-0.122498,-0.279191
-0.408229,-0.017159,0.402596
-0.359192,0.009207,0.180388
-0.347744,0.009207,0.215058
-0.389761,0.009207,0.312847
-0.355111,0.009207,0.192550
-0.395557,0.009207,-0.036168
-0.363804,0.009207,0.167409
0.259436,-0.118417,-0.049493
-0.020115,-0.146700,-0.252030
0.523743,-0.043953,0.219793
0.183237,-0.171045,-0.044800
0.078980,-0.211410,-0.009966
0.198706,-0.166842,-0.032780
-0.145800,0.009207,0.231302
-0.133066,0.009207,0.361415
-0.150983,0.009207,0.040867
-0.121903,0.009207,0.430818
-0.155350,0.009207,0.296603
-0.139473,0.009207,0.006686
-0.140290,0.009207,-0.199095
-0.187001,0.009207,0.347028
-0.186899,0.009207,0.373679
-0.149514,0.009207,0.163695
-0.125883,0.009207,0.173102
-0.160778,0.009207,0.187550
-0.138392,0.009207,0.433471
-0.159696,0.009207,0.206345
-0.128046,-0.144904,-0.223032
0.152872,0.009207,0.361946
0.150097,0.009207,0.291481
0.135629,0.009207,-0.223766
0.200930,0.009207,0.452000
0.132037,0.009207,0.077069
0.135221,0.009207,0.012278
0.171157,0.009207,0.388923
0.145546,0.009207,0.298052
0.144485,0.009207,-0.035188
0.134221,0.009207,0.021440
0.140588,0.009207,0.255994
0.157403,0.009207,0.211344
0.145138,0.009207,0.042847
0.458278,0.009207,0.046724
0.422220,0.009207,0.158389
0.430750,0.009207,0.102332
0.457074,0.009207,-0.205706
0.410608,0.009207,0.284359
-0.040705,-0.195901,0.126636
-0.067785,-0.163413,0.211467
0.525620,-0.098949,-0.009496
-0.115292,-0.094827,0.270850
0.535273,0.022063,0.031807
-0.191286,-0.094051,-0.189422
-0.220692,-0.094051,-0.117407
0.256701,-0.115886,-0.058778
0.202807,-0.126865,-0.215481
0.526416,0.014859,-0.072716
-0.239486,-0.117478,-0.353553
-0.091089,-0.124049,-0.311760
-0.291075,0.009207,0.008992
-0.313971,0.009207,0.323642
-0.271219,0.009207,0.294012
-0.316154,0.009207,-0.261906
-0.296646,0.009207,0.141513
-0.245711,0.009207,0.339702
-0.316746,0.009207,0.383822
-0.289809,0.009207,-0.031393
-0.274953,0.009207,0.134248
-0.114577,-0.112335,-0.263274
-0.269239,-0.122763,-0.012925
-0.202244,-0.162842,0.088680
-0.100293,-0.205675,0.022114
0.018597,0.020859,-0.541437
0.036085,0.015635,0.499344
0.015801,0.015635,0.177959
-0.000504,0.015635,-0.307495
0.002169,0.015635,-0.021924
0.076898,0.015635,0.499793
0.063389,0.015635,0.399677
0.030004,0.015635,0.194346
0.003842,0.015635,-0.053656
0.055002,0.015635,0.403800
0.008189,0.015635,-0.424241
0.018331,0.015635,0.003870
0.035126,0.015635,0.214099
0.002190,0.015635,0.188713
0.020882,0.015635,0.417635
0.011311,0.015635,0.485528
0.111610,0.991767,-0.028944
0.068368,-0.104989,-0.509378
-0.539077,-0.015934,-0.177178
-0.258812,-0.097398,0.057988
-0.082029,-0.094051,-0.038331
-0.077029,-0.094051,-0.182259
-0.068173,-0.094051,-0.151404
0.565454,-0.041524,0.048601
0.255089,-0.094051,0.030664
0.464380,0.015635,-0.256376
0.496541,0.015635,-0.058962
-0.231426,0.012043,0.490834
0.061063,-0.159720,0.223446
0.039799,-0.159271,0.227772
-0.058235,0.064672,0.103128
0.020617,-0.180677,0.171715
0.169136,-0.039851,-0.538437
-0.050358,-0.143945,0.265320
-0.006524,-0.094051,0.019359
-0.006198,-0.094051,-0.218093
-0.013564,-0.094051,0.182591
0.311126,-0.085317,0.197121
0.077429,-0.097398,0.177673
0.020413,-0.097398,-0.193238
0.035024,-0.097398,-0.029332
0.036697,-0.097398,-0.137222
0.048553,-0.097398,-0.186096
0.061961,-0.097398,-0.021822
-0.201387,-0.094051,-0.127080
-0.439390,0.019145,0.340151
-0.038012,-0.208226,-0.077226
-0.179144,0.015635,-0.448831
-0.129780,0.015635,-0.424037
-0.119618,0.015635,-0.316984
-0.139473,0.015635,-0.469769
-0.118944,0.015635,0.386127
-0.135147,0.015635,0.151594
-0.121863,0.015635,-0.368572
-0.117087,0.015635,-0.399896
-0.120679,0.015635,0.123902
-0.145269,0.015635,-0.428935
-0.134249,0.015635,0.316275
-0.195265,0.015635,-0.279436
-0.143677,0.015635,-0.114448
-0.137310,0.015635,-0.054309
-0.142841,0.015635,-0.140099
-0.120556,0.015635,0.274177
-0.359723,-0.116131,-0.267783
-0.283136,-0.120131,-0.271355
-0.306012,-0.119947,-0.240132
-0.429636,-0.113172,-0.244010
-0.079539,0.991767,-0.034617
0.520784,0.021573,0.113086
0.124446,0.966095,0.011931
0.207909,-0.097398,0.067865
0.209419,-0.097398,0.017726
0.205868,-0.097398,-0.051738
-0.504161,0.015635,-0.165873
-0.494631,0.015635,-0.057513
-0.471775,0.015635,-0.149343
0.469522,0.000350,-0.304311
0.072490,-0.195778,0.107903
-0.212774,0.009207,-0.196646
-0.185184,0.009207,0.156349
-0.196041,0.009207,-0.061084
-0.218284,0.009207,0.111352
-0.157350,0.009207,-0.380163
-0.216876,0.009207,0.084374
-0.192470,0.009207,-0.487073
-0.170777,0.009207,-0.114285
-0.178328,0.009207,-0.432853
-0.168471,0.009207,-0.005742
-0.193225,0.009207,-0.218154
-0.205224,0.009207,0.266606
-0.463674,-0.072175,0.301828
-0.283483,-0.112213,-0.412875
0.282536,-0.094051,-0.005191
0.374734,0.009207,-0.016108
0.374468,0.009207,0.075150
0.390161,0.009207,-0.341411
0.385304,0.009207,0.030664
0.350021,0.009207,-0.297802
0.350164,0.009207,-0.150649
0.377162,0.009207,-0.051371
0.392977,0.009207,0.291400
0.527885,-0.038933,-0.205359
-0.531343,0.015635,-0.038800
-0.510895,0.009207,0.063866
-0.502283,0.009207,0.002523
0.335247,-0.085337,0.150737
-0.026910,-0.094051,0.257627
-0.004218,-0.094051,0.275605
-0.405046,-0.119457,-0.073145
-0.372803,-0.121967,-0.047963
-0.494080,-0.113621,-0.003660
-0.435309,-0.117437,-0.052738
0.302555,-0.119641,0.261443
0.361959,-0.116498,0.259525
0.274435,-0.121212,0.259198
0.368754,-0.114580,0.305501
0.226500,-0.140639,0.139921
-0.039930,-0.124028,-0.283109
0.090754,-0.118498,0.423227
0.138057,-0.116866,0.429512
-0.019503,-0.117090,0.464775
0.013393,0.775068,0.003625
0.186237,-0.117519,-0.183055
0.096081,0.973319,-0.081246
-0.179879,0.015635,0.078599
-0.206917,0.015635,0.249403
-0.207285,0.015635,-0.054697
-0.134943,0.015635,0.519363
-0.164104,0.015635,0.507751
-0.153309,0.015635,0.326295
-0.146657,0.015635,0.274870
-0.214284,0.015635,0.354926
-0.187674,0.015635,-0.118529
-0.212019,0.015635,-0.367450
-0.154330,0.015635,0.401228
-0.179389,0.015635,0.106740
-0.200673,0.015635,0.321887
-0.176144,0.015635,0.257117
0.528294,0.009207,-0.035086
-0.349601,-0.053136,0.447939
-0.119597,-0.121702,0.347171
-0.118332,-0.120559,0.373169
-0.208877,-0.097398,0.161287
-0.217549,-0.097398,-0.096694
-0.217284,-0.097398,-0.076675
-0.187327,-0.097398,0.084252
0.011577,0.079589,-0.003456
-0.567605,-0.046953,0.026154
0.071837,-0.160128,-0.203625
0.302861,0.009207,0.084823
0.288311,0.009207,0.195795
0.268803,0.009207,0.148063
0.281761,0.009207,0.413391
0.284883,0.009207,0.345110
0.295045,0.009207,0.413044
0.303208,0.009207,-0.328106
0.222826,0.009207,0.468509
0.296188,0.009207,-0.092511
0.303331,0.009207,0.442960
0.300474,0.009207,-0.076124
0.262354,0.009207,0.251342
-0.013646,-0.113050,0.507608
-0.479244,0.015635,-0.116427
-0.470469,0.015635,-0.010843
-0.489550,0.015635,-0.203074
-0.469184,0.015635,-0.190830
-0.111027,-0.196962,-0.049575
-0.113863,-0.193758,-0.061288
-0.169206,-0.130457,-0.201707
-0.314440,-0.094806,0.439368
0.010638,0.177786,-0.002395
0.274598,-0.094051,-0.021414
0.234091,-0.094051,-0.126427
0.219827,-0.094051,0.055703
0.084184,0.000534,-0.551599
0.080939,-0.121967,-0.351941
0.223765,-0.121457,0.149002
-0.246282,-0.104071,-0.147098
0.001598,-0.181290,-0.158996
0.044533,0.014267,-0.171995
0.003414,-0.024975,-0.238112
0.023066,-0.027934,-0.243091
0.029351,-0.030852,-0.247989
0.000088,-0.009955,-0.212808
-0.091701,-0.104071,0.275462
0.187339,-0.118172,0.372782
0.169953,-0.118641,0.375190
-0.260648,-0.140068,-0.052901
0.265374,-0.120804,-0.272008
0.402017,-0.113111,-0.282640
0.418567,-0.113662,-0.239683
0.296229,-0.119335,-0.266784
-0.266750,-0.094051,0.027378
-0.118740,0.013492,0.530199
-0.321684,-0.112805,0.396310
-0.091089,-0.127171,0.295073
-0.201469,-0.121927,0.305889
-0.241405,-0.118233,0.351089
0.494235,0.012778,-0.190075
-0.080335,-0.125457,-0.299699
0.559781,-0.002793,-0.037209
-0.034706,0.991767,-0.036372
-0.086028,-0.104071,0.268810
-0.273117,-0.097398,0.056988
-0.267913,-0.073134,0.209365
-0.212060,-0.027566,0.152594
-0.231385,-0.047626,0.186693
-0.180205,-0.009812,0.147961
-0.055643,0.088854,0.031378
-0.399393,-0.113907,-0.270253
-0.370803,-0.115703,-0.262763
-0.219019,-0.124090,-0.256090
-0.311644,-0.118906,-0.261825
-0.063724,-0.120743,-0.386632
-0.012830,-0.123682,-0.361144
-0.015156,0.733949,0.016175
-0.182389,-0.169392,0.091068
-0.134596,-0.185453,0.084619
-0.141269,0.009207,0.214324
-0.126923,0.009207,-0.267579
-0.161207,0.009207,-0.439301
-0.142698,0.009207,0.130330
-0.128413,0.009207,-0.340696
-0.134494,0.009207,-0.321290
-0.159635,0.009207,-0.007517
-0.132413,0.009207,0.084619
-0.115414,0.009207,0.042561
-0.142494,0.009207,-0.229970
-0.214856,0.009207,-0.447342
-0.124475,0.009207,-0.111815
-0.169594,0.009207,-0.367450
0.004067,0.946607,0.033562
-0.497794,-0.110152,-0.119570
0.269170,-0.097398,-0.095959
-0.007075,0.966095,-0.075532
-0.084559,-0.097398,-0.258315
-0.073662,-0.097398,0.279768
-0.084253,-0.097398,0.231812
-0.078111,-0.097398,-0.078757
-0.082886,-0.097398,0.077599
-0.075254,-0.097398,0.134085
-0.041726,-0.097398,0.204549
-0.225120,-0.094051,-0.023250
-0.526057,0.010513,-0.095755
-0.017544,0.172970,0.011216
0.341695,-0.075379,0.429900
-0.125842,-0.061319,0.548769
-0.252955,-0.094051,0.076722
0.271333,-0.124947,-0.179178
-0.016483,-0.196370,0.129820
0.535252,-0.070971,0.113943
-0.331806,-0.122804,-0.147425
-0.322542,-0.122927,-0.158730
-0.390883,-0.117764,-0.185687
-0.146534,-0.188820,-0.007476
-0.187490,-0.173760,-0.006599
0.543456,-0.073012,-0.033209
-0.013707,0.226721,0.017787
-0.038991,0.044816,-0.125753
-0.019584,0.024859,-0.159342
-0.034093,0.051816,-0.113978
-0.047786,-0.047810,-0.281762
0.064838,0.004187,0.561768
-0.248792,-0.111784,0.450939
0.148995,-0.086215,0.522240
-0.224284,-0.159801,-0.029066
-0.174124,-0.173902,-0.063696
-0.222039,-0.156638,-0.067329
0.000435,-0.233224,-0.016353
0.562618,-0.044585,0.059192
0.352490,-0.122539,0.095475
0.519886,0.015635,0.070110
-0.073172,0.991767,0.103556
-0.523710,0.009207,0.027542
0.251457,-0.116886,0.367598
0.285944,-0.115968,0.354211
0.290658,-0.115213,0.367292
0.479726,-0.002221,-0.289129
0.486644,0.012757,-0.207135
-0.019931,0.009207,-0.354940
-0.093497,0.009207,0.529056
-0.095742,0.009207,0.509792
-0.015503,0.009207,0.093414
-0.029910,0.009207,-0.042392
-0.015115,0.009207,0.051785
-0.003524,0.009207,-0.007333
-0.005994,0.009207,-0.371511
-0.031012,0.009207,0.506935
-0.009095,0.009207,-0.405977
-0.011422,0.009207,-0.069329
-0.002443,0.009207,0.435410
-0.077111,0.009207,0.460816
-0.483142,-0.105520,0.212467
-0.021584,-0.028138,-0.565721
-0.100333,0.009207,0.146349
-0.008769,0.009207,-0.521357
-0.070948,0.009207,-0.183484
-0.073254,0.009207,-0.128508
-0.041501,0.009207,-0.516908
-0.084008,0.009207,-0.384428
-0.107966,0.009207,0.203672
-0.072887,0.009207,-0.520051
-0.035502,0.009207,-0.401243
-0.103068,0.009207,-0.095306
-0.061357,0.009207,-0.216359
-0.100089,0.009207,0.313745
-0.099762,0.009207,-0.480543
-0.081519,0.009207,-0.062656
0.007250,0.961402,-0.031332
-0.501896,0.015635,0.060335
-0.496284,0.015635,0.009870
0.106937,0.966422,-0.057574
0.287679,-0.118886,0.298624
0.268476,-0.028893,-0.495991
0.001373,0.937710,-0.008333
0.415465,-0.069747,-0.350430
-0.535505,0.022063,-0.056350
-0.174797,-0.178433,0.024501
0.300392,-0.037178,0.492609
-0.266852,-0.111887,0.439634
0.167463,-0.135966,-0.199299
-0.117598,0.966095,0.017828
0.366510,0.015635,0.231098
0.317921,0.015635,0.264626
0.360245,0.015635,0.182408
0.380896,0.015635,0.254198
0.382427,0.015635,0.376006
0.387120,0.015635,0.285115
0.361326,0.015635,0.070885
0.342450,0.015635,0.345314
0.351858,0.015635,0.205161
0.313595,0.015635,-0.135650
0.469257,-0.004384,0.315255
-0.495876,-0.040382,0.292624
0.130935,0.009207,-0.185708
0.156648,0.009207,-0.357267
0.159300,0.009207,-0.072675
0.150689,0.009207,-0.439995
0.193216,0.009207,-0.396223
0.120915,0.009207,0.119331
0.110182,0.009207,0.012706
0.165280,0.009207,-0.431465
0.117385,0.009207,-0.186912
0.118875,0.009207,0.095496
0.125487,0.009207,-0.025638
0.169463,0.009207,-0.142017
0.156790,0.009207,-0.105897
0.200032,0.009207,-0.414895
0.130854,0.986175,-0.004334
0.541027,-0.076501,-0.038637
-0.034298,-0.165025,-0.199605
-0.059357,-0.157924,-0.215542
-0.480061,0.014757,-0.232051
0.322962,-0.088398,0.150165
0.118589,0.017716,-0.514990
0.337389,-0.068563,-0.426364
0.234254,-0.141497,-0.112979
-0.194061,0.019981,-0.491930
-0.044195,-0.055891,-0.550395
0.221214,-0.117723,-0.353247
-0.000586,0.989277,0.141186
0.349368,0.009207,0.255647
0.350878,0.009207,0.354742
0.330267,0.009207,-0.085552
0.326533,0.009207,-0.275803
0.347674,0.009207,-0.036433
0.340226,0.009207,0.283298
0.330247,0.009207,0.115127
0.320411,0.009207,-0.182259
0.352572,0.009207,0.245138
0.358041,0.009207,0.273564
-0.003218,0.991767,0.086925
0.235825,-0.104071,0.133554
-0.416718,0.009207,-0.210278
-0.444308,0.009207,-0.201054
-0.409780,0.009207,0.224343
-0.450165,0.009207,-0.146405
-0.431146,0.009207,-0.049024
-0.404066,0.009207,-0.122998
-0.422391,0.009207,0.116719
0.520111,0.015635,-0.102081
0.358735,-0.122192,0.091108
0.518825,0.009207,-0.010313
-0.170328,0.022063,-0.499705
0.089795,-0.057584,-0.544396
0.019494,-0.107642,0.273483
-0.139004,-0.097398,-0.249458
-0.085682,-0.097398,-0.223950
-0.116047,-0.097398,0.007115
-0.100374,-0.097398,-0.204319
-0.133188,-0.097398,-0.083695
-0.127250,-0.097398,-0.234010
-0.046786,0.009207,0.169939
-0.063622,0.009207,0.536912
-0.106639,0.009207,-0.348206
-0.087151,0.009207,0.329785
-0.081580,0.009207,0.511588
-0.066989,0.009207,0.082129
-0.085090,0.009207,0.426227
-0.099150,0.009207,0.516832
-0.090518,0.009207,0.048030
-0.080335,0.009207,0.013339
-0.064683,0.009207,0.455224
-0.090906,0.009207,-0.049698
-0.067050,0.009207,0.356681
-0.062214,0.009207,-0.015047
-0.093497,0.009207,0.404391
-0.086437,0.009207,0.205753
-0.500080,-0.043626,-0.267314
-0.100640,0.015635,-0.353083
-0.064132,0.015635,0.497405
-0.081682,0.015635,0.328805
-0.075274,0.015635,0.007808
-0.111720,0.015635,0.455490
-0.058643,0.015635,0.292808
-0.083620,0.015635,-0.048187
-0.085151,0.015635,-0.087470
-0.092987,0.015635,0.120494
-0.057663,0.015635,0.085048
-0.025686,0.015635,0.532076
-0.086988,0.015635,0.469693
-0.012809,0.015635,0.458020
-0.076764,0.015635,0.239159
-0.098681,0.015635,-0.132610
-0.096640,0.015635,0.254729
-0.044950,-0.094051,-0.266926
-0.037624,-0.094051,-0.047453
-0.034971,-0.094051,-0.235092
-0.018442,-0.094051,-0.198829
0.079143,-0.094051,-0.053289
0.061573,-0.094051,0.138982
0.064124,-0.094051,-0.000477
0.245294,-0.108315,-0.148772
0.081469,0.047775,0.106822
0.158851,0.014778,0.083925
0.187400,-0.019955,0.151492
0.170422,-0.008915,0.143676
0.131384,0.034756,0.064192
-0.293809,-0.111152,-0.413324
-0.189470,-0.135640,0.197937
-0.096354,0.991767,-0.053575
0.334696,-0.085317,0.167695
0.192665,0.009207,-0.378592
0.193584,0.009207,-0.055513
0.195583,0.009207,-0.084368
0.180523,0.009207,-0.069737
0.181176,0.009207,-0.297577
0.182768,0.009207,-0.096061
0.157525,0.009207,-0.283129
0.171891,0.009207,-0.402753
0.166096,0.009207,-0.336819
0.202236,0.009207,0.181102
0.132690,0.009207,-0.368347
0.158505,0.009207,-0.121957
0.196624,0.009207,-0.216971
-0.568891,-0.004425,-0.021251
-0.209652,0.022063,0.508669
0.435586,0.015635,0.270789
0.411323,0.015635,0.210426
0.408731,0.015635,0.123208
0.405833,0.015635,0.030154
0.426362,0.015635,0.131983
0.454360,0.015635,0.216711
0.166422,-0.099459,0.506588
0.055022,-0.117335,0.452980
-0.290360,-0.060360,0.481896
0.082735,0.966095,0.096108
-0.006483,0.351549,0.021971
-0.015279,-0.115070,-0.472625
-0.023747,0.079589,-0.026128
0.339063,-0.122437,-0.129039
0.404486,-0.117641,-0.144446
