-0.312117,0.823110,0.272926
-0.312117,0.568226,0.091890
-0.312117,0.283427,-0.169646
-0.312117,0.699152,0.195970
-0.312117,0.707626,0.107372
-0.312117,0.703805,0.033267
-0.312117,0.776504,0.024615
-0.312117,0.126565,-0.216172
-0.312117,0.831959,-0.128148
-0.312117,0.413858,-0.055390
-0.312117,0.622830,0.041701
-0.312117,0.418551,-0.159450
-0.312117,0.676681,0.096978
-0.312117,0.501743,0.133704
-0.312117,0.166993,-0.166676
-0.312117,0.774683,-0.125218
-0.312117,0.720257,0.138654
-0.312117,0.606734,-0.092591
-0.312117,0.834434,0.087534
-0.312117,0.630135,-0.259213
-0.312117,0.617266,-0.318747
-0.312117,0.398792,-0.114488
-0.312117,0.751440,0.084763
-0.312117,0.667515,-0.183980
-0.312117,0.724771,-0.322865
-0.312117,0.674345,-0.222923
-0.312117,0.178179,-0.258738
-0.312117,0.554842,-0.165943
-0.312117,0.433419,-0.205956
-0.312117,0.837543,-0.167626
-0.312117,0.363214,-0.261173
-0.312117,0.842057,-0.153866
-0.312117,0.377390,0.026655
-0.312117,0.557377,-0.257709
-0.312117,0.717070,-0.281942
-0.312117,0.842294,0.042988
-0.312117,0.474679,-0.009517
-0.312117,0.486004,-0.213123
-0.312117,0.423124,-0.280200
-0.312117,0.670227,-0.198512
-0.312117,0.560326,-0.182950
-0.312117,0.760428,-0.042620
-0.312117,0.277686,-0.116784
-0.312117,0.316372,-0.063250
-0.312117,0.791531,0.204404
-0.312117,0.645400,-0.066378
-0.312117,0.535816,-0.197185
-0.312117,0.724415,-0.193602
-0.312117,0.602992,0.085297
-0.312117,0.688560,-0.012665
-0.312117,0.324588,-0.135078
-0.312117,0.168161,-0.267727
-0.312117,0.472066,0.069736
-0.312117,0.497011,-0.152481
-0.312117,0.178377,-0.070555
-0.312117,0.186831,-0.283308
-0.312117,0.771297,-0.216964
-0.312117,0.584005,0.057184
-0.312117,0.848432,0.214838
-0.312117,0.545517,0.042612
-0.312117,0.840334,-0.244464
-0.312117,0.438032,-0.043867
-0.312117,0.266559,-0.182000
-0.312117,0.761814,0.208779
-0.312117,0.692144,-0.135890
-0.312117,0.567236,0.014835
-0.312117,0.477827,-0.292019
-0.312117,0.310274,-0.102450
-0.312117,0.569929,0.048175
-0.312117,0.158440,-0.154104
-0.312117,0.797451,-0.099282
-0.312117,0.847778,0.002402
-0.312117,0.707943,0.090267
-0.312117,0.281467,-0.042857
-0.312117,0.651696,0.187001
-0.312117,0.378578,-0.166042
-0.312117,0.313719,-0.182396
-0.312117,0.736908,-0.297582
-0.312117,0.738333,0.198068
-0.312117,0.771614,-0.339238
-0.312117,0.000965,-0.252284
-0.312117,0.492854,-0.082889
-0.312117,0.592004,-0.185801
-0.312117,0.799926,-0.311580
-0.312117,0.245494,-0.077841
-0.312117,0.475332,0.126735
-0.312117,0.467116,0.106996
-0.312117,-0.013488,-0.255867
-0.312117,-0.109292,-0.236425
-0.312117,0.485766,-0.029117
-0.312117,0.412453,-0.104826
-0.312117,0.371470,-0.301562
-0.312117,0.406355,0.000224
-0.312117,0.434330,0.027882
-0.312117,0.695193,-0.050777
-0.312117,0.820338,0.338300
-0.312117,-0.059500,-0.197185
-0.312117,0.103837,-0.272161
-0.312117,0.463928,-0.001400
-0.312117,0.088255,-0.122565
-0.312117,0.829663,0.034178
-0.312117,0.025217,-0.262935
-0.312117,0.510375,-0.134504
-0.312117,0.651280,-0.020960
-0.312117,0.263015,-0.010903
-0.312117,0.778187,-0.206431
-0.312117,0.443754,-0.197542
-0.312117,0.329419,-0.287367
-0.312117,0.571770,-0.036660
-0.312117,0.761854,-0.201818
-0.312117,0.548428,0.006124
-0.312117,0.475887,-0.274201
-0.312117,0.179288,-0.085483
-0.312117,0.852094,0.260572
-0.312117,0.375311,-0.110231
-0.312117,0.409463,0.012479
-0.312117,0.540291,-0.152857
-0.312117,0.647300,-0.272221
-0.312117,0.700360,-0.256937
-0.312117,0.335556,0.030377
-0.312117,0.462919,-0.066516
-0.312117,0.752212,-0.311461
-0.225084,-0.456357,-0.250027
-0.219738,-0.349426,-0.250027
-0.204692,-0.678039,-0.250027
-0.216214,-0.360137,-0.250027
-0.225520,-0.579067,-0.250027
-0.218590,-0.233170,-0.250027
-0.209918,-0.334379,-0.250027
-0.254900,-0.388270,-0.250027
-0.228014,-0.179220,-0.250027
-0.205484,-0.162391,-0.250027
-0.296972,-0.156630,-0.250027
-0.205662,-0.633433,-0.250027
-0.226252,-0.281201,-0.250027
-0.173787,-0.038375,0.363246
-0.144208,-0.064212,0.363246
-0.024052,-0.146394,0.363246
-0.048146,-0.080624,0.363246
-0.025616,-0.115806,0.363246
-0.039396,-0.070943,0.363246
-0.078755,-0.116004,0.363246
-0.051017,-0.131783,0.363246
-0.099503,-0.141821,0.363246
-0.067133,-0.081436,0.363246
0.114259,-0.132635,0.363246
-0.004709,-0.122795,0.363246
-0.285647,0.828594,0.363246
-0.191169,0.480440,0.363246
-0.189407,0.067388,0.363246
-0.259731,0.754271,0.363246
-0.223124,0.421025,0.363246
-0.237874,0.781652,0.363246
-0.207246,0.741323,0.363246
-0.203662,0.252086,0.363246
-0.243991,0.724949,0.363246
-0.210592,0.793155,0.363246
-0.206533,0.421501,0.363246
-0.217976,0.237317,0.363246
-0.240744,0.592618,0.363246
-0.222886,0.401702,0.363246
-0.196911,0.530015,0.363246
-0.263592,0.657536,0.363246
-0.234369,0.568820,0.363246
-0.268403,0.772822,0.363246
-0.244368,0.628631,0.363246
-0.206315,0.134663,0.363246
-0.225916,-0.438439,0.250277
-0.243199,-0.580492,0.250277
-0.284182,-0.730187,0.250277
-0.263552,-0.738602,0.250277
-0.241358,-0.537629,0.250277
-0.233795,-0.639967,0.250277
-0.287746,-0.702846,0.250277
-0.198653,-0.650697,0.250277
-0.216670,-0.727792,0.250277
-0.217580,-0.353722,0.250277
-0.248723,-0.508803,0.250277
0.459126,-0.146691,0.214204
0.101232,-0.146691,-0.013912
0.376033,-0.146691,0.163085
0.190027,-0.146691,0.034039
0.083255,-0.146691,-0.013694
0.359560,-0.146691,0.157027
0.521649,-0.146691,0.221292
0.375538,-0.146691,0.191495
0.124297,-0.146691,-0.003676
0.321508,-0.146691,0.107531
-0.010609,-0.146691,-0.076158
-0.197485,-0.183694,-0.362996
-0.224688,-0.591084,-0.362996
-0.219065,-0.605577,-0.362996
-0.220233,-0.314957,-0.362996
-0.285647,-0.676178,-0.362996
-0.203029,-0.374808,-0.362996
-0.215066,-0.699163,-0.362996
-0.192456,-0.683325,-0.362996
-0.223520,-0.535115,-0.362996
-0.268898,-0.713775,-0.362996
-0.221322,-0.567366,-0.362996
0.455463,-0.579879,0.329272
0.455463,-0.516603,0.345744
0.455463,-0.745610,0.254969
0.455463,-0.735513,0.327114
0.455463,-0.593124,0.350417
0.455463,-0.394764,0.362612
0.455463,-0.631691,0.361424
0.455463,-0.475878,0.346160
0.455463,-0.666001,0.301495
0.455463,-0.315036,0.359266
0.455463,-0.290625,0.336776
0.455463,-0.546756,0.332341
0.455463,-0.425472,0.330242
0.575481,-0.193910,-0.271310
0.575481,-0.212937,-0.272696
0.575481,-0.479026,-0.258362
0.575481,-0.242852,-0.329339
0.575481,-0.241308,-0.258362
0.575481,-0.279241,-0.302492
0.575481,-0.157066,-0.312273
0.575481,-0.303633,-0.274201
0.575481,-0.426699,-0.260144
0.575481,-0.253305,-0.261451
0.575481,-0.462633,-0.262361
0.575481,-0.217748,-0.313956
0.352770,-0.146691,0.328836
0.430102,-0.146691,0.255028
0.404522,-0.146691,0.339587
0.301017,-0.146691,0.301119
0.429904,-0.146691,0.281558
0.403948,-0.146691,0.310028
0.282248,-0.146691,0.259483
0.241305,-0.146691,0.303316
0.305986,-0.146691,0.334895
0.075890,-0.146691,0.275916
0.177198,-0.146691,0.296763
0.550733,-0.375778,0.250277
0.542655,-0.730583,0.250277
0.538339,-0.643392,0.250277
0.558454,-0.320758,0.250277
0.491892,-0.605319,0.250277
0.545546,-0.464177,0.250277
0.568908,-0.399358,0.250277
0.509968,-0.516108,0.250277
0.501376,-0.570554,0.250277
0.528064,-0.468533,0.250277
0.507711,-0.535095,0.250277
0.545407,-0.432777,0.250277
-0.284835,-0.760321,0.282528
-0.259573,-0.760321,0.308860
-0.312117,0.092908,0.049937
-0.312117,0.252364,0.190981
-0.312117,0.621662,0.237487
-0.312117,-0.122617,-0.218726
-0.312117,0.196968,0.176944
-0.312117,0.024841,0.190921
-0.312117,-0.140376,-0.128049
-0.312117,-0.057975,0.089554
-0.312117,0.679176,0.291279
-0.312117,-0.029426,0.232438
-0.312117,0.001539,0.218956
-0.312117,-0.018675,-0.054914
-0.312117,-0.063024,-0.086612
-0.312117,0.238188,-0.008289
-0.312117,0.014982,0.045305
-0.312117,0.291703,0.021448
-0.312117,0.405939,0.224598
-0.312117,0.042521,0.267224
-0.312117,-0.114776,0.076883
-0.312117,0.431420,0.256355
-0.312117,0.099837,0.110184
-0.312117,-0.045106,0.130932
-0.312117,0.260164,0.058550
-0.312117,0.017892,-0.040917
-0.312117,0.148700,0.171519
-0.312117,-0.024496,-0.147571
-0.312117,0.024485,0.255583
-0.312117,0.361353,0.272391
-0.312117,0.640233,0.263185
-0.312117,0.486578,0.140455
-0.312117,0.071862,-0.033611
-0.312117,0.367016,0.158452
-0.312117,-0.064113,-0.154223
-0.312117,0.031157,0.119311
-0.312117,0.313778,0.061816
-0.312117,-0.132516,-0.042145
-0.312117,0.074773,0.267244
-0.312117,0.057489,0.238893
-0.312117,-0.067637,0.120004
-0.312117,0.749975,0.345804
-0.312117,0.223062,0.100582
-0.312117,0.674622,0.267521
-0.312117,0.424530,0.103650
-0.312117,0.630234,0.305732
-0.312117,0.628749,0.282766
-0.312117,-0.043938,0.215471
-0.312117,0.284298,0.151978
-0.312117,0.634036,0.330598
-0.312117,-0.036494,-0.143631
-0.312117,0.132485,0.272530
-0.312117,0.490953,0.301634
-0.312117,0.195265,0.273302
-0.312117,-0.003371,-0.108766
-0.312117,-0.119231,-0.026583
-0.312117,-0.095038,-0.089918
-0.312117,-0.013211,0.198148
-0.312117,0.024742,0.239150
-0.312117,0.254918,0.228340
-0.312117,0.119893,0.145425
-0.312117,0.173962,0.279242
-0.312117,0.018387,0.142297
-0.312117,-0.031960,0.124280
-0.312117,0.172299,0.230696
-0.312117,0.140701,-0.005993
-0.312117,0.117497,0.235527
-0.312117,0.709665,0.308127
-0.312117,-0.128774,0.017983
-0.312117,0.016764,-0.145769
-0.312117,0.184000,0.117905
-0.312117,0.100807,0.266848
-0.312117,0.121259,0.156532
-0.312117,0.089245,0.193258
-0.312117,-0.116301,0.250574
-0.312117,-0.055045,0.242021
-0.312117,0.678602,0.328955
-0.312117,-0.081199,-0.201402
-0.312117,0.383052,0.112005
-0.312117,0.104609,0.048571
-0.312117,0.015853,0.095632
-0.312117,0.035196,-0.056459
0.575481,-0.087514,-0.274141
0.575481,-0.110936,-0.047728
0.575481,-0.071517,-0.185900
0.575481,-0.108857,-0.235851
0.575481,-0.142296,-0.027395
0.575481,-0.118142,-0.189998
0.575481,-0.058965,-0.296969
0.575481,-0.138297,0.106521
0.575481,-0.064766,-0.258976
0.575481,-0.122953,0.010341
-0.312117,-0.159441,0.351347
-0.312117,-0.467206,0.343448
-0.312117,-0.220915,0.307613
-0.312117,-0.725773,0.256018
-0.312117,-0.265224,0.324421
-0.312117,-0.355247,0.290784
-0.312117,0.186118,0.347783
-0.312117,-0.396427,0.322818
-0.312117,-0.137762,0.317096
-0.312117,0.142879,0.327747
-0.312117,-0.598548,0.341468
-0.312117,0.387962,0.334420
-0.312117,-0.585422,0.321293
-0.312117,-0.569346,0.318858
-0.312117,0.010804,0.314700
-0.312117,-0.564495,0.273619
-0.312117,-0.452318,0.359068
-0.312117,0.175289,0.322323
-0.312117,-0.309453,0.304405
-0.312117,-0.220975,0.340616
-0.312117,-0.339032,0.287300
-0.312117,-0.056074,0.342180
-0.312117,-0.654419,0.290447
-0.312117,-0.277657,0.348635
-0.312117,0.126308,0.323392
-0.312117,0.579056,0.354554
-0.312117,-0.314066,0.331945
-0.312117,0.715882,0.354099
-0.312117,-0.467998,0.306286
0.567284,-0.146691,0.224539
0.390703,-0.146691,0.103037
-0.151276,-0.146691,-0.190751
0.505771,-0.146691,-0.107994
0.370469,-0.146691,0.031010
0.429607,-0.146691,0.031050
0.506385,-0.146691,-0.029335
-0.038604,-0.146691,-0.118289
0.037006,-0.146691,-0.216508
0.458057,-0.146691,0.083377
0.050865,-0.146691,-0.074871
0.547506,-0.146691,-0.137671
0.495515,-0.146691,-0.120368
0.560830,-0.146691,-0.162815
0.301175,-0.146691,-0.142185
0.341287,-0.146691,-0.222448
0.278387,-0.146691,-0.215261
-0.073548,-0.146691,-0.148363
0.311985,-0.146691,0.045423
0.380012,-0.146691,0.088346
0.471540,-0.146691,-0.143057
0.375300,-0.146691,0.045027
0.172664,-0.146691,-0.189959
0.047123,-0.146691,-0.222230
0.383279,-0.146691,0.018240
0.199273,-0.146691,-0.181782
0.180801,-0.146691,-0.236406
0.471936,-0.146691,0.091851
0.526896,-0.146691,0.019745
0.494803,-0.146691,-0.076000
0.278664,-0.146691,0.031703
-0.152523,-0.146691,-0.177209
0.211924,-0.146691,-0.219834
0.550357,-0.146691,0.177934
0.527034,-0.146691,0.173261
0.184919,-0.146691,-0.095125
0.335961,-0.146691,-0.029850
0.464511,-0.146691,0.159759
-0.125597,-0.146691,-0.229239
0.419747,-0.146691,-0.156797
0.533271,-0.146691,-0.043748
0.352215,-0.146691,-0.116052
0.504385,-0.146691,0.110976
0.531667,-0.146691,0.064469
0.311708,-0.146691,-0.122367
0.359659,-0.146691,-0.213657
0.353146,-0.146691,0.079397
-0.036762,-0.146691,-0.227675
0.379458,-0.146691,0.064489
-0.109145,-0.146691,-0.223735
0.163755,-0.146691,-0.070456
-0.011322,-0.146691,-0.124803
0.257837,-0.146691,-0.069922
0.549149,-0.146691,0.108303
0.237939,-0.146691,-0.135533
0.161538,-0.146691,-0.091759
0.503138,-0.146691,-0.046401
0.533251,-0.146691,0.030733
0.182049,-0.146691,-0.125297
0.368054,-0.146691,-0.193681
0.499950,-0.146691,0.183576
0.475222,-0.146691,-0.201679
0.428676,-0.146691,0.074289
0.014515,-0.146691,-0.107340
0.507513,-0.146691,0.022754
0.202876,-0.146691,-0.106826
0.089175,-0.146691,-0.138661
-0.063569,-0.146691,-0.231674
0.479598,-0.146691,0.111253
-0.204355,-0.510268,-0.250027
-0.223183,-0.303593,-0.250027
-0.201484,-0.242159,-0.250027
-0.271452,-0.345189,-0.250027
-0.256761,-0.272450,-0.250027
-0.278381,-0.315927,-0.250027
-0.208255,-0.311730,-0.250027
-0.193070,-0.718705,-0.250027
-0.217125,-0.532739,-0.250027
-0.194278,-0.155680,-0.250027
-0.291290,-0.245742,-0.250027
0.559583,-0.760321,0.262274
0.553267,-0.760321,0.312166
-0.261929,-0.483718,0.250277
-0.300931,-0.307751,0.250277
-0.280955,-0.580888,0.250277
-0.258127,-0.159283,0.250277
-0.303723,-0.398942,0.250277
-0.306396,-0.170628,0.250277
-0.254643,-0.322837,0.250277
-0.217363,-0.256849,0.250277
-0.295051,-0.430540,0.250277
-0.283410,-0.396130,0.250277
-0.261869,-0.437529,0.250277
-0.237042,-0.289734,0.250277
-0.183013,-0.022338,-0.148481
-0.183013,0.053074,0.198088
-0.183013,0.338051,-0.058538
-0.183013,0.457177,-0.176357
-0.183013,0.131119,-0.323617
-0.183013,0.327637,0.008361
-0.183013,0.077267,-0.341396
-0.183013,0.095205,-0.042620
-0.183013,0.190236,0.121667
-0.183013,0.003796,-0.312609
-0.183013,0.454920,-0.070179
-0.183013,0.240405,-0.288535
-0.183013,0.115874,0.038237
-0.183013,0.654844,-0.353097
-0.183013,-0.000857,0.114579
-0.183013,0.580897,-0.194928
-0.183013,0.157609,-0.105757
-0.183013,0.668504,-0.277883
-0.183013,0.030484,0.075616
-0.183013,0.296375,-0.167310
-0.183013,0.158995,-0.069169
-0.183013,0.016625,-0.030939
-0.183013,0.544329,-0.196274
-0.183013,0.415918,-0.111142
-0.183013,0.079306,-0.076970
-0.183013,0.360561,-0.269746
-0.183013,0.326112,0.061163
-0.183013,0.129555,0.050017
-0.183013,0.043966,-0.291029
-0.183013,0.776623,-0.303918
-0.183013,0.227457,-0.207797
-0.183013,0.199185,-0.004943
-0.183013,0.306116,-0.104945
-0.183013,0.546567,-0.295088
-0.183013,0.693648,-0.328250
-0.183013,0.491032,-0.351889
-0.183013,0.548091,-0.342445
-0.183013,0.498714,-0.305799
-0.183013,0.027653,0.227113
-0.183013,0.185465,-0.362660
-0.183013,0.441695,-0.286278
-0.183013,0.234347,-0.071585
-0.183013,0.268262,0.046473
-0.183013,0.635619,-0.201838
-0.183013,0.538192,-0.117358
-0.183013,0.372460,-0.235257
-0.183013,0.297603,0.027268
-0.183013,0.525481,-0.284436
-0.183013,0.245434,-0.344168
-0.183013,0.113597,-0.245414
-0.183013,0.487211,-0.167587
-0.183013,0.484835,-0.110766
-0.183013,0.509979,-0.303344
-0.183013,0.566543,-0.134286
-0.183013,0.350326,0.035445
-0.183013,0.001479,0.181735
-0.183013,0.774346,-0.342762
-0.183013,0.148521,0.190308
-0.183013,0.184079,-0.042620
-0.183013,0.409582,-0.192632
-0.183013,0.470699,-0.139849
-0.183013,0.467987,-0.354701
-0.183013,0.219201,-0.310828
-0.183013,0.256046,0.077220
-0.183013,-0.030574,-0.039096
-0.183013,0.486380,-0.362580
-0.183013,0.100253,0.168015
-0.183013,0.110548,-0.315559
-0.183013,0.486360,-0.284832
-0.183013,0.087364,0.062153
-0.183013,0.517424,-0.237534
-0.183013,0.042620,-0.163924
-0.183013,0.011537,0.041008
-0.183013,0.217994,-0.258124
-0.183013,0.268677,-0.312055
-0.183013,0.318450,-0.247631
-0.183013,-0.009687,0.121845
-0.183013,0.277587,0.037900
-0.183013,0.098630,0.001075
-0.183013,0.200235,-0.125515
-0.183013,0.370659,-0.285941
-0.183013,0.022525,0.207156
-0.183013,0.284892,-0.138404
-0.183013,0.012487,0.010974
-0.183013,0.110568,0.065974
-0.183013,0.001360,0.323352
-0.183013,0.023257,0.257939
-0.183013,0.091522,-0.190870
-0.183013,0.236545,-0.353414
-0.183013,0.377905,-0.358838
-0.183013,0.087345,0.101334
-0.183013,0.586856,-0.270736
-0.183013,0.080613,-0.235554
-0.183013,0.047748,0.169242
-0.183013,0.693826,-0.236703
-0.183013,-0.004975,0.097453
-0.183013,0.315025,-0.234743
-0.183013,0.199185,-0.259134
-0.183013,0.442487,-0.153094
-0.183013,0.052698,-0.182000
-0.183013,0.116567,0.224677
-0.183013,0.098610,-0.125594
-0.183013,-0.015429,0.090346
-0.183013,0.235297,0.040355
-0.183013,0.512632,-0.265806
-0.312117,-0.714666,-0.320687
-0.312117,-0.497478,-0.309521
-0.312117,-0.278132,-0.266915
-0.312117,-0.443983,-0.271508
-0.312117,-0.430817,-0.260104
-0.312117,-0.512960,-0.282397
-0.312117,-0.634542,-0.264044
-0.312117,-0.731336,-0.322568
-0.312117,-0.720981,-0.282773
-0.312117,-0.399318,-0.286238
-0.312117,-0.721357,-0.332566
-0.312117,-0.555982,-0.305324
-0.312117,0.401306,0.303158
-0.312117,-0.109154,0.088208
-0.312117,0.150917,0.239388
-0.312117,-0.069993,0.074685
-0.312117,-0.091711,0.063222
-0.312117,0.344881,0.262433
-0.312117,0.230605,0.135070
-0.312117,0.265351,0.069023
-0.312117,-0.058470,-0.099421
-0.312117,-0.136713,-0.030048
-0.312117,-0.099591,0.151166
-0.312117,-0.079832,0.015587
-0.312117,0.122922,-0.029018
-0.312117,-0.144929,0.145959
-0.312117,-0.145503,-0.063210
-0.312117,-0.053184,-0.163548
-0.312117,0.437755,0.194505
-0.312117,0.198473,0.014914
-0.312117,-0.048947,0.227251
-0.312117,0.066576,0.154433
-0.312117,-0.138594,0.156829
-0.312117,-0.039483,0.151008
-0.312117,0.238643,0.265541
-0.312117,-0.069993,-0.004726
-0.312117,0.423144,0.123864
-0.312117,0.371074,0.242298
-0.312117,0.111221,0.250831
-0.312117,0.413166,0.233547
-0.312117,0.482836,0.255147
-0.312117,0.596676,0.224301
-0.312117,0.147868,0.275183
-0.312117,0.213678,0.259998
-0.312117,0.292475,0.034099
-0.312117,0.523581,0.292210
-0.312117,0.046144,0.175498
-0.312117,0.015853,0.209611
-0.312117,-0.065776,-0.051786
-0.312117,0.055331,0.122498
-0.312117,0.287129,0.207592
-0.312117,0.148145,-0.037413
-0.312117,0.132861,0.200246
-0.312117,0.241554,0.118558
-0.312117,0.054004,-0.021713
-0.312117,0.082573,0.251603
-0.312117,0.265747,0.227548
-0.312117,0.078930,0.192881
-0.312117,0.129891,-0.067031
-0.312117,0.498081,0.151047
-0.312117,-0.090326,0.096365
-0.312117,0.224765,0.186388
-0.312117,0.100728,0.092266
-0.312117,0.415581,0.135506
-0.312117,-0.104244,-0.050163
-0.312117,-0.111926,-0.100906
-0.312117,-0.021526,-0.118051
-0.312117,0.092433,-0.015555
-0.312117,0.187207,0.057916
-0.312117,0.647518,0.282469
-0.312117,0.648191,0.253722
-0.312117,0.265213,0.002976
-0.312117,0.430826,0.273718
-0.312117,0.211084,0.000382
-0.312117,0.189306,0.041998
-0.312117,0.231694,0.222104
-0.312117,0.138959,0.040929
-0.312117,0.302018,0.025724
-0.312117,0.116409,0.102304
-0.312117,0.120309,0.184942
-0.312117,0.047293,-0.097877
-0.312117,0.057469,0.078388
-0.312117,0.169824,0.110283
-0.312117,0.178258,-0.031711
-0.312117,0.450208,0.267422
-0.183409,0.427678,-0.362996
-0.259870,-0.760321,-0.282516
-0.224668,-0.760321,-0.252423
-0.297427,-0.760321,-0.301503
-0.260464,0.465413,0.363246
-0.200791,-0.031267,0.363246
-0.194377,-0.091533,0.363246
-0.002175,-0.146691,0.324619
-0.052264,-0.146691,0.336617
0.082958,-0.146691,0.304544
-0.062243,-0.146691,0.323649
-0.101899,-0.146691,0.328044
0.054884,-0.146691,0.309988
-0.115876,-0.146691,0.301911
-0.112808,-0.146691,0.273619
-0.183884,-0.146691,0.256117
-0.013975,-0.146691,0.288864
0.087789,-0.146691,0.319650
0.052310,-0.146691,0.359563
-0.029001,-0.146691,0.331549
-0.220174,0.853520,-0.017159
-0.252960,0.853520,0.306781
-0.270244,0.853520,0.178528
-0.199802,0.853520,-0.063151
-0.245833,0.853520,0.107016
-0.245041,0.853520,0.340953
-0.241457,0.853520,0.171202
-0.266086,0.853520,0.198425
-0.185151,0.853520,0.144653
-0.191684,0.853520,0.032871
-0.217521,0.853520,0.111372
-0.185111,0.853520,-0.047351
-0.223461,0.853520,0.336855
-0.244665,0.853520,0.331034
-0.226589,-0.760321,0.287517
-0.265829,-0.760321,0.268036
-0.256187,-0.760321,0.299495
-0.278421,-0.376609,0.363246
-0.305307,-0.360988,0.363246
-0.300555,0.209421,0.363246
-0.253356,-0.686908,0.363246
-0.286657,0.469492,0.363246
-0.304060,-0.023209,0.363246
-0.304198,0.652329,0.363246
-0.284202,-0.444834,0.363246
-0.274204,-0.335706,0.363246
-0.296734,0.195008,0.363246
-0.309148,0.703943,0.363246
-0.253396,-0.749431,0.363246
-0.202494,-0.750501,0.363246
-0.287033,-0.577186,0.363246
-0.299941,-0.669803,0.363246
-0.287924,-0.032673,0.363246
-0.234211,-0.736068,0.363246
-0.289547,-0.075873,0.363246
-0.250050,-0.549785,0.363246
-0.298694,-0.395932,0.363246
-0.267492,-0.042750,0.363246
-0.306792,-0.273341,0.363246
-0.309563,-0.330935,0.363246
-0.227975,-0.279498,0.363246
-0.301327,-0.001213,0.363246
-0.302218,-0.501458,0.363246
-0.285409,0.454940,0.363246
-0.301169,0.368164,0.363246
-0.290775,0.005637,0.363246
-0.292141,-0.008539,0.363246
-0.257336,-0.573523,0.363246
-0.305287,0.532629,0.363246
-0.303386,0.272479,0.363246
0.514641,-0.552696,0.363246
0.459344,-0.250138,0.363246
0.461839,-0.601934,0.363246
0.487616,-0.487500,0.363246
0.502405,-0.542876,0.363246
0.484171,-0.759331,0.363246
0.466174,-0.496884,0.363246
0.534261,-0.566158,0.363246
0.504702,-0.532739,0.363246
0.531746,-0.745076,0.363246
0.490803,-0.439528,0.363246
0.472074,-0.523790,0.363246
0.455463,-0.369066,0.362197
0.455463,-0.694254,0.315512
0.455463,-0.574751,0.340399
0.455463,-0.724703,0.275322
0.455463,-0.678454,0.277262
0.455463,-0.713696,0.324283
0.455463,-0.724090,0.286409
0.455463,-0.645312,0.287893
0.455463,-0.207710,0.356039
0.455463,-0.564594,0.358732
0.455463,-0.322698,0.345427
0.455463,-0.488648,0.337073
-0.281390,-0.146691,-0.053232
-0.248842,-0.146691,0.124637
-0.272085,-0.146691,0.206938
-0.292834,-0.146691,0.032654
-0.247852,-0.146691,0.171163
-0.265116,-0.146691,0.194584
-0.280579,-0.146691,0.043087
-0.243318,-0.146691,0.210343
-0.279034,-0.146691,-0.009062
-0.246664,-0.146691,0.185140
0.575481,-0.137228,0.232914
0.575481,-0.129784,0.209868
0.575481,-0.110500,0.225469
0.575481,-0.045581,-0.278240
0.575481,-0.078803,0.140000
0.575481,-0.087059,0.198959
0.575481,-0.140554,0.253959
0.575481,-0.039345,0.187952
0.575481,-0.101947,0.051066
0.575481,-0.053362,-0.120942
0.575481,-0.092008,0.071221
0.575481,-0.076506,0.068825
0.575481,-0.048432,0.157007
0.538042,-0.179854,-0.250027
0.518066,-0.296208,-0.250027
0.564572,-0.634185,-0.250027
0.540834,-0.580235,-0.250027
0.532340,-0.398486,-0.250027
0.559187,-0.177715,-0.250027
0.555881,-0.236061,-0.250027
0.575362,-0.504368,-0.250027
0.477044,-0.206027,-0.250027
0.558514,-0.411296,-0.250027
0.503257,-0.266590,-0.250027
0.526163,-0.451229,-0.250027
0.563938,-0.363602,-0.250027
0.478489,-0.760321,-0.277467
0.495040,-0.760321,-0.298176
-0.312117,-0.288210,-0.281090
-0.312117,-0.101729,-0.289861
-0.312117,0.396258,-0.351157
-0.312117,0.394436,-0.325082
-0.312117,-0.470750,-0.322627
-0.312117,-0.345368,-0.350444
-0.312117,-0.391280,-0.349711
-0.312117,-0.265739,-0.358126
-0.312117,-0.668536,-0.358898
-0.312117,0.018248,-0.329695
-0.312117,-0.264650,-0.275547
-0.312117,-0.522483,-0.360739
-0.312117,-0.603023,-0.347039
-0.312117,0.700400,-0.351869
-0.312117,0.284001,-0.346366
-0.312117,0.012586,-0.312095
-0.312117,-0.260076,-0.336348
-0.312117,-0.061440,-0.315401
-0.312117,0.428311,-0.333061
-0.312117,-0.559447,-0.355255
-0.312117,-0.284547,-0.320984
-0.312117,-0.055302,-0.330230
-0.312117,-0.603854,-0.334407
-0.312117,0.157549,-0.343455
-0.312117,-0.579601,-0.337773
-0.312117,-0.433450,-0.340743
-0.312117,-0.144969,-0.299602
-0.312117,0.061211,-0.349414
-0.312117,0.040660,-0.319994
-0.312117,-0.121409,-0.295385
-0.312117,-0.046571,-0.319816
0.551703,-0.760321,0.288349
0.463561,-0.760321,0.277539
0.495337,-0.760321,0.334123
0.465422,-0.760321,0.360058
-0.277965,-0.146691,-0.021257
-0.264107,-0.146691,0.003510
-0.279391,-0.146691,0.227509
-0.224530,-0.146691,0.155027
-0.253455,-0.146691,0.199435
-0.292715,-0.146691,0.246337
-0.257910,-0.146691,0.090960
-0.209681,-0.146691,0.191099
-0.302792,-0.146691,0.160234
-0.311325,-0.146691,0.111391
0.492288,-0.092503,0.363246
0.310857,-0.116400,0.363246
0.444871,-0.062944,0.363246
0.445465,-0.090484,0.363246
0.051103,-0.037919,0.363246
0.403433,-0.126655,0.363246
-0.012490,-0.061717,0.363246
-0.095464,-0.039543,0.363246
-0.081883,-0.044294,0.363246
0.095787,-0.082703,0.363246
0.240078,-0.093473,0.363246
0.006913,-0.043206,0.363246
-0.153751,-0.038791,0.363246
0.058705,-0.111015,0.363246
0.149540,-0.099888,0.363246
-0.141436,-0.080387,0.363246
-0.110234,-0.085356,0.363246
-0.063945,-0.133921,0.363246
0.092026,-0.134278,0.363246
0.014119,-0.092622,0.363246
-0.153335,-0.119073,0.363246
0.167477,-0.144415,0.363246
-0.073112,-0.141445,0.363246
-0.209443,-0.760321,0.338815
0.292345,-0.146691,0.098344
0.311213,-0.146691,0.153146
0.255500,-0.146691,0.113886
0.111606,-0.146691,0.019646
0.469441,-0.146691,0.216857
0.030869,-0.146691,-0.053548
-0.036485,-0.146691,-0.073188
0.074940,-0.146691,-0.001182
0.550693,-0.105729,-0.362996
0.491338,-0.391201,-0.362996
0.504266,-0.421472,-0.362996
0.471124,-0.640382,-0.362996
0.513532,-0.179794,-0.362996
0.521629,-0.276153,-0.362996
0.554297,-0.127032,-0.362996
0.460868,-0.468612,-0.362996
0.459898,-0.219985,-0.362996
0.475064,-0.302781,-0.362996
0.529054,-0.238239,-0.362996
-0.193803,0.745540,0.363246
-0.213819,0.780325,0.363246
-0.288557,0.780345,0.363246
-0.203147,0.571156,0.363246
-0.246367,0.409503,0.363246
-0.227480,0.709784,0.363246
-0.252406,0.696737,0.363246
-0.195703,0.608912,0.363246
-0.214017,0.354305,0.363246
-0.187210,0.425777,0.363246
-0.188912,0.650924,0.363246
-0.252069,0.499348,0.363246
-0.275233,0.784127,0.363246
-0.230113,0.290990,0.363246
-0.200574,0.291584,0.363246
-0.195604,0.724573,0.363246
-0.211661,0.824773,0.363246
-0.227044,0.545042,0.363246
-0.230568,-0.661289,-0.362996
-0.204731,-0.335290,-0.362996
-0.237438,-0.717279,-0.362996
-0.225421,-0.684988,-0.362996
-0.191506,-0.248356,-0.362996
-0.251119,-0.712745,-0.362996
-0.193862,-0.333053,-0.362996
-0.199861,-0.293734,-0.362996
-0.197743,-0.396210,-0.362996
-0.211720,-0.612348,-0.362996
-0.207186,-0.492588,-0.362996
0.520263,-0.605201,-0.250027
0.500386,-0.409554,-0.250027
0.484013,-0.646559,-0.250027
0.492566,-0.484807,-0.250027
0.503534,-0.722427,-0.250027
0.482647,-0.352198,-0.250027
0.460433,-0.646520,-0.250027
0.528123,-0.662873,-0.250027
0.560632,-0.685721,-0.250027
0.529767,-0.614268,-0.250027
0.476865,-0.449705,-0.250027
0.508939,-0.512426,-0.250027
0.489913,-0.760321,-0.287525
0.458374,-0.760321,-0.322033
0.463620,-0.760321,0.319492
0.541665,-0.760321,0.331866
0.466768,-0.760321,0.291794
0.114101,-0.034098,-0.176001
-0.020449,-0.034098,-0.179149
0.051993,-0.034098,-0.157371
-0.176380,-0.034098,0.009984
0.220952,-0.034098,-0.313738
0.182227,-0.034098,-0.084355
0.068921,-0.034098,-0.061092
-0.097939,-0.034098,-0.140503
-0.151810,-0.034098,-0.114389
0.058369,-0.034098,0.122973
-0.050106,-0.034098,-0.191067
0.250333,-0.034098,-0.232466
-0.076082,-0.034098,-0.346761
0.306521,-0.034098,-0.297147
0.450712,-0.034098,-0.263173
0.281793,-0.034098,-0.258085
0.092006,-0.034098,-0.095937
0.086383,-0.034098,-0.294098
-0.028546,-0.034098,-0.119477
0.140175,-0.034098,-0.360026
-0.002115,-0.034098,0.174786
0.389159,-0.034098,-0.217241
0.244077,-0.034098,-0.299364
0.353265,-0.034098,-0.236128
0.149659,-0.034098,-0.062220
-0.113144,-0.034098,0.196346
0.115843,-0.034098,-0.209302
0.336872,-0.034098,-0.143156
-0.012925,-0.034098,-0.283347
-0.083467,-0.034098,-0.136800
0.064090,-0.034098,-0.154678
-0.125894,-0.034098,-0.177327
0.097411,-0.034098,-0.213519
0.293691,-0.034098,-0.227734
0.368390,-0.034098,-0.213974
-0.006095,-0.034098,-0.082691
0.304838,-0.034098,-0.160736
-0.155374,-0.034098,-0.232981
0.286109,-0.034098,-0.112706
0.001112,-0.034098,0.134694
-0.118371,-0.034098,-0.276774
0.174129,-0.034098,0.016280
-0.161333,-0.034098,-0.123080
0.052310,-0.034098,0.131447
-0.090634,-0.034098,0.015726
-0.127755,-0.034098,-0.109617
-0.182240,-0.034098,0.224895
0.061081,-0.034098,-0.037927
0.002300,-0.034098,-0.068080
0.406918,-0.034098,-0.209322
-0.166362,-0.034098,0.009153
-0.005382,-0.034098,-0.225101
-0.117401,-0.034098,-0.255174
0.126891,-0.034098,-0.193740
-0.093049,-0.034098,0.096167
0.273121,-0.034098,-0.291603
0.084225,-0.034098,-0.227397
0.032215,-0.034098,-0.021475
0.287079,-0.034098,-0.278477
0.366252,-0.034098,-0.358205
0.485933,-0.034098,-0.299899
0.084443,-0.034098,-0.356799
0.281060,-0.034098,-0.351652
0.317232,-0.034098,-0.235990
0.259579,-0.034098,-0.313777
-0.163412,-0.034098,0.166055
0.060428,-0.034098,0.019052
-0.052482,-0.034098,0.204364
0.033225,-0.034098,-0.328488
0.030888,-0.034098,-0.000033
0.032492,-0.034098,-0.304888
0.047024,-0.034098,0.094207
0.049242,-0.034098,0.004005
0.396088,-0.034098,-0.302572
-0.139159,-0.034098,-0.285822
0.412323,-0.034098,-0.252521
0.457008,-0.034098,-0.353592
-0.121856,-0.034098,0.161303
-0.091168,-0.034098,0.258909
-0.068479,-0.034098,-0.238326
0.326418,-0.034098,-0.261470
-0.030288,-0.034098,-0.151075
-0.030150,-0.034098,-0.085404
0.278724,-0.034098,-0.159252
-0.182735,-0.034098,0.189813
0.486547,-0.034098,-0.352998
0.466313,-0.034098,-0.297998
0.195670,-0.034098,-0.219993
0.412105,-0.034098,-0.344188
-0.174222,-0.034098,-0.215380
-0.032585,-0.034098,-0.028385
0.173595,-0.034098,-0.028404
0.047024,-0.034098,-0.256541
-0.190655,-0.760321,-0.265430
-0.190675,-0.760321,-0.295187
-0.254999,-0.760321,-0.353156
-0.196020,0.853520,-0.216904
-0.215363,0.853520,-0.165825
-0.214710,0.853520,0.317749
-0.202039,0.853520,-0.173526
-0.198713,0.853520,0.246456
-0.206018,0.853520,0.124082
-0.196812,0.853520,-0.228071
-0.191150,0.853520,0.226459
-0.273610,0.853520,0.252197
-0.226549,0.853520,0.311948
-0.193169,0.853520,-0.029731
-0.261058,0.853520,0.265066
-0.190655,0.853520,0.073676
0.575481,-0.147681,-0.290554
0.575481,-0.049798,-0.350622
0.575481,-0.564931,-0.274874
0.575481,-0.459584,-0.286713
0.575481,-0.348337,-0.298414
0.575481,-0.187100,-0.320252
0.575481,-0.360216,-0.292395
0.575481,-0.571880,-0.254897
0.575481,-0.108401,-0.345455
0.575481,-0.090128,-0.317856
-0.307940,-0.760321,0.354059
-0.307980,-0.760321,0.302505
-0.312117,-0.400189,-0.255709
-0.312117,-0.304524,-0.277230
-0.312117,-0.385974,-0.255966
-0.312117,-0.646262,-0.307878
-0.312117,-0.470552,-0.302374
-0.312117,-0.255503,-0.260837
-0.312117,-0.452714,-0.276240
-0.312117,-0.671268,-0.341119
-0.312117,-0.487381,-0.297266
-0.312117,-0.327767,-0.257986
0.575481,-0.068488,-0.076118
0.575481,-0.080486,0.049720
0.575481,-0.042790,0.012499
0.575481,-0.114856,0.096899
0.575481,-0.059381,0.207631
0.575481,-0.087257,0.247089
0.575481,-0.052234,0.136357
0.575481,-0.089751,0.028041
0.575481,-0.043245,0.097117
0.575481,-0.060291,0.107511
0.575481,-0.128457,0.224123
0.575481,-0.087435,-0.047470
0.575481,-0.123785,0.184447
0.575481,-0.046393,0.113747
-0.239636,0.853520,-0.289901
-0.245437,0.853520,-0.351929
-0.269690,0.853520,-0.258520
-0.285053,0.853520,0.135724
-0.271650,0.853520,-0.006963
-0.282420,0.853520,0.047146
-0.284578,0.853520,0.085654
-0.274877,0.853520,-0.284120
-0.300219,0.853520,-0.179624
-0.248941,0.853520,-0.055192
-0.258919,0.853520,0.042553
-0.275906,0.853520,0.027902
-0.292042,0.853520,-0.103203
-0.306752,0.853520,-0.106469
-0.230034,0.853520,-0.139057
-0.183013,-0.012261,0.202622
-0.183013,0.112627,-0.049133
-0.183013,0.522987,-0.332467
-0.183013,0.476203,-0.148877
-0.183013,0.059904,0.078843
-0.183013,0.023871,-0.244899
-0.183013,0.190791,-0.032305
-0.183013,-0.023823,-0.025435
-0.183013,0.148680,-0.155391
-0.183013,0.529659,-0.344861
-0.183013,0.185485,-0.245830
-0.183013,0.157708,0.103472
-0.183013,0.200532,0.120637
-0.183013,0.399762,-0.045847
-0.183013,0.038067,0.190209
-0.183013,0.369510,-0.025395
-0.183013,0.301899,-0.228546
-0.183013,0.225814,0.050710
-0.183013,0.645736,-0.224883
-0.183013,0.630591,-0.260124
-0.183013,0.563118,-0.352483
-0.183013,0.073209,0.132853
-0.183013,0.608120,-0.187999
-0.183013,0.193107,0.043741
-0.183013,0.084414,-0.252106
-0.183013,0.477312,-0.266004
-0.183013,0.136840,0.118954
-0.183013,0.804341,-0.325478
-0.183013,0.057330,-0.106568
-0.183013,0.045531,-0.271389
-0.183013,0.492656,-0.205817
-0.183013,0.465928,-0.121556
-0.183013,0.163727,-0.192909
-0.183013,-0.030792,-0.127119
-0.183013,0.419857,-0.075564
-0.183013,0.172794,-0.213004
-0.183013,0.370223,-0.127317
-0.183013,0.331260,-0.174496
-0.183013,-0.030653,-0.066358
-0.183013,0.013319,0.030238
-0.183013,0.266203,-0.167923
-0.183013,0.124348,-0.219062
-0.183013,0.522215,-0.119576
-0.183013,0.141255,-0.300671
-0.183013,0.209619,-0.074713
-0.183013,-0.019071,-0.203224
-0.183013,0.486162,-0.341555
-0.183013,0.366897,-0.353077
-0.183013,0.270261,0.107590
-0.183013,-0.007826,0.155542
-0.183013,0.268974,-0.020149
-0.183013,0.501981,-0.323360
-0.183013,0.533777,-0.305126
-0.183013,0.057093,-0.283130
-0.183013,0.097699,-0.231931
-0.183013,0.408196,-0.022069
-0.183013,0.151392,-0.172239
-0.183013,-0.011231,0.237903
-0.183013,0.271984,-0.295464
-0.183013,0.645043,-0.311164
-0.183013,0.507742,-0.111716
-0.183013,0.314827,-0.358284
-0.183013,0.190830,0.026140
-0.183013,0.059964,0.112480
-0.183013,0.232981,-0.343911
-0.183013,0.167152,-0.182079
-0.183013,0.330349,0.025269
-0.183013,0.426351,-0.297879
-0.183013,0.289842,0.036197
-0.183013,0.725781,-0.286990
-0.183013,0.316589,0.026278
-0.183013,0.561277,-0.275567
-0.183013,-0.021071,-0.276359
-0.183013,0.071625,-0.174120
-0.183013,0.205145,-0.106113
-0.183013,0.106767,-0.203600
-0.183013,0.053984,0.251979
-0.183013,0.163786,0.026793
-0.183013,0.087701,0.113015
-0.183013,0.491052,-0.269251
-0.183013,0.404514,-0.161073
-0.183013,0.119517,0.122973
-0.183013,-0.010657,0.330618
-0.183013,0.266005,-0.248601
-0.183013,0.317955,-0.211183
-0.183013,0.291109,-0.351988
-0.183013,0.058063,0.002085
-0.183013,0.677889,-0.351711
-0.183013,0.100847,0.030218
-0.183013,0.161430,0.165698
-0.183013,0.205263,-0.226051
-0.183013,0.169230,-0.145670
-0.183013,0.221637,-0.095580
-0.183013,0.214687,0.089712
-0.183013,0.154223,0.124062
-0.191684,-0.557903,0.363246
-0.265591,0.371055,0.363246
-0.274065,0.520136,0.363246
-0.190932,-0.659725,0.363246
-0.190774,-0.734999,0.363246
-0.235359,-0.025288,0.363246
-0.224332,-0.061123,0.363246
-0.244585,0.148482,0.363246
-0.214512,0.033137,0.363246
-0.221283,-0.189436,0.363246
-0.249258,0.038799,0.363246
-0.247575,0.186594,0.363246
-0.054046,-0.146691,-0.357750
0.102598,-0.146691,-0.321340
0.307709,-0.146691,-0.315282
0.406621,-0.146691,-0.305066
0.296047,-0.146691,-0.297385
0.378171,-0.146691,-0.270894
0.265538,-0.146691,-0.289307
0.165933,-0.146691,-0.342901
0.321706,-0.146691,-0.362382
0.298027,-0.146691,-0.357512
0.382705,-0.146691,-0.294474
0.430953,-0.146691,-0.269192
0.308817,-0.146691,-0.299206
-0.039633,-0.146691,-0.345316
0.430062,-0.146691,-0.349810
0.147045,-0.146691,-0.314134
0.016020,-0.146691,-0.350563
0.417312,-0.146691,-0.290574
0.329922,-0.146691,-0.343218
0.053795,-0.146691,-0.354661
0.392445,-0.146691,-0.314213
0.202302,-0.146691,-0.346643
0.458809,-0.707776,-0.362996
0.516581,-0.124220,-0.362996
0.499970,-0.362077,-0.362996
0.490902,-0.463603,-0.362996
0.466432,-0.339567,-0.362996
0.488962,-0.237744,-0.362996
0.513116,-0.301059,-0.362996
0.465442,-0.630642,-0.362996
0.523688,-0.160689,-0.362996
-0.199445,-0.081575,0.363246
-0.234171,0.122249,0.363246
-0.196535,-0.201058,0.363246
-0.211780,-0.256671,0.363246
-0.242229,-0.050016,0.363246
-0.251436,0.329834,0.363246
-0.297665,0.676602,0.363246
-0.210770,-0.130774,0.363246
-0.232350,0.189326,0.363246
-0.269987,0.302434,0.363246
-0.279074,0.796243,-0.362996
-0.211898,0.095561,-0.362996
-0.184616,0.824535,-0.362996
-0.228410,0.344307,-0.362996
-0.250584,0.821249,-0.362996
-0.198911,0.000826,-0.362996
-0.195882,0.432726,-0.362996
-0.234488,0.438686,-0.362996
-0.186200,0.763319,-0.362996
-0.209978,0.416789,-0.362996
-0.257415,0.628294,-0.362996
-0.198040,0.503367,-0.362996
-0.196654,0.586619,-0.362996
-0.239240,0.771258,-0.362996
-0.268799,0.613921,-0.362996
-0.217501,0.248899,-0.362996
-0.209424,0.521185,-0.362996
-0.258523,0.800559,-0.362996
-0.196376,0.670504,-0.362996
-0.236013,0.278953,-0.362996
-0.193585,-0.059975,-0.362996
-0.252426,0.645598,-0.362996
0.575481,-0.515594,-0.290376
0.575481,-0.123468,-0.354087
0.575481,-0.296485,-0.344168
0.575481,-0.704192,-0.332210
0.575481,-0.616545,-0.279328
0.575481,-0.367779,-0.355057
0.575481,-0.617773,-0.341357
0.575481,-0.577938,-0.281506
0.575481,-0.451942,-0.316807
0.575481,-0.335963,-0.320331
0.575481,-0.607616,-0.286713
0.575481,-0.391735,-0.339001
0.575481,-0.257503,-0.330388
0.575481,-0.139940,-0.358047
0.575481,-0.298663,-0.326547
0.575481,-0.294050,0.358969
0.575481,-0.139029,0.345309
0.575481,-0.051857,0.358910
0.575481,-0.228775,0.324144
0.575481,-0.238991,0.311117
0.575481,-0.399259,0.301574
0.575481,-0.251900,0.346358
0.575481,-0.328994,0.343705
0.575481,-0.418780,0.330539
0.575481,-0.061262,0.347407
0.575481,-0.525354,0.337686
0.575481,-0.455446,0.350318
0.575481,-0.332103,0.298010
0.575481,-0.297812,0.345843
0.539072,-0.550260,-0.362996
0.503059,-0.589758,-0.362996
0.543269,-0.717418,-0.362996
0.566413,-0.545410,-0.362996
0.534974,-0.476967,-0.362996
0.566710,-0.227904,-0.362996
0.538498,-0.418720,-0.362996
0.532261,-0.447764,-0.362996
0.480310,-0.717398,-0.362996
0.500485,-0.540658,-0.362996
0.543130,-0.344477,-0.362996
0.519551,-0.600291,-0.362996
0.528658,-0.393359,-0.362996
0.556178,-0.661468,-0.362996
0.544358,-0.452199,-0.362996
-0.184379,0.607110,-0.362996
0.455463,-0.688235,-0.296771
0.455463,-0.365146,-0.258362
0.455463,-0.540440,-0.254343
0.455463,-0.676910,-0.332309
0.455463,-0.401872,-0.293049
0.455463,-0.739711,-0.300889
0.455463,-0.567901,-0.321043
0.455463,-0.584135,-0.276319
0.455463,-0.431866,-0.278972
0.455463,-0.627335,-0.302948
0.455463,-0.692670,-0.257550
0.455463,-0.619337,-0.258322
-0.276579,0.019813,0.363246
-0.287785,0.498536,0.363246
-0.273214,-0.511317,0.363246
-0.308930,0.029237,0.363246
-0.282836,0.440269,0.363246
-0.286479,-0.508961,0.363246
-0.288102,0.264421,0.363246
-0.265730,0.218409,0.363246
-0.205127,-0.641669,0.363246
-0.241437,-0.481798,0.363246
-0.293547,-0.492548,0.363246
-0.208156,-0.580077,0.363246
-0.295467,0.486875,0.363246
-0.258603,-0.699619,0.363246
-0.308514,0.121457,0.363246
-0.302317,-0.740423,0.363246
-0.244566,-0.146414,0.363246
-0.293131,0.437221,0.363246
-0.282341,-0.693402,0.363246
-0.225856,-0.508149,0.363246
-0.238705,-0.705895,0.363246
-0.306970,-0.679385,0.363246
-0.295130,-0.566812,0.363246
-0.311464,0.136840,0.363246
-0.289924,-0.523018,0.363246
-0.260444,-0.077021,0.363246
-0.305465,0.057548,0.363246
-0.271947,0.077208,0.363246
0.151084,-0.146691,-0.263985
0.122377,-0.146691,-0.266182
0.026751,-0.146691,-0.278418
0.160152,-0.146691,-0.280536
-0.078873,-0.146691,-0.307284
0.231287,-0.146691,-0.275785
-0.178400,-0.146691,-0.300631
-0.028309,-0.146691,-0.278972
-0.059610,-0.146691,-0.302572
0.087729,-0.146691,-0.273567
0.120278,-0.146691,-0.293266
-0.123578,-0.146691,-0.304809
-0.010114,-0.146691,-0.269568
0.417134,-0.034098,0.001828
0.507573,-0.034098,-0.203956
0.421885,-0.034098,0.177617
0.565305,-0.034098,0.080942
0.349998,-0.034098,0.210918
0.406185,-0.034098,-0.040620
0.425905,-0.034098,-0.109281
0.337089,-0.034098,0.038415
0.441050,-0.034098,-0.132900
0.366232,-0.034098,0.234735
0.426677,-0.034098,-0.086334
0.059576,-0.034098,0.197079
0.495753,-0.034098,0.222143
0.420717,-0.034098,0.064648
0.565225,-0.034098,0.018122
0.467105,-0.034098,0.143425
0.265499,-0.034098,0.182923
0.363461,-0.034098,0.028535
0.222120,-0.034098,0.306603
0.470292,-0.034098,0.167935
0.508365,-0.034098,0.338914
0.313727,-0.034098,-0.013219
0.555603,-0.034098,-0.174773
0.036234,-0.034098,0.336261
0.190720,-0.034098,0.019448
-0.022567,-0.034098,0.318561
0.271814,-0.034098,-0.048559
0.523887,-0.034098,-0.176318
0.187592,-0.034098,0.231369
0.320637,-0.034098,0.312443
0.356254,-0.034098,0.166906
0.175594,-0.034098,0.072824
0.503217,-0.034098,0.110204
0.180881,-0.034098,0.335429
0.307808,-0.034098,-0.073129
0.377973,-0.034098,0.235725
0.542200,-0.034098,-0.111518
0.463026,-0.034098,0.003194
0.230198,-0.034098,0.207968
0.528282,-0.034098,-0.158103
0.519432,-0.034098,0.065855
0.460076,-0.034098,-0.015615
0.570254,-0.034098,-0.112627
0.353819,-0.034098,-0.035314
0.377933,-0.034098,-0.166339
0.289554,-0.034098,0.017389
-0.027239,-0.034098,0.275817
0.432359,-0.034098,0.000164
-0.102829,-0.034098,0.318244
0.181138,-0.034098,0.032020
0.271181,-0.034098,0.044829
0.131167,-0.034098,0.151463
0.549466,-0.034098,0.263561
0.240493,-0.034098,0.331569
0.319192,-0.034098,0.302128
0.572214,-0.034098,-0.037987
0.318123,-0.034098,-0.087047
0.013565,-0.034098,0.262373
0.323052,-0.034098,0.230597
0.484290,-0.034098,0.355366
0.346236,-0.034098,0.142574
0.552059,-0.034098,-0.197957
0.401592,-0.034098,0.098067
0.291712,-0.034098,-0.073228
0.054191,-0.034098,0.300228
0.235326,-0.034098,0.161541
0.168724,-0.034098,0.185200
0.374548,-0.034098,0.352852
0.433091,-0.034098,0.333845
0.556831,-0.034098,-0.093006
0.505573,-0.034098,-0.176357
0.499238,-0.034098,-0.090294
0.447406,-0.034098,-0.057587
0.221368,-0.034098,0.361345
0.046747,-0.034098,0.274609
0.399870,-0.034098,0.078348
0.453246,-0.034098,0.084307
0.222041,-0.034098,0.127487
0.555841,-0.034098,0.014914
0.415906,-0.034098,0.339864
0.519412,-0.034098,-0.137473
0.519491,-0.034098,-0.147848
0.420599,-0.034098,0.219748
0.505494,-0.034098,-0.240900
0.501712,-0.034098,0.251049
-0.077448,-0.034098,0.296565
0.002755,-0.034098,0.216976
0.539448,-0.034098,0.106818
0.517907,-0.034098,0.033307
0.372271,-0.034098,0.085416
0.265103,-0.034098,0.298070
0.147619,-0.034098,0.326599
-0.079210,-0.034098,0.330480
0.326854,-0.034098,0.354178
0.298859,-0.034098,0.206760
0.564988,-0.760321,-0.314272
0.544437,-0.760321,-0.290871
-0.190457,-0.702430,0.348239
-0.190457,-0.358019,0.251663
-0.190457,-0.721476,0.250316
-0.190457,-0.577344,0.299495
-0.190457,-0.433886,0.260809
-0.190457,-0.724307,0.301832
-0.190457,-0.384014,0.255662
-0.190457,-0.494409,0.251960
-0.190457,-0.541628,0.303019
-0.190457,-0.758816,0.297119
-0.190457,-0.548716,0.281776
-0.190457,-0.684810,0.325906
-0.149355,-0.105253,-0.362996
-0.096553,-0.061262,-0.362996
0.026275,-0.073141,-0.362996
0.170942,-0.120082,-0.362996
0.036590,-0.123805,-0.362996
0.164349,-0.139346,-0.362996
0.151916,-0.145464,-0.362996
0.115071,-0.106243,-0.362996
-0.040108,-0.098542,-0.362996
-0.041415,-0.060133,-0.362996
-0.095266,-0.117410,-0.362996
0.476192,-0.431827,0.250277
0.491397,-0.161045,0.250277
0.469520,-0.494112,0.250277
0.495298,-0.423492,0.250277
0.474113,-0.616209,0.250277
0.548813,-0.234121,0.250277
0.487933,-0.234497,0.250277
0.470332,-0.228656,0.250277
0.520976,-0.420601,0.250277
0.533627,-0.252553,0.250277
0.540260,-0.211986,0.250277
-0.304792,-0.687681,0.250277
-0.278223,-0.227963,0.250277
-0.239418,-0.349901,0.250277
-0.290339,-0.278271,0.250277
-0.196634,-0.168747,0.250277
-0.240428,-0.377025,0.250277
-0.290121,-0.607616,0.250277
-0.212156,-0.162629,0.250277
-0.233182,-0.167678,0.250277
-0.251337,-0.443310,0.250277
-0.285786,-0.249702,0.250277
-0.312117,0.751004,0.132813
-0.312117,0.248325,-0.170457
-0.312117,0.482895,0.049165
-0.312117,0.786958,-0.051311
-0.312117,0.626176,-0.063368
-0.312117,0.731285,-0.108845
-0.312117,0.013160,-0.215241
-0.312117,0.784463,0.217352
-0.312117,0.082890,-0.135038
-0.312117,0.710616,0.188763
-0.312117,0.636451,0.085277
-0.312117,0.565395,-0.156500
-0.312117,0.608852,0.180131
-0.312117,0.512573,-0.186296
-0.312117,0.447931,0.005767
-0.312117,0.326310,-0.156321
-0.312117,-0.019784,-0.247770
-0.312117,0.009656,-0.169685
-0.312117,0.228368,-0.118150
-0.312117,-0.031584,-0.190612
-0.312117,0.208966,-0.100629
-0.312117,0.371668,-0.286000
-0.312117,0.590044,0.022754
-0.312117,0.723999,0.216422
-0.312117,0.643301,0.045542
-0.312117,0.832633,0.242654
-0.312117,0.666049,0.075359
-0.312117,0.834989,0.164867
-0.312117,0.525165,-0.309501
-0.312117,0.545141,-0.057944
-0.312117,0.556644,0.130180
-0.312117,0.044501,-0.255313
-0.312117,0.494814,-0.255234
-0.312117,0.565296,-0.245810
-0.312117,0.304849,-0.089898
-0.312117,0.483370,-0.201343
-0.312117,0.789730,0.043127
-0.312117,0.627958,0.140772
-0.312117,0.152521,-0.176318
-0.312117,0.822258,0.201177
-0.312117,0.662783,-0.327280
-0.312117,0.278497,-0.019990
-0.312117,0.517701,-0.055033
-0.312117,0.460226,-0.200551
-0.312117,0.383844,-0.103975
-0.312117,0.197582,-0.138404
-0.312117,0.259273,-0.145294
-0.312117,0.187979,-0.219735
-0.312117,0.614277,-0.263193
-0.312117,0.424490,-0.070872
-0.312117,0.836869,-0.062200
-0.312117,0.737640,0.109491
-0.312117,0.807073,-0.343713
-0.312117,0.409780,-0.023316
-0.312117,0.202373,-0.041333
-0.312117,0.820437,0.095612
-0.312117,0.591964,-0.049688
-0.312117,0.396357,-0.251591
-0.312117,0.603388,-0.167626
-0.312117,0.574443,-0.001004
-0.312117,0.382656,-0.144700
-0.312117,0.050599,-0.152936
-0.312117,0.771238,-0.259194
-0.312117,0.266460,-0.064873
-0.312117,0.621642,-0.075782
-0.312117,0.519027,-0.281308
-0.312117,0.796758,-0.216093
-0.312117,0.748985,0.214046
-0.312117,0.772149,-0.317123
-0.312117,0.735344,-0.174952
-0.312117,0.542053,-0.187801
-0.312117,0.619523,-0.216825
-0.312117,0.721386,-0.076237
-0.312117,0.140582,-0.203600
-0.312117,0.799886,0.088445
-0.312117,0.361809,-0.224744
-0.312117,0.702577,0.022636
-0.312117,0.792284,0.168490
-0.312117,0.767021,-0.096273
-0.312117,0.503228,0.123429
-0.312117,0.286476,-0.225893
-0.312117,0.718871,-0.086057
-0.312117,0.340367,-0.025316
-0.312117,0.107974,-0.099045
-0.312117,0.536885,0.154453
-0.312117,0.406058,-0.199284
-0.312117,0.653636,-0.303779
-0.312117,0.646390,0.137149
-0.312117,0.084454,-0.204768
-0.312117,0.398673,-0.290118
-0.312117,0.277527,-0.195007
-0.312117,0.766328,-0.078276
-0.312117,0.524195,-0.261154
-0.312117,0.727602,0.043582
-0.312117,0.333339,-0.205837
-0.312117,0.810973,-0.142383
-0.312117,0.321658,0.012241
-0.312117,0.742134,-0.163726
-0.312117,0.762784,0.020992
-0.312117,0.056083,-0.174536
-0.312117,0.517562,-0.095105
-0.312117,0.816972,-0.055073
-0.312117,0.799035,-0.349850
-0.312117,0.708418,-0.120803
-0.312117,0.535836,-0.162558
-0.312117,0.364026,0.026080
-0.312117,0.008646,-0.159588
-0.312117,0.069190,-0.182435
-0.312117,0.664901,-0.043313
0.488527,-0.525611,0.250277
0.474074,-0.303553,0.250277
0.458394,-0.532957,0.250277
0.492763,-0.505239,0.250277
0.469995,-0.602172,0.250277
0.528796,-0.363325,0.250277
0.461126,-0.317591,0.250277
0.472787,-0.546716,0.250277
0.478845,-0.511297,0.250277
0.496129,-0.308127,0.250277
0.506662,-0.491717,0.250277
0.517195,-0.192030,0.250277
-0.190457,-0.460614,-0.250819
-0.190457,-0.269698,-0.269805
-0.190457,-0.205235,-0.347296
-0.190457,-0.218520,-0.336031
-0.190457,-0.160847,-0.261708
-0.190457,-0.335072,-0.271587
-0.190457,-0.192584,-0.293643
-0.190457,-0.307751,-0.292633
-0.190457,-0.291793,-0.335001
-0.190457,-0.502645,-0.267489
0.575481,-0.196643,0.302643
0.575481,-0.204245,0.268293
0.575481,-0.499596,0.343448
0.575481,-0.122082,0.276846
0.575481,-0.151661,0.261225
0.575481,-0.344675,0.293813
0.575481,-0.237823,0.344616
0.575481,-0.381658,0.351011
0.575481,-0.088148,0.347249
0.575481,-0.078922,0.339171
0.575481,-0.426145,0.341428
0.575481,-0.192307,0.262354
0.575481,-0.515613,0.357524
0.575481,-0.120815,0.341369
-0.309029,0.853520,-0.250066
-0.300318,0.853520,0.179537
-0.305762,0.853520,0.282825
-0.287132,0.853520,0.013212
-0.217877,0.853520,-0.361511
-0.291230,0.853520,-0.091304
-0.291171,0.853520,-0.277388
-0.304891,0.853520,-0.029533
-0.305762,0.853520,0.093870
-0.285251,0.853520,-0.004706
-0.192971,0.853520,-0.348583
0.563186,-0.107728,0.363246
0.524124,-0.356890,0.363246
0.563305,-0.263165,0.363246
0.472827,-0.204879,0.363246
0.518066,-0.447369,0.363246
0.538399,-0.306266,0.363246
0.536934,-0.497537,0.363246
0.523174,-0.110243,0.363246
0.497753,-0.187100,0.363246
0.549228,-0.582611,0.363246
0.510127,-0.344001,0.363246
0.523530,-0.383103,0.363246
0.570690,-0.348258,0.363246
0.559088,-0.407653,0.363246
0.550911,-0.615456,0.363246
-0.233162,0.481688,-0.362996
-0.249238,0.727385,-0.362996
-0.238765,0.457157,-0.362996
-0.205088,0.542528,-0.362996
-0.288656,0.767932,-0.362996
-0.263968,0.839285,-0.362996
-0.203702,0.484835,-0.362996
-0.201465,0.559713,-0.362996
-0.205226,0.239297,-0.362996
-0.220075,0.195740,-0.362996
-0.245971,0.434310,-0.362996
-0.222589,0.464067,-0.362996
-0.294873,0.791630,-0.362996
-0.213165,0.138899,-0.362996
-0.232251,0.640609,-0.362996
-0.210275,0.197601,-0.362996
-0.187190,0.530352,-0.362996
-0.243912,0.448308,-0.362996
-0.200257,0.038245,-0.362996
-0.228786,0.667614,-0.362996
-0.251693,0.474837,-0.362996
0.562949,-0.573108,0.250277
0.566512,-0.593995,0.250277
0.535587,-0.429629,0.250277
0.478806,-0.757707,0.250277
0.530796,-0.718249,0.250277
0.568512,-0.609457,0.250277
0.557682,-0.288665,0.250277
0.560890,-0.533214,0.250277
0.524104,-0.593896,0.250277
0.562790,-0.369323,0.250277
0.455463,-0.216560,-0.324548
0.455463,-0.531729,-0.348682
0.455463,-0.387875,-0.341475
0.455463,-0.330895,-0.309521
0.455463,-0.369759,-0.335694
0.455463,-0.514425,-0.337912
0.455463,-0.192742,-0.356106
0.455463,-0.374808,-0.352840
0.455463,-0.152334,-0.283031
0.455463,-0.257483,-0.299622
0.455463,-0.249187,-0.328309
-0.183013,0.282675,0.240120
-0.183013,0.792026,0.134120
-0.183013,0.048857,0.357128
-0.183013,0.659833,0.093712
-0.183013,0.397505,0.075141
-0.183013,0.646786,-0.171190
-0.183013,0.502852,0.343962
-0.183013,0.441022,0.191674
-0.183013,0.666010,0.354515
-0.183013,0.546844,0.148296
-0.183013,0.655061,-0.093224
-0.183013,0.693767,-0.018208
-0.183013,0.270756,0.128972
-0.183013,0.770545,0.195811
-0.183013,0.436290,0.095889
-0.183013,0.657041,0.169717
-0.183013,0.614297,0.079932
-0.183013,0.733641,0.130616
-0.183013,0.768941,0.241051
-0.183013,0.518493,-0.087740
-0.183013,0.395862,0.163481
-0.183013,0.696262,0.000560
-0.183013,0.707963,-0.067189
-0.183013,0.132089,0.233131
-0.183013,0.809330,-0.086394
-0.183013,0.844809,-0.320410
-0.183013,0.217835,0.344101
-0.183013,0.804717,-0.050024
-0.183013,0.387269,0.156848
-0.183013,0.536450,0.028931
-0.183013,0.699944,0.011034
-0.183013,0.534529,0.057263
-0.183013,0.788522,0.071716
-0.183013,0.664466,-0.057647
-0.183013,0.735601,-0.110904
-0.183013,0.721722,-0.070694
-0.183013,0.607704,-0.069248
-0.183013,0.295762,0.232201
-0.183013,0.379310,0.101611
-0.183013,0.313600,0.184507
-0.183013,0.582283,0.158610
-0.183013,0.156500,0.268570
-0.183013,0.828198,-0.068971
-0.183013,0.762111,0.363127
-0.183013,0.012210,0.349466
-0.183013,0.367907,0.074923
-0.183013,0.196097,0.337983
-0.183013,0.467631,-0.005636
-0.183013,0.642272,-0.056855
-0.183013,0.182476,0.337132
-0.183013,0.849501,-0.084176
-0.183013,0.329557,0.360811
-0.183013,0.799767,0.053442
-0.183013,0.200056,0.301495
-0.183013,0.638332,0.247208
-0.183013,0.115320,0.329826
-0.183013,0.501684,0.359682
-0.183013,0.319104,0.116796
-0.183013,0.524452,0.083317
-0.183013,0.582540,-0.011833
-0.183013,-0.000956,0.344418
-0.183013,0.741263,-0.187444
-0.183013,0.845086,0.299060
-0.183013,0.417581,0.309652
-0.183013,0.650270,0.337073
-0.183013,0.443378,0.244278
-0.183013,0.838612,0.271223
-0.183013,0.715644,-0.245869
-0.183013,0.449535,0.136476
-0.183013,0.579570,0.034990
-0.183013,0.094650,0.312463
-0.183013,0.487271,0.338617
-0.183013,0.572760,0.300723
-0.183013,0.713724,0.333746
-0.183013,0.555337,0.347684
-0.183013,0.528629,-0.025257
-0.183013,0.801054,0.149186
-0.183013,0.558842,-0.109281
-0.183013,0.323202,0.146197
-0.183013,0.512217,0.135724
-0.183013,0.412473,0.226697
-0.183013,0.741580,-0.238089
-0.183013,0.769634,0.333232
-0.183013,0.576997,0.285973
-0.183013,0.568563,-0.088433
-0.183013,0.103995,0.256869
-0.183013,0.791551,-0.033176
-0.183013,0.539142,0.172291
-0.183013,0.462919,0.084941
-0.183013,0.668940,0.150216
-0.183013,0.248246,0.291061
-0.183013,0.824278,-0.173526
-0.183013,0.841760,-0.176080
-0.183013,0.588064,0.216441
-0.183013,0.074614,0.293833
-0.183013,0.710002,0.064648
-0.183013,0.810023,-0.072971
-0.183013,0.543260,0.267264
-0.183013,0.690995,0.134674
-0.183013,0.199819,0.319789
-0.183013,0.360245,0.223410
-0.183013,0.439161,0.108699
-0.183013,0.849758,-0.232505
-0.183013,0.086830,0.301376
-0.183013,0.830732,-0.279071
-0.183013,0.642885,0.318363
-0.183013,0.416650,0.341270
-0.190457,-0.323075,-0.346227
-0.190457,-0.506486,-0.328507
-0.190457,-0.696867,-0.290930
-0.190457,-0.565564,-0.325419
-0.190457,-0.464395,-0.306789
-0.190457,-0.429451,-0.344148
-0.190457,-0.394071,-0.327141
-0.190457,-0.574355,-0.319222
-0.190457,-0.564179,-0.292079
-0.190457,-0.604468,-0.315124
-0.190457,-0.577859,-0.335199
0.402147,-0.034098,0.127943
0.230515,-0.034098,0.145009
0.220061,-0.034098,-0.021911
-0.136902,-0.034098,0.330202
0.086284,-0.034098,0.122241
0.208658,-0.034098,0.105432
0.267320,-0.034098,-0.033889
0.236890,-0.034098,0.064588
0.526341,-0.034098,-0.088512
0.573541,-0.034098,0.126003
0.307332,-0.034098,-0.099896
0.248076,-0.034098,0.261740
0.504682,-0.034098,-0.189404
0.363995,-0.034098,0.136852
0.561404,-0.034098,-0.348266
0.509473,-0.034098,0.058807
0.482686,-0.034098,0.104304
0.526203,-0.034098,-0.301443
0.398504,-0.034098,0.322798
0.247205,-0.034098,0.146078
0.421054,-0.034098,-0.042857
0.368133,-0.034098,-0.039234
0.308718,-0.034098,0.132615
0.501396,-0.034098,-0.010626
0.468966,-0.034098,0.321313
0.157479,-0.034098,0.271599
0.574966,-0.034098,0.068884
0.279219,-0.034098,0.136595
0.378408,-0.034098,-0.035275
0.556356,-0.034098,-0.038799
0.291593,-0.034098,0.119727
0.551228,-0.034098,0.294882
0.529846,-0.034098,0.277757
0.570749,-0.034098,0.032555
0.458869,-0.034098,0.292447
0.445188,-0.034098,0.105987
0.132137,-0.034098,0.254949
0.333526,-0.034098,-0.086037
0.328913,-0.034098,0.108303
0.175515,-0.034098,0.238615
0.480291,-0.034098,0.012776
0.151044,-0.034098,0.308345
0.399236,-0.034098,-0.056795
0.539507,-0.034098,0.051363
0.575006,-0.034098,-0.283070
0.507394,-0.034098,-0.063230
0.424736,-0.034098,0.193277
0.555683,-0.034098,0.249841
0.457701,-0.034098,0.222876
0.040213,-0.034098,0.362652
0.232831,-0.034098,-0.027415
0.332773,-0.034098,-0.009675
0.177950,-0.034098,0.291992
0.405849,-0.034098,0.238477
0.307075,-0.034098,0.163837
0.398603,-0.034098,0.183022
0.347048,-0.034098,-0.018961
0.297829,-0.034098,0.086584
0.002300,-0.034098,0.286171
0.362491,-0.034098,-0.056657
0.440931,-0.034098,-0.013655
-0.064520,-0.034098,0.360929
0.542913,-0.034098,0.196366
0.497436,-0.034098,-0.067506
0.550852,-0.034098,0.164649
0.537191,-0.034098,-0.284120
0.423826,-0.034098,0.078071
0.351780,-0.034098,0.346813
0.190542,-0.034098,0.200919
0.502128,-0.034098,0.086069
0.534102,-0.034098,0.227726
0.500168,-0.034098,-0.037334
0.439466,-0.034098,0.039187
0.060428,-0.034098,0.228182
0.510503,-0.034098,0.096127
0.468511,-0.034098,-0.195403
0.508681,-0.034098,0.220757
0.000399,-0.034098,0.306939
0.512245,-0.034098,0.311374
0.468332,-0.034098,0.065954
-0.297783,-0.708825,0.250277
-0.222332,-0.414345,0.250277
-0.224431,-0.657686,0.250277
-0.245437,-0.647371,0.250277
-0.222273,-0.703717,0.250277
-0.200059,-0.724109,0.250277
-0.206177,-0.343942,0.250277
-0.249713,-0.464949,0.250277
-0.194753,-0.578711,0.250277
0.575481,-0.105056,-0.207599
0.575481,-0.129962,-0.185880
0.575481,-0.092325,-0.174536
0.575481,-0.104125,-0.014981
0.575481,-0.141366,-0.203877
0.575481,-0.035643,-0.359927
0.575481,-0.083713,-0.306571
0.575481,-0.133506,-0.155153
-0.312117,-0.506981,-0.352206
-0.312117,-0.221945,-0.362521
-0.312117,-0.134892,-0.292237
-0.312117,-0.424501,-0.317460
-0.312117,-0.044433,-0.341000
-0.312117,-0.648500,-0.345019
-0.312117,-0.443587,-0.355552
-0.312117,-0.306583,-0.327933
-0.312117,-0.239981,-0.267331
-0.312117,0.147314,-0.308887
-0.312117,-0.386924,-0.336387
-0.312117,-0.146810,-0.273725
-0.312117,-0.272272,-0.291742
-0.312117,0.138088,-0.282358
-0.312117,0.590657,-0.349375
-0.312117,-0.214382,-0.277487
-0.312117,-0.449210,-0.344247
-0.312117,0.199284,-0.311422
-0.312117,-0.368650,-0.354028
-0.312117,-0.050214,-0.293445
-0.312117,0.269846,-0.349019
-0.312117,-0.355385,-0.305878
-0.312117,0.253314,-0.302770
-0.312117,-0.186189,-0.292633
-0.312117,0.018466,-0.287268
-0.312117,-0.026971,-0.277448
-0.312117,-0.151364,-0.362501
-0.312117,0.545260,-0.358502
-0.312117,0.644766,-0.360026
-0.312117,0.134029,0.282845
-0.312117,-0.106026,0.279539
-0.312117,-0.235348,0.263383
-0.312117,0.565276,0.331707
-0.312117,0.595567,0.337587
-0.312117,0.276953,0.309790
-0.312117,0.288555,0.310404
-0.312117,0.249295,0.313493
-0.312117,-0.469503,0.258156
-0.312117,0.219261,0.308880
-0.312117,-0.045799,0.289497
-0.312117,0.009102,0.277103
-0.290161,-0.341942,-0.250027
-0.258147,-0.435489,-0.250027
-0.250406,-0.472651,-0.250027
-0.276045,-0.447269,-0.250027
-0.263730,-0.527037,-0.250027
-0.310098,-0.682335,-0.250027
-0.300634,-0.283339,-0.250027
-0.311919,-0.422126,-0.250027
-0.275550,-0.536995,-0.250027
-0.284895,-0.373303,-0.250027
-0.281272,-0.360315,-0.250027
-0.277767,-0.428956,-0.250027
-0.277094,0.522135,-0.362996
-0.253435,0.228962,-0.362996
-0.293982,0.012467,-0.362996
-0.235082,-0.073814,-0.362996
-0.297803,0.403880,-0.362996
-0.228252,0.163053,-0.362996
-0.223995,-0.210224,-0.362996
-0.205246,-0.025704,-0.362996
-0.283450,0.332349,-0.362996
-0.268561,-0.025605,-0.362996
-0.284776,-0.508367,-0.362996
-0.263691,-0.515198,-0.362996
-0.249753,0.028464,-0.362996
-0.265987,-0.453486,-0.362996
-0.241140,-0.097215,-0.362996
-0.279668,0.502694,-0.362996
-0.254108,-0.453268,-0.362996
-0.296477,0.439715,-0.362996
-0.305703,0.286140,-0.362996
-0.299783,0.337793,-0.362996
-0.277550,-0.332499,-0.362996
-0.288538,-0.549270,-0.362996
-0.250703,0.215222,-0.362996
-0.283568,0.492220,-0.362996
-0.249911,-0.345981,-0.362996
-0.250782,0.130723,-0.362996
-0.305089,-0.446775,-0.362996
-0.267690,0.354483,-0.362996
-0.285825,0.343060,-0.362996
-0.297051,0.714140,-0.362996
-0.240606,-0.393458,-0.362996
-0.309227,0.398020,-0.362996
0.111210,-0.146691,-0.098312
0.105508,-0.146691,-0.111498
0.444911,-0.146691,-0.098134
0.551109,-0.146691,-0.036304
0.562236,-0.146691,0.117113
0.230337,-0.146691,-0.159945
0.502267,-0.146691,0.058154
0.511354,-0.146691,0.126379
0.402008,-0.146691,-0.162241
0.039639,-0.146691,-0.089601
0.078305,-0.146691,-0.043055
0.431646,-0.146691,0.133744
0.441723,-0.146691,-0.053430
0.448039,-0.146691,0.153700
0.521530,-0.146691,-0.196017
0.326081,-0.146691,0.053640
0.412600,-0.146691,-0.013417
0.183217,-0.146691,0.017171
0.375934,-0.146691,-0.017971
0.375518,-0.146691,-0.059349
0.482488,-0.146691,-0.181742
0.088007,-0.146691,-0.087879
0.555287,-0.146691,0.039900
0.439823,-0.146691,-0.035373
0.354670,-0.146691,-0.159984
0.491021,-0.146691,-0.037947
0.192205,-0.146691,-0.173803
0.188206,-0.146691,-0.216211
0.349740,-0.146691,-0.148778
0.485260,-0.146691,0.023705
0.043698,-0.146691,-0.150540
0.138512,-0.146691,-0.247829
0.339109,-0.146691,-0.240524
0.385160,-0.146691,-0.234822
0.145442,-0.146691,0.007569
0.372607,-0.146691,-0.163647
0.443288,-0.146691,0.041622
0.369519,-0.146691,-0.183821
0.191235,-0.146691,-0.025732
0.024197,-0.146691,-0.091838
0.312341,-0.146691,-0.088948
0.321112,-0.146691,0.020834
0.293711,-0.146691,-0.246245
0.151658,-0.146691,-0.214410
0.564631,-0.146691,0.202880
0.483458,-0.146691,-0.052281
0.266627,-0.146691,-0.238524
-0.051730,-0.146691,-0.130643
0.002498,-0.146691,-0.132306
0.411907,-0.146691,0.040830
0.363817,-0.146691,0.003590
0.269716,-0.146691,-0.153055
-0.063886,-0.146691,-0.175823
-0.022626,-0.146691,-0.246285
-0.204395,-0.146691,-0.200729
0.512225,-0.146691,0.051304
0.517432,-0.146691,0.209116
0.161914,-0.146691,-0.057627
0.420816,-0.146691,-0.078910
0.360986,-0.146691,-0.042402
0.072663,-0.146691,-0.239811
-0.063074,-0.146691,-0.188236
0.075158,-0.146691,-0.158816
0.551822,-0.146691,-0.051074
0.018970,-0.146691,-0.078732
0.536894,-0.322500,-0.362996
0.486824,-0.575186,-0.362996
0.487101,-0.736008,-0.362996
0.521471,-0.582868,-0.362996
0.505296,-0.628167,-0.362996
0.555782,-0.184189,-0.362996
0.506642,-0.673287,-0.362996
0.552673,-0.258492,-0.362996
0.520699,-0.495954,-0.362996
0.569284,-0.414721,-0.362996
0.522105,-0.468572,-0.362996
0.502088,-0.618228,-0.362996
-0.299922,-0.760321,-0.320905
-0.190457,-0.187694,-0.253076
-0.190457,-0.608606,-0.267865
-0.190457,-0.653053,-0.258263
-0.190457,-0.214184,-0.318470
-0.190457,-0.552102,-0.269251
-0.190457,-0.193495,-0.323756
-0.190457,-0.591975,-0.253630
-0.190457,-0.380965,-0.267271
-0.190457,-0.323154,-0.312530
-0.190457,-0.637373,-0.268915
-0.190457,-0.526977,-0.273844
-0.199326,-0.760321,-0.272102
-0.069647,-0.146691,-0.024385
0.079177,-0.146691,0.176172
-0.046464,-0.146691,0.109629
0.371776,-0.146691,0.206126
0.024177,-0.146691,0.188407
-0.176756,-0.146691,0.236616
0.085373,-0.146691,0.009193
-0.089881,-0.146691,0.199217
0.011506,-0.146691,-0.003399
-0.207602,-0.146691,-0.063883
0.090204,-0.146691,0.022814
-0.124806,-0.146691,-0.003360
-0.121380,-0.146691,-0.096907
-0.090000,-0.146691,-0.026959
-0.197129,-0.146691,0.146731
-0.000650,-0.146691,-0.039670
-0.145396,-0.146691,0.185021
0.056884,-0.146691,0.230855
0.171278,-0.146691,0.210046
-0.189348,-0.146691,0.157957
0.072069,-0.146691,0.062886
-0.072795,-0.146691,0.061658
0.152628,-0.146691,0.143009
-0.107086,-0.146691,0.038197
-0.242843,-0.146691,-0.147511
-0.067450,-0.146691,-0.052143
-0.121163,-0.146691,0.076150
-0.149276,-0.146691,0.067954
-0.175430,-0.146691,-0.056993
0.044332,-0.146691,0.170885
0.322300,-0.146691,0.194148
-0.139397,-0.146691,0.223272
0.235999,-0.146691,0.187892
0.173694,-0.146691,0.243704
-0.241259,-0.146691,0.016518
0.171595,-0.146691,0.171301
0.201669,-0.146691,0.090484
0.184028,-0.146691,0.217471
-0.217699,-0.146691,-0.022742
0.067001,-0.146691,0.117569
0.244968,-0.146691,0.195039
-0.037713,-0.146691,-0.026108
0.075494,-0.146691,0.131705
-0.094771,-0.146691,-0.100589
-0.069905,-0.146691,-0.085740
-0.064302,-0.146691,0.171895
-0.014430,-0.146691,0.144039
-0.215066,-0.146691,0.070864
-0.016350,-0.146691,0.092543
-0.088476,-0.146691,0.015488
0.328358,-0.146691,0.223391
-0.202870,-0.146691,-0.125258
-0.161729,-0.081100,-0.362996
-0.122529,-0.133723,-0.362996
-0.087070,-0.143623,-0.362996
0.020930,-0.083891,-0.362996
0.057656,-0.089949,-0.362996
-0.008273,-0.081199,-0.362996
0.198996,-0.102106,-0.362996
0.000637,-0.076150,-0.362996
-0.181092,-0.099967,-0.362996
0.300740,-0.119627,-0.362996
0.478529,-0.077160,-0.362996
0.429013,-0.088465,-0.362996
0.447861,-0.101947,-0.362996
0.421727,-0.072072,-0.362996
0.149362,-0.079773,-0.362996
0.041560,-0.042097,-0.362996
0.502088,-0.054906,-0.362996
0.242493,-0.071874,-0.362996
0.490863,-0.098938,-0.362996
0.330774,-0.055758,-0.362996
0.490942,-0.081674,-0.362996
0.284842,-0.075101,-0.362996
-0.012767,-0.037880,-0.362996
0.507790,-0.078961,-0.362996
0.388228,-0.066746,-0.362996
0.288385,-0.046829,-0.362996
0.558474,-0.049363,-0.362996
-0.131933,-0.041107,-0.362996
0.103430,-0.078189,-0.362996
0.075395,-0.043918,-0.362996
0.450118,-0.119983,-0.362996
0.429251,-0.058450,-0.362996
0.472866,-0.065617,-0.362996
-0.047770,-0.057084,0.363246
0.246651,-0.058589,0.363246
0.099965,-0.065162,0.363246
0.438793,-0.138851,0.363246
0.305333,-0.074388,0.363246
0.062427,-0.055065,0.363246
0.246948,-0.044374,0.363246
0.522322,-0.082307,0.363246
-0.012965,-0.047937,0.363246
0.552713,-0.538144,-0.250027
0.562434,-0.282013,-0.250027
0.538834,-0.362790,-0.250027
0.540260,-0.259661,-0.250027
0.497812,-0.288091,-0.250027
0.568967,-0.651450,-0.250027
0.558593,-0.395774,-0.250027
0.488131,-0.194326,-0.250027
0.556752,-0.655152,-0.250027
0.575481,-0.654914,-0.314490
0.575481,-0.556418,-0.304433
0.575481,-0.738681,-0.350959
0.575481,-0.712310,-0.313896
0.575481,-0.150691,-0.349533
0.575481,-0.050749,-0.361392
0.575481,-0.401892,-0.316569
0.575481,-0.639313,-0.344326
0.575481,-0.687661,-0.320351
0.575481,-0.594925,-0.278715
0.575481,-0.495498,-0.317262
0.575481,-0.343091,-0.356859
0.575481,-0.678059,-0.266182
0.455463,-0.287616,0.301614
0.455463,-0.275598,0.315334
0.455463,-0.464712,0.276034
0.455463,-0.214283,0.271104
0.455463,-0.279122,0.338023
0.455463,-0.293991,0.279796
0.455463,-0.291358,0.324639
0.455463,-0.188327,0.293140
0.455463,-0.419809,0.311651
0.455463,-0.158907,0.303019
0.455463,-0.254038,0.291972
0.455463,-0.452179,0.275777
-0.312117,-0.056411,0.306444
-0.312117,0.376657,0.356653
-0.312117,0.654745,0.353406
-0.312117,-0.559684,0.284369
-0.312117,-0.707934,0.287003
-0.312117,-0.357385,0.343844
-0.312117,-0.676514,0.296189
-0.312117,0.341595,0.357504
-0.312117,0.077465,0.338280
-0.312117,-0.699124,0.301257
-0.312117,-0.607181,0.314938
-0.312117,-0.575959,0.339785
-0.312117,-0.386370,0.335073
-0.312117,-0.695164,0.322244
-0.312117,0.356067,0.360771
-0.312117,-0.530086,0.335370
-0.312117,-0.748600,0.354277
-0.312117,0.287941,0.347011
-0.312117,-0.182823,0.304979
-0.312117,-0.585442,0.361979
-0.312117,-0.574949,0.359682
-0.312117,0.303463,0.339666
-0.312117,-0.451586,0.322996
-0.312117,0.246385,0.361325
-0.312117,0.188692,0.321194
-0.312117,-0.739711,0.330242
-0.312117,-0.543450,0.282548
0.505395,-0.677405,-0.250027
0.476766,-0.277538,-0.250027
0.518363,-0.565525,-0.250027
0.479261,-0.287814,-0.250027
0.463799,-0.495558,-0.250027
0.462215,-0.472869,-0.250027
0.520719,-0.629988,-0.250027
0.476153,-0.620505,-0.250027
0.459601,-0.601162,-0.250027
0.457978,-0.583601,-0.250027
0.530558,-0.736563,-0.250027
0.484131,-0.634859,-0.250027
-0.098949,-0.146691,-0.337555
0.029107,-0.146691,-0.305997
-0.049572,-0.146691,-0.309620
-0.163511,-0.146691,-0.355592
-0.112550,-0.146691,-0.274359
-0.146603,-0.146691,-0.317678
0.376528,-0.146691,-0.255867
-0.044899,-0.146691,-0.266479
-0.096949,-0.146691,-0.299305
0.142729,-0.146691,-0.285308
-0.081427,-0.146691,-0.319658
0.153519,-0.146691,-0.288257
-0.190457,-0.254632,0.311929
-0.190457,-0.225964,0.313136
-0.190457,-0.529215,0.344200
-0.190457,-0.506981,0.319016
-0.190457,-0.239704,0.293239
-0.190457,-0.192960,0.359524
-0.190457,-0.194386,0.334479
-0.190457,-0.380747,0.301297
-0.190457,-0.279439,0.334994
-0.190457,-0.492509,0.351426
-0.190457,-0.438380,0.336756
0.489794,-0.425491,0.363246
0.471203,-0.339151,0.363246
0.467144,-0.437054,0.363246
0.496545,-0.476452,0.363246
0.465165,-0.698768,0.363246
0.469184,-0.551230,0.363246
0.465323,-0.310344,0.363246
0.516403,-0.710548,0.363246
0.565245,-0.723634,0.363246
-0.190457,-0.462514,0.318205
-0.190457,-0.334736,0.341606
-0.190457,-0.253385,0.326599
-0.190457,-0.325807,0.319551
-0.190457,-0.172746,0.315077
-0.190457,-0.216005,0.349387
-0.190457,-0.298564,0.336241
-0.190457,-0.210798,0.287042
-0.190457,-0.168747,0.276569
-0.190457,-0.281993,0.360039
-0.190457,-0.362889,0.358554
-0.190457,-0.478293,0.329688
0.455463,-0.242099,-0.305185
0.455463,-0.603399,-0.358383
0.455463,-0.620921,-0.342050
0.455463,-0.283102,-0.342148
0.455463,-0.205473,-0.276873
0.455463,-0.216263,-0.285110
0.455463,-0.456575,-0.356542
0.455463,-0.165757,-0.298810
0.455463,-0.405040,-0.339317
0.455463,-0.290071,-0.310570
0.575481,-0.744759,0.280944
0.575481,-0.620643,0.279202
0.575481,-0.550260,0.304762
0.575481,-0.703519,0.345328
0.575481,-0.668159,0.346200
0.575481,-0.435371,0.293853
0.575481,-0.724090,0.253464
0.575481,-0.637769,0.276985
0.575481,-0.206344,0.252573
0.575481,-0.463267,0.290586
0.575481,-0.447784,0.302485
-0.160898,-0.146691,0.190446
0.100697,-0.146691,0.028991
-0.126152,-0.146691,-0.109261
-0.202019,-0.146691,-0.047648
-0.266839,-0.146691,-0.168893
-0.096929,-0.146691,0.077912
-0.285033,-0.146691,-0.159351
-0.027734,-0.146691,0.217966
0.246294,-0.146691,0.127151
0.089472,-0.146691,0.219075
0.048905,-0.146691,0.105690
-0.171985,-0.146691,0.059460
-0.227480,-0.146691,0.077616
0.154509,-0.146691,0.064212
0.155044,-0.146691,0.123944
0.018495,-0.146691,0.040078
0.169516,-0.146691,0.114737
0.040035,-0.146691,0.127943
-0.279767,-0.146691,-0.201739
-0.107819,-0.146691,0.125428
0.339327,-0.146691,0.225826
-0.199386,-0.146691,0.034376
0.282505,-0.146691,0.219015
-0.111798,-0.146691,-0.110330
-0.094870,-0.146691,0.141168
-0.219402,-0.146691,-0.159826
-0.044028,-0.146691,0.031683
-0.154285,-0.146691,-0.078593
-0.170955,-0.146691,-0.080474
-0.208830,-0.146691,-0.164558
0.205054,-0.146691,0.101374
-0.245833,-0.146691,-0.018921
0.162963,-0.146691,0.131012
-0.103305,-0.146691,-0.026444
0.097668,-0.146691,0.168965
-0.132210,-0.146691,0.245347
-0.076201,-0.146691,0.121152
-0.035495,-0.146691,0.231567
-0.148643,-0.146691,-0.136088
0.057735,-0.146691,0.069518
-0.156087,-0.146691,-0.016803
-0.162818,-0.146691,0.015964
0.101192,-0.146691,0.183358
0.151638,-0.146691,0.212957
-0.176598,-0.146691,0.189971
0.199887,-0.146691,0.238596
0.314341,-0.146691,0.250059
0.025286,-0.146691,0.073953
0.122020,-0.146691,0.155126
0.254313,-0.146691,0.251108
0.261361,-0.146691,0.318027
0.360075,-0.146691,0.301416
-0.065034,-0.146691,0.271500
0.295929,-0.146691,0.269461
0.333090,-0.146691,0.269105
0.267815,-0.146691,0.262175
0.037363,-0.146691,0.269956
0.308600,-0.146691,0.321412
0.109349,-0.146691,0.286230
0.381873,-0.146691,0.283280
0.159597,-0.146691,0.258216
-0.271828,-0.468236,-0.250027
-0.256088,-0.507239,-0.250027
-0.295566,-0.497557,-0.250027
-0.276956,-0.502447,-0.250027
-0.290339,-0.353049,-0.250027
-0.236230,-0.677544,-0.250027
-0.236468,-0.644857,-0.250027
-0.246050,-0.735414,-0.250027
-0.300139,-0.238516,-0.250027
-0.295249,-0.658339,-0.250027
-0.190457,-0.343605,0.265066
-0.190457,-0.613853,0.305098
-0.190457,-0.618941,0.288012
-0.190457,-0.710983,0.304861
-0.190457,-0.716348,0.321650
-0.190457,-0.704192,0.272570
-0.190457,-0.683345,0.255523
-0.190457,-0.464870,0.288507
-0.190457,-0.621000,0.312305
-0.190457,-0.687918,0.292249
-0.190457,-0.306226,0.267046
-0.015242,-0.034098,-0.094333
-0.060619,-0.034098,-0.224725
0.204381,-0.034098,-0.136781
0.058923,-0.034098,-0.233436
-0.039019,-0.034098,-0.190870
-0.073449,-0.034098,-0.285842
0.100460,-0.034098,-0.155549
0.106379,-0.034098,-0.250284
-0.155453,-0.034098,0.078843
-0.013499,-0.034098,-0.113379
0.071515,-0.034098,0.018300
0.037719,-0.034098,-0.147828
-0.109402,-0.034098,0.129329
-0.100236,-0.034098,-0.012328
-0.068697,-0.034098,0.120043
-0.053274,-0.034098,0.127210
0.299116,-0.034098,-0.323182
-0.051967,-0.034098,-0.235732
-0.000432,-0.034098,-0.016921
0.197274,-0.034098,-0.057944
0.139086,-0.034098,-0.139057
-0.039336,-0.034098,0.125923
0.332397,-0.034098,-0.281011
0.150866,-0.034098,-0.005399
-0.079606,-0.034098,0.092880
-0.108393,-0.034098,0.033881
0.070208,-0.034098,-0.138325
0.105627,-0.034098,-0.033651
-0.154642,-0.034098,-0.283308
-0.111382,-0.034098,-0.121358
0.219507,-0.034098,-0.149036
-0.084021,-0.034098,0.069340
0.117585,-0.034098,-0.039036
-0.059550,-0.034098,0.236259
-0.100770,-0.034098,-0.280794
0.309768,-0.034098,-0.112349
-0.076913,-0.034098,0.050848
0.124257,-0.034098,-0.255709
-0.024844,-0.034098,0.003708
0.298027,-0.034098,-0.138008
-0.068558,-0.034098,-0.360106
0.111705,-0.034098,-0.093561
-0.092594,-0.034098,-0.231575
0.304303,-0.034098,-0.283783
0.451920,-0.034098,-0.251730
0.351305,-0.034098,-0.347138
0.040016,-0.034098,-0.104034
-0.151019,-0.034098,-0.351869
-0.061035,-0.034098,-0.168933
-0.139476,-0.034098,-0.101836
0.139700,-0.034098,-0.114210
-0.169015,-0.034098,-0.014744
-0.105661,-0.034098,0.119350
0.176802,-0.034098,-0.042263
0.180960,-0.034098,-0.106746
0.015802,-0.034098,0.055758
-0.074934,-0.034098,0.197692
0.482884,-0.034098,-0.287723
0.040986,-0.034098,-0.207559
0.050073,-0.034098,-0.302235
0.502168,-0.034098,-0.348266
0.367460,-0.034098,-0.256263
0.261044,-0.034098,-0.281764
-0.089604,-0.034098,-0.303047
0.074663,-0.034098,-0.193384
-0.135299,-0.034098,-0.225774
-0.140090,-0.034098,0.115628
0.015485,-0.034098,-0.311817
-0.175667,-0.034098,-0.171071
0.003092,-0.034098,0.057283
-0.145950,-0.034098,0.129230
0.381497,-0.034098,-0.271587
0.012912,-0.034098,0.174350
-0.162521,-0.034098,-0.156064
-0.134309,-0.034098,0.216243
0.072406,-0.034098,0.092563
-0.142604,-0.034098,-0.235000
-0.082694,-0.034098,0.244892
-0.135972,-0.034098,0.084169
0.006556,-0.034098,-0.095917
-0.091822,-0.034098,-0.352285
0.036175,-0.034098,-0.165092
0.192086,-0.034098,-0.160321
-0.190457,-0.684275,-0.306492
-0.190457,-0.211115,-0.359591
-0.190457,-0.485856,-0.323974
-0.190457,-0.632285,-0.340426
-0.190457,-0.269401,-0.350543
-0.190457,-0.727139,-0.343158
-0.190457,-0.716071,-0.259490
-0.190457,-0.400229,-0.356245
-0.190457,-0.640679,-0.331378
-0.183013,0.668584,-0.070278
-0.183013,0.449357,0.281538
-0.183013,0.212708,0.263878
-0.183013,0.455039,0.265284
-0.183013,0.748925,-0.060438
-0.183013,0.558683,0.005926
-0.183013,0.502139,0.325926
-0.183013,0.351395,0.239863
-0.183013,0.849837,0.135149
-0.183013,0.468165,0.311434
-0.183013,0.784899,0.019210
-0.183013,0.247652,0.324877
-0.183013,0.683789,-0.079187
-0.183013,0.769793,0.289002
-0.183013,0.194058,0.182527
-0.183013,0.279408,0.176963
-0.183013,0.291050,0.337429
-0.183013,0.497249,0.109610
-0.183013,0.660981,0.317650
-0.183013,0.722495,-0.101401
-0.183013,0.778841,0.234339
-0.183013,0.826119,0.108145
-0.183013,0.716159,-0.184475
-0.183013,0.770981,0.156215
-0.183013,0.611188,0.131031
-0.183013,0.464582,0.170351
-0.183013,0.415819,0.005530
-0.183013,0.569770,0.103670
-0.183013,0.811745,0.226915
-0.183013,0.631363,0.358336
-0.183013,0.547022,0.105274
-0.183013,0.728929,0.071676
-0.183013,0.225002,0.263106
-0.183013,0.376737,0.305494
-0.183013,0.729384,0.098721
-0.183013,0.655814,0.210145
-0.183013,0.852292,-0.271765
-0.183013,0.514553,0.191575
-0.183013,0.524769,0.238398
-0.183013,0.389467,0.216422
-0.183013,0.367293,0.056372
-0.183013,0.827287,-0.215301
-0.183013,0.219142,0.284251
-0.183013,0.790482,0.029921
-0.183013,0.700241,0.287636
-0.183013,0.036225,0.311770
-0.183013,0.692955,0.223113
-0.183013,0.564484,0.337251
-0.183013,0.627720,-0.085127
-0.183013,0.431063,0.197435
-0.183013,0.829683,0.041444
-0.183013,0.281645,0.321155
-0.183013,0.770426,0.081437
-0.183013,0.811547,-0.124288
-0.183013,0.605902,0.329569
-0.183013,0.261827,0.240457
-0.183013,0.834236,0.180428
-0.183013,0.132920,0.322917
-0.183013,0.676800,0.103116
-0.183013,0.829247,-0.303760
-0.183013,0.571988,0.159620
-0.183013,0.845066,-0.146600
-0.183013,0.739858,0.090207
-0.183013,0.722138,0.034079
-0.183013,0.323638,0.128161
-0.183013,0.243573,0.263680
-0.183013,0.484934,0.273995
-0.183013,0.810835,-0.105083
-0.183013,0.717109,0.169658
-0.183013,0.152540,0.360395
-0.183013,0.471155,0.102581
-0.183013,0.049411,0.307652
-0.183013,0.075406,0.352139
-0.183013,0.828059,-0.257234
-0.183013,0.477668,0.356594
-0.183013,0.269331,0.312938
-0.183013,0.827208,-0.047371
-0.183013,0.750054,-0.269231
-0.183013,0.632214,0.051323
-0.183013,0.757122,0.187892
-0.183013,0.539994,0.219589
-0.183013,0.423560,0.072151
-0.183013,0.540330,0.126003
-0.183013,0.688026,-0.157628
-0.183013,0.089582,0.280113
-0.183013,0.265470,0.322778
-0.183013,0.792026,-0.069506
-0.183013,0.303126,0.154849
-0.183013,0.612673,0.247782
-0.183013,0.663337,-0.025455
-0.183013,0.171527,0.291695
-0.183013,0.592182,0.203493
-0.183013,0.414967,0.177854
-0.183013,0.403405,0.123607
-0.183013,0.230486,0.152176
-0.183013,0.606278,-0.035294
-0.183013,0.320450,0.075913
-0.183013,0.741461,0.268570
-0.183013,0.487805,0.310404
0.575481,-0.717358,0.304643
0.575481,-0.678296,0.276569
0.575481,-0.705202,0.334915
0.575481,-0.609418,0.273777
0.575481,-0.561684,0.318680
0.575481,-0.551290,0.262928
0.575481,-0.629790,0.302742
0.575481,-0.612843,0.314047
0.575481,-0.597479,0.310365
0.575481,-0.707360,0.302524
0.455463,-0.340774,0.278271
0.455463,-0.180962,0.284746
0.455463,-0.165896,0.311671
0.455463,-0.535768,0.272075
0.455463,-0.328935,0.300188
0.455463,-0.357128,0.297793
0.455463,-0.265679,0.314443
0.455463,-0.365740,0.271382
0.455463,-0.516128,0.277282
0.455463,-0.217431,0.284785
0.455463,-0.477897,0.285735
-0.273867,0.313540,-0.362996
-0.303901,-0.478452,-0.362996
-0.282875,0.210985,-0.362996
-0.285706,-0.468315,-0.362996
-0.300357,-0.544360,-0.362996
-0.260642,-0.100759,-0.362996
-0.249297,-0.236002,-0.362996
-0.282103,-0.089435,-0.362996
-0.285093,-0.162332,-0.362996
-0.257989,-0.035722,-0.362996
-0.218155,-0.063063,-0.362996
-0.290161,0.452762,-0.362996
-0.283152,0.295762,-0.362996
-0.283192,0.015972,-0.362996
-0.267710,-0.375837,-0.362996
-0.256108,-0.176864,-0.362996
-0.257157,0.081801,-0.362996
-0.214868,-0.156987,-0.362996
-0.254762,0.252245,-0.362996
-0.259612,0.160658,-0.362996
-0.204672,-0.123151,-0.362996
-0.286281,0.621385,-0.362996
-0.273808,-0.486886,-0.362996
-0.289567,0.305344,-0.362996
-0.299981,-0.244356,-0.362996
-0.277569,0.232961,-0.362996
-0.228014,0.065111,-0.362996
-0.292794,-0.149641,-0.362996
-0.282222,-0.574177,-0.362996
-0.293566,-0.614486,-0.362996
-0.251079,0.298553,-0.362996
0.455463,-0.537015,-0.292910
0.455463,-0.585838,-0.260718
0.455463,-0.751886,-0.326409
0.455463,-0.589540,-0.289683
0.455463,-0.686710,-0.315995
0.455463,-0.551151,-0.252937
0.455463,-0.633294,-0.328686
0.455463,-0.734187,-0.355453
0.455463,-0.449170,-0.282278
0.455463,-0.616248,-0.285308
-0.241259,0.349356,0.363246
0.534974,-0.760321,-0.315738
0.569640,-0.760321,-0.302928
0.547209,-0.760321,-0.305264
-0.312117,0.362561,0.328302
-0.312117,-0.530046,0.251544
-0.312117,0.351494,0.312681
-0.312117,-0.348654,0.265759
-0.312117,0.294732,0.318739
-0.312117,-0.136753,0.279281
-0.312117,-0.256928,0.253920
-0.312117,0.414096,0.327292
-0.312117,-0.154908,0.255187
-0.312117,-0.047819,0.270174
-0.312117,-0.442894,0.271916
-0.152385,-0.146691,0.337350
0.065417,-0.146691,0.310642
-0.086832,-0.146691,0.316284
-0.152523,-0.146691,0.270986
-0.010846,-0.146691,0.310642
0.078226,-0.146691,0.326956
0.197610,-0.146691,0.332994
-0.125221,-0.146691,0.356514
0.025345,-0.146691,0.334162
0.033324,-0.146691,0.290923
0.572155,-0.424442,0.363246
0.482963,-0.275836,0.363246
0.561780,-0.191119,0.363246
0.553148,-0.231844,0.363246
0.511334,-0.398724,0.363246
0.511829,-0.174587,0.363246
0.568492,-0.437667,0.363246
0.568769,-0.602766,0.363246
0.554930,-0.277083,0.363246
0.550931,-0.062806,0.363246
0.483518,-0.192168,0.363246
0.558830,-0.096641,0.363246
-0.312117,0.823110,0.272926
-0.312117,0.568226,0.091890
-0.312117,0.283427,-0.169646
-0.312117,0.699152,0.195970
-0.312117,0.707626,0.107372
-0.312117,0.703805,0.033267
-0.312117,0.776504,0.024615
-0.312117,0.126565,-0.216172
-0.312117,0.831959,-0.128148
-0.312117,0.413858,-0.055390
-0.312117,0.622830,0.041701
-0.312117,0.418551,-0.159450
-0.312117,0.676681,0.096978
-0.312117,0.501743,0.133704
-0.312117,0.166993,-0.166676
-0.312117,0.774683,-0.125218
-0.312117,0.720257,0.138654
-0.312117,0.606734,-0.092591
-0.312117,0.834434,0.087534
-0.312117,0.630135,-0.259213
-0.312117,0.617266,-0.318747
-0.312117,0.398792,-0.114488
-0.312117,0.751440,0.084763
-0.312117,0.667515,-0.183980
-0.312117,0.724771,-0.322865
-0.312117,0.674345,-0.222923
-0.312117,0.178179,-0.258738
-0.312117,0.554842,-0.165943
-0.312117,0.433419,-0.205956
-0.312117,0.837543,-0.167626
-0.312117,0.363214,-0.261173
-0.312117,0.842057,-0.153866
-0.312117,0.377390,0.026655
-0.312117,0.557377,-0.257709
-0.312117,0.717070,-0.281942
-0.312117,0.842294,0.042988
-0.312117,0.474679,-0.009517
-0.312117,0.486004,-0.213123
-0.312117,0.423124,-0.280200
-0.312117,0.670227,-0.198512
-0.312117,0.560326,-0.182950
-0.312117,0.760428,-0.042620
-0.312117,0.277686,-0.116784
-0.312117,0.316372,-0.063250
-0.312117,0.791531,0.204404
-0.312117,0.645400,-0.066378
-0.312117,0.535816,-0.197185
-0.312117,0.724415,-0.193602
-0.312117,0.602992,0.085297
-0.312117,0.688560,-0.012665
-0.312117,0.324588,-0.135078
-0.312117,0.168161,-0.267727
-0.312117,0.472066,0.069736
-0.312117,0.497011,-0.152481
-0.312117,0.178377,-0.070555
-0.312117,0.186831,-0.283308
-0.312117,0.771297,-0.216964
-0.312117,0.584005,0.057184
-0.312117,0.848432,0.214838
-0.312117,0.545517,0.042612
-0.312117,0.840334,-0.244464
-0.312117,0.438032,-0.043867
-0.312117,0.266559,-0.182000
-0.312117,0.761814,0.208779
-0.312117,0.692144,-0.135890
-0.312117,0.567236,0.014835
-0.312117,0.477827,-0.292019
-0.312117,0.310274,-0.102450
-0.312117,0.569929,0.048175
-0.312117,0.158440,-0.154104
-0.312117,0.797451,-0.099282
-0.312117,0.847778,0.002402
-0.312117,0.707943,0.090267
-0.312117,0.281467,-0.042857
-0.312117,0.651696,0.187001
-0.312117,0.378578,-0.166042
-0.312117,0.313719,-0.182396
-0.312117,0.736908,-0.297582
-0.312117,0.738333,0.198068
-0.312117,0.771614,-0.339238
-0.312117,0.000965,-0.252284
-0.312117,0.492854,-0.082889
-0.312117,0.592004,-0.185801
-0.312117,0.799926,-0.311580
-0.312117,0.245494,-0.077841
-0.312117,0.475332,0.126735
-0.312117,0.467116,0.106996
-0.312117,-0.013488,-0.255867
-0.312117,-0.109292,-0.236425
-0.312117,0.485766,-0.029117
-0.312117,0.412453,-0.104826
-0.312117,0.371470,-0.301562
-0.312117,0.406355,0.000224
-0.312117,0.434330,0.027882
-0.312117,0.695193,-0.050777
-0.312117,0.820338,0.338300
-0.312117,-0.059500,-0.197185
-0.312117,0.103837,-0.272161
-0.312117,0.463928,-0.001400
-0.312117,0.088255,-0.122565
-0.312117,0.829663,0.034178
-0.312117,0.025217,-0.262935
-0.312117,0.510375,-0.134504
-0.312117,0.651280,-0.020960
-0.312117,0.263015,-0.010903
-0.312117,0.778187,-0.206431
-0.312117,0.443754,-0.197542
-0.312117,0.329419,-0.287367
-0.312117,0.571770,-0.036660
-0.312117,0.761854,-0.201818
-0.312117,0.548428,0.006124
-0.312117,0.475887,-0.274201
-0.312117,0.179288,-0.085483
-0.312117,0.852094,0.260572
-0.312117,0.375311,-0.110231
-0.312117,0.409463,0.012479
-0.312117,0.540291,-0.152857
-0.312117,0.647300,-0.272221
-0.312117,0.700360,-0.256937
-0.312117,0.335556,0.030377
-0.312117,0.462919,-0.066516
-0.312117,0.752212,-0.311461
-0.225084,-0.456357,-0.250027
-0.219738,-0.349426,-0.250027
-0.204692,-0.678039,-0.250027
-0.216214,-0.360137,-0.250027
-0.225520,-0.579067,-0.250027
-0.218590,-0.233170,-0.250027
-0.209918,-0.334379,-0.250027
-0.254900,-0.388270,-0.250027
-0.228014,-0.179220,-0.250027
-0.205484,-0.162391,-0.250027
-0.296972,-0.156630,-0.250027
-0.205662,-0.633433,-0.250027
-0.226252,-0.281201,-0.250027
-0.173787,-0.038375,0.363246
-0.144208,-0.064212,0.363246
-0.024052,-0.146394,0.363246
-0.048146,-0.080624,0.363246
-0.025616,-0.115806,0.363246
-0.039396,-0.070943,0.363246
-0.078755,-0.116004,0.363246
-0.051017,-0.131783,0.363246
-0.099503,-0.141821,0.363246
-0.067133,-0.081436,0.363246
0.114259,-0.132635,0.363246
-0.004709,-0.122795,0.363246
-0.285647,0.828594,0.363246
-0.191169,0.480440,0.363246
-0.189407,0.067388,0.363246
-0.259731,0.754271,0.363246
-0.223124,0.421025,0.363246
-0.237874,0.781652,0.363246
-0.207246,0.741323,0.363246
-0.203662,0.252086,0.363246
-0.243991,0.724949,0.363246
-0.210592,0.793155,0.363246
-0.206533,0.421501,0.363246
-0.217976,0.237317,0.363246
-0.240744,0.592618,0.363246
-0.222886,0.401702,0.363246
-0.196911,0.530015,0.363246
-0.263592,0.657536,0.363246
-0.234369,0.568820,0.363246
-0.268403,0.772822,0.363246
-0.244368,0.628631,0.363246
-0.206315,0.134663,0.363246
-0.225916,-0.438439,0.250277
-0.243199,-0.580492,0.250277
-0.284182,-0.730187,0.250277
-0.263552,-0.738602,0.250277
-0.241358,-0.537629,0.250277
-0.233795,-0.639967,0.250277
-0.287746,-0.702846,0.250277
-0.198653,-0.650697,0.250277
-0.216670,-0.727792,0.250277
-0.217580,-0.353722,0.250277
-0.248723,-0.508803,0.250277
0.459126,-0.146691,0.214204
0.101232,-0.146691,-0.013912
0.376033,-0.146691,0.163085
0.190027,-0.146691,0.034039
0.083255,-0.146691,-0.013694
0.359560,-0.146691,0.157027
0.521649,-0.146691,0.221292
0.375538,-0.146691,0.191495
0.124297,-0.146691,-0.003676
0.321508,-0.146691,0.107531
-0.010609,-0.146691,-0.076158
-0.197485,-0.183694,-0.362996
-0.224688,-0.591084,-0.362996
-0.219065,-0.605577,-0.362996
-0.220233,-0.314957,-0.362996
-0.285647,-0.676178,-0.362996
-0.203029,-0.374808,-0.362996
-0.215066,-0.699163,-0.362996
-0.192456,-0.683325,-0.362996
-0.223520,-0.535115,-0.362996
-0.268898,-0.713775,-0.362996
-0.221322,-0.567366,-0.362996
0.455463,-0.579879,0.329272
0.455463,-0.516603,0.345744
0.455463,-0.745610,0.254969
0.455463,-0.735513,0.327114
0.455463,-0.593124,0.350417
0.455463,-0.394764,0.362612
0.455463,-0.631691,0.361424
0.455463,-0.475878,0.346160
0.455463,-0.666001,0.301495
0.455463,-0.315036,0.359266
0.455463,-0.290625,0.336776
0.455463,-0.546756,0.332341
0.455463,-0.425472,0.330242
0.575481,-0.193910,-0.271310
0.575481,-0.212937,-0.272696
0.575481,-0.479026,-0.258362
0.575481,-0.242852,-0.329339
0.575481,-0.241308,-0.258362
0.575481,-0.279241,-0.302492
0.575481,-0.157066,-0.312273
0.575481,-0.303633,-0.274201
0.575481,-0.426699,-0.260144
0.575481,-0.253305,-0.261451
0.575481,-0.462633,-0.262361
0.575481,-0.217748,-0.313956
0.352770,-0.146691,0.328836
0.430102,-0.146691,0.255028
0.404522,-0.146691,0.339587
0.301017,-0.146691,0.301119
0.429904,-0.146691,0.281558
0.403948,-0.146691,0.310028
0.282248,-0.146691,0.259483
0.241305,-0.146691,0.303316
0.305986,-0.146691,0.334895
0.075890,-0.146691,0.275916
0.177198,-0.146691,0.296763
0.550733,-0.375778,0.250277
0.542655,-0.730583,0.250277
0.538339,-0.643392,0.250277
0.558454,-0.320758,0.250277
0.491892,-0.605319,0.250277
0.545546,-0.464177,0.250277
0.568908,-0.399358,0.250277
0.509968,-0.516108,0.250277
0.501376,-0.570554,0.250277
0.528064,-0.468533,0.250277
0.507711,-0.535095,0.250277
0.545407,-0.432777,0.250277
-0.284835,-0.760321,0.282528
-0.259573,-0.760321,0.308860
-0.312117,0.092908,0.049937
-0.312117,0.252364,0.190981
-0.312117,0.621662,0.237487
-0.312117,-0.122617,-0.218726
-0.312117,0.196968,0.176944
-0.312117,0.024841,0.190921
-0.312117,-0.140376,-0.128049
-0.312117,-0.057975,0.089554
-0.312117,0.679176,0.291279
-0.312117,-0.029426,0.232438
-0.312117,0.001539,0.218956
-0.312117,-0.018675,-0.054914
-0.312117,-0.063024,-0.086612
-0.312117,0.238188,-0.008289
-0.312117,0.014982,0.045305
-0.312117,0.291703,0.021448
-0.312117,0.405939,0.224598
-0.312117,0.042521,0.267224
-0.312117,-0.114776,0.076883
-0.312117,0.431420,0.256355
-0.312117,0.099837,0.110184
-0.312117,-0.045106,0.130932
-0.312117,0.260164,0.058550
-0.312117,0.017892,-0.040917
-0.312117,0.148700,0.171519
-0.312117,-0.024496,-0.147571
-0.312117,0.024485,0.255583
-0.312117,0.361353,0.272391
-0.312117,0.640233,0.263185
-0.312117,0.486578,0.140455
-0.312117,0.071862,-0.033611
-0.312117,0.367016,0.158452
-0.312117,-0.064113,-0.154223
-0.312117,0.031157,0.119311
-0.312117,0.313778,0.061816
-0.312117,-0.132516,-0.042145
-0.312117,0.074773,0.267244
-0.312117,0.057489,0.238893
-0.312117,-0.067637,0.120004
-0.312117,0.749975,0.345804
-0.312117,0.223062,0.100582
-0.312117,0.674622,0.267521
-0.312117,0.424530,0.103650
-0.312117,0.630234,0.305732
-0.312117,0.628749,0.282766
-0.312117,-0.043938,0.215471
-0.312117,0.284298,0.151978
-0.312117,0.634036,0.330598
-0.312117,-0.036494,-0.143631
-0.312117,0.132485,0.272530
-0.312117,0.490953,0.301634
-0.312117,0.195265,0.273302
-0.312117,-0.003371,-0.108766
-0.312117,-0.119231,-0.026583
