-0.332185,-0.390571,-0.733800
-0.332185,-0.397360,-0.708628
-0.332185,-0.459069,-0.717694
-0.343257,-0.461993,0.686671
-0.043194,-0.461993,0.681658
0.323110,-0.461993,0.690055
0.395828,-0.450817,0.726508
0.358226,-0.517289,0.726508
0.351103,-0.452572,0.726508
0.374604,-0.402624,0.726508
0.365391,-0.416349,0.726508
0.370488,0.056410,-0.716587
0.061986,-0.376742,-0.693274
-0.363353,-0.376742,-0.681868
-0.355498,-0.547266,0.719782
0.216822,-0.443736,0.690682
0.313313,-0.389255,0.690682
0.216300,-0.405236,0.690682
-0.039142,-0.453825,0.690682
0.272703,-0.433938,0.690682
0.243373,-0.399992,0.690682
0.169820,-0.460656,0.690682
0.170906,-0.436424,0.690682
-0.205112,0.056410,0.807791
0.029607,0.056410,0.838081
-0.208391,0.056410,0.789178
-0.192244,0.056410,0.793774
-0.190781,0.056410,0.816627
0.385446,0.056410,0.845392
-0.485914,0.056410,0.835616
-0.347560,0.056410,0.791497
-0.323808,0.056410,0.793168
-0.459927,0.056410,0.841695
-0.345178,0.056410,0.831689
0.348470,0.003162,0.726508
0.163010,0.056410,0.114956
0.198460,0.056410,0.264048
-0.024435,0.056410,-0.347107
-0.223161,0.056410,-0.664905
0.343144,0.056410,0.465113
0.083587,0.056410,-0.576269
0.241869,0.056410,-0.641153
0.220374,0.056410,-0.432275
0.148095,0.056410,-0.056612
0.278531,0.056410,-0.153792
-0.129052,0.056410,-0.442302
0.282814,0.056410,0.205577
-0.024769,0.056410,-0.656779
0.163177,0.056410,-0.012430
-0.009708,0.056410,-0.342532
-0.045450,0.056410,-0.363965
-0.010105,0.056410,-0.376833
0.026599,0.056410,-0.388950
0.090668,0.056410,-0.033153
0.150163,0.056410,-0.083142
0.202367,0.056410,-0.322854
-0.025605,0.056410,-0.452058
0.317846,0.056410,-0.432672
-0.129449,0.056410,-0.673177
0.045671,0.056410,-0.534176
0.068065,0.056410,-0.309902
0.180161,0.056410,-0.680364
-0.025897,0.056410,-0.217569
0.094846,0.056410,-0.082432
-0.122618,0.056410,-0.312054
0.329022,0.056410,0.269458
-0.082927,0.056410,-0.605473
0.110514,0.056410,-0.005223
-0.125333,0.056410,-0.471130
0.026996,0.056410,-0.638396
0.140888,0.056410,-0.025591
-0.200474,0.056410,-0.551201
0.234892,0.056410,0.313452
0.337879,0.056410,0.283078
0.295765,0.056410,-0.640861
0.095306,0.056410,-0.668227
0.108989,0.056410,-0.187863
-0.206282,0.056410,-0.635262
0.203474,0.056410,-0.133842
0.150539,0.056410,0.031794
0.238360,0.056410,0.241549
0.050267,0.056410,-0.021580
-0.101540,0.056410,-0.686568
0.299337,0.056410,0.308000
0.006524,0.056410,-0.424901
0.357077,0.056410,0.268727
-0.234044,0.056410,-0.674744
0.317261,0.056410,-0.463297
0.184944,0.056410,-0.407980
0.282939,0.056410,-0.342720
0.087180,0.056410,-0.211678
0.339363,0.056410,0.386525
0.083775,0.056410,-0.257991
0.290188,0.056410,-0.390600
0.137524,0.056410,0.086087
-0.215034,0.056410,-0.688824
0.320394,0.056410,0.340129
-0.178414,0.056410,-0.451703
0.164410,0.056410,-0.330876
0.219496,0.056410,-0.676436
0.010409,0.056410,-0.322666
0.137274,0.056410,-0.461500
0.372765,0.056410,0.215876
0.206273,0.056410,0.179047
0.036668,0.056410,-0.306999
0.388307,0.056410,0.509775
0.132197,0.056410,-0.262023
-0.290196,0.056410,-0.683330
0.272473,0.056410,-0.259474
0.074082,0.056410,-0.676687
0.207944,0.056410,-0.619323
-0.087940,0.056410,-0.534510
0.210910,0.056410,-0.214018
0.112603,0.056410,-0.129894
0.339927,0.056410,-0.263506
0.285634,0.056410,0.016314
-0.253702,0.056410,-0.650637
0.234850,0.056410,-0.251828
0.295159,0.056410,-0.510487
0.254884,0.056410,0.304595
-0.197926,0.056410,-0.495467
0.210138,0.056410,-0.593211
0.112436,0.056410,-0.449906
-0.180963,0.056410,-0.590913
-0.266131,0.056410,-0.575496
0.127184,0.056410,0.083350
0.287702,0.056410,-0.085315
-0.238661,0.056410,-0.637121
0.166123,0.056410,-0.308085
0.297144,0.056410,0.438792
-0.032854,0.056410,-0.606267
-0.020362,0.056410,-0.680385
0.307046,0.056410,0.285815
0.073539,0.056410,0.010695
-0.262914,0.056410,-0.603468
0.133827,0.056410,-0.613996
0.320812,0.056410,-0.142323
0.267710,0.056410,-0.445436
0.070614,0.056410,-0.474807
0.227998,0.056410,0.121370
0.242935,0.056410,0.085188
0.323194,0.056410,-0.390516
0.188642,0.056410,0.089408
0.150204,0.056410,-0.035284
0.358748,0.056410,0.246521
-0.057002,0.056410,-0.468916
0.242141,0.056410,0.353206
0.238861,0.056410,-0.277418
0.214002,0.056410,-0.200356
0.268859,0.056410,0.356339
-0.175803,0.056410,-0.549238
0.111767,0.056410,-0.619261
0.026703,0.056410,-0.066013
0.277403,0.056410,-0.461918
0.274311,0.056410,-0.608293
0.357558,0.056410,0.203885
-0.129093,0.056410,-0.659912
-0.408914,-0.484534,-0.721767
-0.408914,-0.285683,-0.730541
-0.408914,-0.524412,-0.701755
-0.386791,-0.547266,-0.733257
0.329482,-0.065273,0.714141
0.329482,0.031823,0.693607
-0.367510,-0.416370,-0.734949
-0.373693,-0.486455,-0.734949
-0.368429,-0.461993,-0.734949
-0.407514,-0.148227,-0.734949
-0.368053,-0.384387,-0.734949
-0.439162,0.056410,0.416648
-0.437512,0.056410,0.439084
-0.439517,0.056410,0.324482
-0.418147,0.056410,-0.554920
-0.444531,0.056410,-0.511469
-0.443549,0.056410,-0.584604
-0.419588,0.056410,-0.625862
0.386887,0.056410,0.717379
-0.284848,-0.028862,-0.742469
-0.003775,-0.028862,-0.754335
-0.056793,-0.028862,-0.758095
-0.324059,-0.028862,-0.754126
0.434850,0.092216,-0.291310
0.084380,0.092216,0.482096
0.079806,0.092216,-0.071423
0.200194,0.092216,0.394463
0.202513,0.092216,0.546458
-0.101435,0.092216,0.376247
0.508968,0.092216,0.500396
0.498648,0.092216,0.028243
0.265830,0.092216,0.155337
0.225053,0.092216,0.308794
0.173831,0.092216,-0.102654
-0.083846,0.092216,0.513515
0.461777,0.092216,0.739606
0.413438,0.092216,-0.146230
0.115945,0.092216,-0.189932
0.365245,0.092216,-0.605139
-0.296630,0.092216,0.655984
0.369757,0.092216,0.708104
0.099358,0.092216,0.841507
0.396977,0.092216,-0.534636
-0.101164,0.092216,0.363818
-0.132039,0.092216,0.729850
0.381978,0.092216,0.459368
0.127476,0.092216,0.315040
-0.252156,0.092216,0.481553
0.378427,0.092216,0.547544
0.288516,0.092216,0.385940
-0.105968,0.092216,0.582556
-0.295043,0.092216,0.586462
0.043833,0.092216,0.744954
0.194345,0.092216,-0.250387
-0.248918,0.092216,0.610862
0.260942,0.092216,0.832420
0.328207,0.092216,-0.274515
0.167000,0.092216,-0.193901
0.341827,0.092216,0.309483
0.509135,0.092216,-0.589701
-0.275051,0.092216,0.533402
0.487743,0.092216,-0.044162
-0.022242,0.092216,0.830665
-0.140541,0.092216,0.686128
0.340908,0.092216,-0.469689
-0.085413,0.092216,0.815374
0.296914,0.092216,0.594818
0.181289,0.092216,0.649779
-0.307493,0.092216,0.648881
0.443854,0.092216,0.746834
0.385216,0.092216,0.513452
0.484046,0.092216,0.007478
0.287702,0.092216,0.429642
0.127560,0.092216,0.223751
-0.007640,0.092216,0.185042
-0.346871,0.092216,0.651743
0.485675,0.092216,0.713995
0.428562,0.092216,0.257802
0.342851,0.092216,0.107582
0.317846,0.092216,0.264486
0.022463,0.092216,0.676289
0.194282,0.092216,0.352119
0.201030,0.092216,0.569709
0.439947,0.092216,-0.606580
0.134955,0.092216,-0.192605
0.414127,0.092216,0.695236
0.298773,0.092216,0.131647
0.184130,0.092216,0.048401
0.306962,0.092216,-0.056863
0.448596,0.092216,0.789136
0.265266,0.092216,0.133590
0.485822,0.092216,0.285021
0.378113,0.092216,-0.164780
0.411098,0.092216,-0.180991
0.444689,0.092216,-0.057699
0.184652,0.092216,-0.224170
0.317825,0.092216,-0.413098
-0.422304,0.092216,0.738541
0.079952,0.092216,0.213411
0.277299,0.092216,-0.196491
0.250225,0.092216,0.208543
0.341619,0.092216,-0.398789
0.425157,0.092216,0.586504
0.175648,0.092216,0.840483
0.479032,0.092216,-0.230186
0.266394,0.092216,0.393398
0.102158,0.092216,0.016774
0.492506,0.092216,0.746061
0.152461,0.092216,0.052266
0.173079,0.092216,0.614747
0.073580,0.092216,0.101253
0.347948,0.092216,0.242385
0.090125,0.092216,0.120221
-0.245450,0.092216,0.525861
0.222943,0.092216,-0.328787
0.131633,0.092216,0.835762
-0.294061,0.092216,0.823709
0.033827,0.092216,0.054125
0.317031,0.092216,-0.190537
-0.301247,0.092216,0.538269
0.346382,0.092216,-0.511239
-0.439496,0.092216,0.753916
0.503850,0.092216,0.726863
0.210973,0.092216,0.516878
0.218765,0.092216,-0.298538
-0.088609,0.092216,0.146041
-0.364042,0.092216,0.710423
0.310096,0.092216,-0.170650
0.476024,0.092216,0.129099
0.481685,0.092216,0.626049
0.351813,0.092216,0.354334
-0.066842,0.092216,0.642573
0.506795,0.092216,0.521244
0.350873,0.092216,0.521975
-0.390886,0.092216,0.787110
0.104372,0.092216,0.251263
0.488830,0.092216,0.514664
0.469507,0.092216,-0.618070
0.398940,0.092216,0.674409
0.222630,0.092216,-0.044851
0.439028,0.092216,-0.486296
0.292026,0.092216,-0.253123
0.418953,0.092216,-0.396512
0.322024,0.092216,-0.359933
-0.008600,0.092216,0.827741
-0.253994,0.092216,0.559431
0.312603,0.092216,-0.489785
0.090292,0.092216,-0.039002
0.279012,0.092216,-0.447003
0.388120,0.092216,0.691559
0.390522,0.092216,0.636765
0.245358,0.092216,0.226467
0.357223,0.092216,0.317484
0.449578,0.092216,0.758115
-0.489256,0.092216,0.842656
0.360733,0.092216,-0.300878
0.291984,0.092216,-0.422206
0.365078,0.092216,-0.035785
-0.025688,0.092216,0.633548
0.078949,0.092216,0.665718
0.483357,0.092216,0.147336
0.107861,0.092216,-0.023439
0.178698,0.092216,-0.036057
-0.259300,0.092216,0.774534
0.131487,0.092216,0.471902
0.293676,0.092216,0.474221
-0.038097,0.092216,0.531689
0.497248,0.092216,0.253937
0.392151,0.092216,0.152621
-0.239413,0.092216,0.671735
-0.015139,0.092216,0.064946
0.317407,0.092216,0.309191
-0.041857,0.092216,0.735825
0.062592,0.092216,-0.070984
-0.075490,0.092216,0.542949
-0.080671,0.092216,0.625756
-0.139225,0.092216,0.631480
0.192130,0.092216,0.483726
0.157119,0.092216,0.117714
0.042287,0.092216,0.820450
0.401677,0.092216,-0.325319
0.233325,0.092216,0.453540
0.221606,0.092216,0.066074
-0.463457,0.092216,0.846270
0.163386,0.092216,0.061708
0.411057,0.092216,0.393398
0.012269,0.092216,0.644515
0.216300,0.092216,0.130185
0.222191,0.092216,-0.060728
-0.172168,0.092216,0.712575
-0.206678,0.092216,0.804636
0.241034,0.092216,0.585501
0.397604,0.092216,-0.163276
0.011370,0.092216,0.824482
0.047635,0.092216,0.437496
0.415694,0.092216,-0.385294
0.493300,0.092216,0.303864
0.478406,0.092216,0.270043
-0.265734,0.092216,0.470022
0.110200,0.092216,0.501942
0.470133,0.092216,-0.728348
0.064702,0.092216,0.270398
0.456555,0.092216,0.704908
0.201071,0.092216,0.241946
0.376233,0.092216,-0.403238
0.240156,0.092216,-0.366138
-0.177036,0.092216,0.742113
-0.038891,0.092216,0.491539
0.369256,0.092216,0.415353
0.391002,0.092216,-0.325215
0.459375,0.092216,0.187612
0.131299,0.092216,0.371672
0.133096,0.092216,-0.158659
-0.245763,0.092216,0.408418
0.317888,0.092216,-0.386129
0.470488,0.092216,-0.175873
0.044042,0.092216,0.493586
-0.409122,0.092216,0.844661
-0.429239,0.092216,0.716460
0.452210,0.092216,0.506120
0.041055,0.092216,0.031627
-0.484911,0.092216,0.832023
-0.155227,0.092216,0.739690
-0.186018,0.092216,0.687904
0.286595,0.092216,0.670314
0.151395,0.092216,0.040108
0.029064,0.092216,0.066408
-0.043194,0.092216,0.274785
0.477340,0.092216,-0.492814
0.493801,0.092216,-0.736474
0.290062,0.092216,0.732357
0.091441,0.092216,0.145894
0.402178,0.092216,0.729683
0.180474,0.092216,-0.139608
0.029628,0.092216,0.451242
0.233200,0.092216,0.341716
0.367501,0.092216,0.386671
0.130108,0.092216,-0.109965
0.089352,0.092216,0.388635
0.448784,0.092216,0.242865
-0.189465,0.092216,0.667996
0.173706,0.092216,0.701043
-0.227527,0.092216,0.807686
0.148157,0.092216,-0.051682
0.122463,0.092216,0.598829
-0.156146,0.092216,0.750427
0.175356,-0.416036,-0.673554
0.136584,-0.440560,-0.673554
0.242224,-0.448791,-0.673554
-0.295460,-0.450567,-0.673554
-0.048375,-0.459967,-0.673554
0.208132,-0.403126,-0.673554
-0.041439,-0.450274,-0.673554
0.350518,-0.404985,-0.673554
-0.207284,-0.454243,-0.673554
0.072975,-0.430951,-0.673554
-0.336238,-0.472605,-0.699123
-0.402918,0.033076,-0.699123
-0.119171,0.056410,-0.813077
-0.126085,0.056410,-0.803802
-0.430326,0.056410,-0.817589
-0.201289,0.056410,-0.827951
-0.308078,0.056410,-0.778295
0.050121,0.056410,-0.773136
-0.184076,0.056410,-0.808419
0.233910,0.056410,-0.789033
-0.459467,0.056410,-0.801901
-0.346014,0.056410,-0.839628
-0.332185,-0.290613,-0.712806
-0.332185,-0.105674,-0.714895
-0.332185,-0.191093,-0.714268
0.231132,0.035917,0.762313
0.232740,0.007841,0.762313
-0.100474,-0.005549,0.762313
0.270844,0.014798,0.762313
0.388830,0.034100,0.762313
0.194951,0.030862,0.762313
-0.003482,0.003099,0.762313
-0.158653,-0.024768,0.762313
0.189269,0.014547,0.762313
-0.417875,-0.028862,0.039899
-0.418982,-0.028862,0.682598
-0.412298,-0.028862,-0.150867
-0.415306,-0.028862,0.028535
-0.423683,-0.028862,-0.067078
-0.427338,-0.028862,0.584728
-0.424226,-0.028862,-0.019157
0.379910,-0.010041,-0.699123
0.331132,-0.207930,-0.699123
0.332323,-0.162955,-0.699123
0.373538,-0.121446,-0.699123
-0.374341,-0.378308,-0.699123
0.010702,0.056870,0.848422
0.137065,0.068255,0.848422
0.245964,0.078407,0.848422
-0.409958,0.056473,0.848422
0.066958,0.075336,0.848422
-0.363708,-0.294958,0.690682
-0.407159,-0.124977,0.690682
-0.375719,-0.274736,0.690682
-0.388609,-0.299637,0.690682
-0.076263,0.054906,0.762313
-0.290196,0.024866,0.762313
0.321899,0.056097,0.762313
-0.257608,0.027478,0.762313
-0.051153,0.015550,0.762313
-0.444447,0.021963,0.762313
-0.306616,0.010223,0.762313
-0.122806,0.049788,0.762313
0.311746,0.047490,0.762313
0.113731,0.047344,0.762313
0.350706,-0.218856,-0.734949
0.343728,-0.203606,-0.734949
0.341055,-0.513090,-0.734949
0.362195,-0.494540,-0.734949
0.345358,-0.298070,-0.734949
0.406210,-0.461367,0.694672
0.389352,-0.159884,0.690682
0.378113,-0.187187,0.690682
0.372452,0.020354,0.690682
0.397144,-0.177431,0.690682
0.334307,-0.475196,-0.699123
-0.372022,0.054238,-0.734949
-0.408914,-0.098990,-0.722519
-0.408914,-0.169013,-0.705264
-0.188274,-0.008495,-0.734949
0.091253,0.044837,-0.734949
-0.139141,0.037442,-0.734949
-0.110689,0.011957,-0.734949
-0.137972,0.023655,-0.734949
-0.180650,0.034810,-0.734949
0.403202,-0.042462,0.726508
0.348763,-0.137782,0.726508
0.365245,-0.030492,0.726508
0.351040,-0.165524,0.726508
0.384965,-0.124726,0.726508
0.338381,-0.342837,0.726508
0.335059,-0.509413,0.726508
0.373016,-0.238848,0.726508
0.371554,-0.079311,0.726508
0.355949,-0.329886,0.726508
0.351061,-0.342253,0.726508
0.283482,-0.461993,0.685689
0.336396,-0.461993,0.687548
-0.145952,-0.461993,0.665531
-0.385579,-0.021802,-0.734949
0.456158,0.056410,-0.503175
0.486030,0.056410,-0.665406
0.490960,0.056410,-0.241780
0.465454,0.056410,-0.622666
0.491629,0.056410,-0.050554
0.467292,0.056410,-0.728912
0.474144,0.056410,-0.046648
0.489937,0.056410,-0.593942
0.471784,0.056410,-0.738521
0.445546,0.056410,-0.728348
0.508299,0.056410,0.308919
0.460795,0.056410,-0.518822
0.504622,0.056410,0.294777
0.509323,0.056410,0.014581
0.503244,0.056410,0.073177
0.464054,0.056410,-0.485837
-0.012904,-0.453533,0.665113
0.137691,-0.439411,0.665113
-0.312047,-0.401642,0.665113
-0.277370,-0.415931,0.665113
-0.321844,-0.438095,0.665113
-0.298385,-0.431055,0.665113
-0.390530,-0.385474,0.665113
0.231466,-0.456604,0.665113
-0.028258,-0.435087,0.665113
-0.336070,-0.360072,-0.699123
-0.336321,-0.160322,-0.699123
-0.339580,-0.222261,-0.699123
-0.345220,-0.266192,-0.699123
-0.358297,-0.222616,-0.699123
0.191734,0.056410,-0.725528
0.168588,0.056410,-0.725110
-0.090635,0.056410,-0.723606
-0.389465,-0.149230,-0.734949
-0.332874,-0.339244,-0.734949
-0.358694,-0.310730,-0.734949
-0.357524,-0.191991,-0.734949
-0.358381,-0.270851,-0.734949
-0.332185,-0.121843,-0.711281
-0.332185,-0.052259,-0.723543
-0.019672,0.056410,0.761603
-0.206511,0.056410,0.761415
-0.126085,0.056410,0.750281
0.216384,0.056410,0.755441
0.340867,-0.027860,0.726508
0.393885,-0.429426,0.690682
-0.071730,-0.455413,-0.699123
0.096225,-0.443756,-0.699123
-0.060366,-0.435359,-0.699123
-0.174550,-0.439516,-0.699123
-0.143925,-0.438492,-0.699123
-0.311859,-0.411440,-0.699123
-0.038369,-0.439391,-0.699123
-0.215243,-0.457795,-0.699123
0.392590,-0.014093,0.726508
0.406210,-0.006761,-0.722812
-0.408914,-0.003377,-0.630270
-0.408914,0.041996,-0.584061
-0.408914,-0.013822,-0.691289
-0.408914,0.005188,-0.231377
-0.408914,0.041244,0.195487
-0.408914,0.038967,-0.177648
-0.408914,0.018829,-0.151014
-0.408914,0.040680,-0.681366
-0.408914,0.008489,-0.291707
-0.408914,0.052128,-0.569584
-0.408914,0.051626,0.058742
-0.408914,0.014359,-0.389806
-0.408914,0.026747,-0.004764
-0.408914,-0.006782,-0.396512
0.313208,-0.027943,0.726508
-0.203858,0.016719,0.726508
-0.295795,0.034142,0.726508
-0.214784,0.022757,0.726508
-0.228195,-0.013759,0.726508
-0.318063,-0.014824,0.726508
-0.299054,-0.021739,0.726508
-0.103733,0.005961,0.726508
-0.382613,-0.144028,-0.699123
-0.402438,-0.034816,-0.699123
-0.360533,-0.068720,-0.699123
0.021021,0.056410,0.709023
-0.099242,0.056410,0.699477
0.002764,0.056410,0.692290
0.406210,-0.393391,-0.687947
0.329482,-0.128131,-0.728536
0.329482,-0.367529,-0.723418
-0.224101,0.056410,0.730164
-0.016037,0.056410,0.737475
-0.089006,0.056410,0.736034
0.092590,0.056410,0.737475
0.329482,-0.502582,0.717254
0.329482,-0.386978,0.706370
-0.408914,0.000363,-0.734259
-0.009165,0.056410,0.766951
0.440052,0.056410,0.827385
0.199964,0.056410,0.800688
-0.289632,0.056410,0.769312
0.380265,0.056410,0.785376
0.265663,0.056410,0.793982
0.398544,0.056410,0.828054
0.461088,0.056410,0.807164
-0.090593,0.056410,0.763462
0.285550,0.056410,0.770586
0.384923,0.056410,0.815395
0.324259,-0.376742,0.673155
0.282479,-0.376742,0.675704
0.100069,-0.376742,0.685710
-0.487689,0.056410,0.699936
-0.470580,0.056410,0.213557
-0.463917,0.056410,-0.055296
-0.495983,0.056410,0.450239
-0.452970,0.056410,0.635909
-0.480399,0.056410,0.122205
-0.457545,0.056410,0.612094
-0.472293,0.056410,0.620158
-0.453472,0.056410,0.479130
-0.454412,0.056410,0.664737
-0.451968,0.056410,-0.378525
-0.491972,0.056410,0.566345
-0.473526,0.056410,0.745413
-0.478059,0.056410,0.412032
-0.444719,-0.015430,0.534760
-0.444719,0.024720,0.400104
-0.444719,0.035729,0.733109
-0.444719,0.043751,0.447022
-0.444719,-0.013863,0.635491
-0.444719,0.051021,0.043116
-0.444719,0.053674,-0.304157
-0.444719,-0.026961,0.740880
-0.444719,0.013126,0.374576
-0.444719,0.014818,0.595633
-0.444719,0.028940,0.670356
-0.444719,0.036377,0.258261
-0.444719,-0.002144,0.749362
-0.444719,0.050373,-0.128494
-0.444719,0.009136,0.420826
-0.444719,0.011873,0.171798
-0.444719,0.052190,-0.019574
0.387430,-0.005612,-0.734949
0.367606,-0.303815,0.690682
0.332197,-0.342315,0.690682
0.356638,-0.118167,0.690682
0.371700,-0.217728,0.690682
0.396287,-0.541730,-0.699123
-0.359718,-0.444592,0.690682
0.160461,-0.376742,-0.691435
-0.338661,-0.178434,0.690682
-0.345659,-0.073838,0.690682
-0.386749,-0.031829,0.690682
-0.374236,0.049329,0.690682
0.432197,-0.028862,-0.351912
0.423716,-0.028862,-0.119282
0.435644,-0.028862,-0.421454
0.434453,-0.028862,0.096573
0.436709,-0.028862,0.342280
0.415047,-0.028862,-0.556257
0.438067,-0.028862,-0.361312
-0.408914,-0.445344,0.675516
-0.038369,0.068673,0.848422
0.226682,0.067273,0.848422
0.458142,0.060985,0.848422
0.497478,0.061382,0.848422
-0.221886,0.056410,0.751096
0.000257,0.056410,0.749007
-0.034817,0.056410,0.743304
-0.332185,-0.346075,-0.723501
-0.332185,-0.221363,-0.724963
0.024113,-0.028862,0.730289
-0.069933,-0.028862,0.729558
-0.255122,-0.028862,0.735219
-0.386540,-0.028862,0.744285
-0.380044,-0.376742,0.668121
-0.301560,-0.376742,0.671672
-0.320361,-0.376742,0.676853
-0.140959,-0.389526,-0.699123
0.123737,-0.418856,-0.699123
-0.184556,-0.381985,-0.699123
-0.031287,-0.404170,-0.699123
-0.128989,-0.397360,-0.699123
-0.221510,-0.385014,-0.699123
0.289728,-0.444049,-0.699123
0.127205,-0.391553,-0.699123
0.428458,-0.028862,0.323062
0.417762,-0.028862,0.059452
0.420750,-0.028862,0.009880
0.406440,-0.028862,0.677208
0.414566,-0.028862,0.459264
0.407004,-0.028862,0.091643
0.039133,-0.382424,-0.699123
0.127978,-0.408599,-0.699123
0.020269,-0.377995,-0.699123
-0.046035,-0.377849,-0.699123
0.068045,-0.388043,-0.699123
-0.018920,-0.394770,-0.699123
0.050372,-0.416516,-0.699123
0.442015,-0.022428,-0.399269
0.442015,0.005376,0.480028
0.442015,-0.028528,0.698411
0.442015,-0.028758,0.535742
0.442015,-0.023431,0.439565
0.442015,-0.002604,0.626613
0.442015,0.017179,0.451263
0.442015,-0.006928,-0.039879
0.442015,-0.022804,0.525944
0.442015,0.019331,0.414330
0.442015,-0.024455,-0.453165
0.442015,-0.009560,0.056423
0.442015,-0.005695,0.454584
0.442015,0.026287,0.281365
0.442015,-0.007408,0.109588
0.442015,-0.018417,-0.280928
0.140741,0.022548,0.762313
0.295723,-0.024893,0.762313
0.095055,-0.019566,0.762313
0.097269,-0.003962,0.762313
0.201552,-0.006552,0.762313
-0.347455,-0.020005,0.762313
-0.301205,-0.017122,0.762313
0.373392,0.014046,0.762313
-0.444719,-0.017895,-0.531440
-0.444719,0.011372,-0.556863
-0.444719,0.002890,-0.182349
-0.444719,0.024574,-0.208670
-0.444719,0.043667,-0.579841
-0.444719,0.018767,-0.741216
-0.444719,0.023174,-0.407562
-0.444719,0.004394,-0.013224
-0.444719,-0.025708,-0.497076
-0.444719,-0.010855,-0.503092
-0.444719,0.027582,-0.577899
-0.444719,-0.010500,-0.113475
-0.444719,-0.001476,0.046918
-0.444719,-0.024622,-0.340986
-0.444719,0.037944,-0.627596
-0.444719,-0.027609,0.467641
-0.444719,0.017137,-0.133884
-0.444719,-0.002938,0.126216
0.429231,0.056410,0.051284
0.413041,0.056410,-0.603677
0.433785,0.056410,-0.535388
0.439362,0.056410,-0.672070
0.425638,0.056410,-0.373909
0.430860,0.056410,-0.506225
0.433221,0.056410,-0.646773
0.436083,0.056410,0.128932
0.399734,-0.430471,-0.699123
-0.408914,-0.014824,0.211259
-0.408914,0.007507,0.217254
-0.408914,-0.027484,-0.386986
-0.408914,0.010661,0.116962
-0.408914,0.004185,0.200521
-0.408914,-0.025624,0.628200
-0.408914,-0.026606,-0.526530
-0.408914,-0.009226,-0.013036
-0.408914,0.042915,0.535700
-0.408914,0.009972,0.322268
-0.408914,0.007152,0.054940
-0.408914,-0.020757,0.492144
-0.408914,-0.001664,0.292729
-0.408914,0.036962,0.516669
-0.408914,0.025723,0.630728
0.406210,-0.079165,0.718445
0.318681,-0.461993,-0.683664
0.113417,-0.461993,-0.685795
0.062112,-0.461993,-0.690265
-0.384995,-0.534774,-0.699123
-0.161034,0.056410,-0.749488
-0.244301,0.056410,-0.747337
0.015130,0.056410,-0.748026
0.054926,0.056410,-0.742072
0.326536,-0.007596,-0.734949
0.126724,-0.027379,-0.734949
0.328792,0.021942,-0.734949
0.236354,0.039197,-0.734949
0.313919,-0.006615,-0.734949
0.314169,0.030904,-0.734949
-0.214450,-0.020026,-0.734949
-0.440081,0.056410,-0.454648
-0.432310,0.056410,-0.651640
-0.443194,0.056410,-0.162712
-0.443737,0.056410,0.690494
-0.438243,0.056410,-0.441383
-0.416893,0.056410,-0.738166
-0.412193,0.056410,-0.725862
0.406210,0.045756,0.502589
0.406210,0.004311,0.459138
0.406210,0.043250,0.455504
0.406210,0.032429,-0.235618
0.406210,0.007215,0.435616
0.406210,0.040116,0.330039
0.406210,-0.001601,0.307687
0.406210,0.003204,0.190557
0.406210,-0.020465,0.687089
0.406210,-0.001810,0.605242
0.406210,0.035479,0.111593
0.406210,0.045046,0.572069
0.406210,0.035332,0.161750
0.406210,0.048389,0.594233
0.406210,0.041913,0.042469
0.406210,0.027624,-0.021601
-0.394374,-0.408599,-0.699123
0.335749,-0.519566,0.690682
0.355510,0.056410,0.729621
-0.408914,-0.296608,-0.704178
0.116676,-0.376742,-0.696658
-0.283407,-0.376742,-0.682745
-0.182175,-0.376742,-0.687216
-0.355958,0.056410,0.493314
-0.007452,0.056410,0.657028
-0.083365,0.056410,-0.070316
-0.041439,0.056410,0.636076
-0.152031,0.056410,0.357822
0.124259,0.056410,0.296636
0.155490,0.056410,0.305138
-0.281422,0.056410,-0.098496
-0.375260,0.056410,0.554041
-0.369766,0.056410,-0.046084
-0.330012,0.056410,0.561917
-0.321719,0.056410,0.016837
-0.025897,0.056410,0.132170
-0.374466,0.056410,-0.493211
-0.139831,0.056410,0.117944
-0.375594,0.056410,-0.444914
0.056346,0.056410,0.649153
-0.397570,0.056410,-0.407416
0.162237,0.056410,0.332378
-0.388379,0.056410,0.167411
-0.339288,0.056410,-0.285398
-0.128362,0.056410,-0.096052
-0.116392,0.056410,0.009358
-0.315181,0.056410,0.246813
0.211913,0.056410,0.599163
0.133681,0.056410,0.533444
0.075983,0.056410,0.538102
-0.057608,0.056410,0.531062
-0.024957,0.056410,0.442782
-0.317061,0.056410,0.561770
-0.035966,0.056410,0.179924
-0.003378,0.056410,0.563943
-0.379313,0.056410,0.475850
-0.116998,0.056410,0.182870
-0.302145,0.056410,0.285314
0.070614,0.056410,0.282180
-0.052469,0.056410,0.308856
-0.258172,0.056410,-0.191624
0.012206,0.056410,0.296114
0.309553,0.056410,0.561039
-0.402438,0.056410,0.031313
0.011349,0.056410,0.236139
-0.083658,0.056410,0.054209
-0.188254,0.056410,0.040442
-0.273087,0.056410,0.029579
-0.328968,0.056410,-0.197682
-0.205571,0.056410,0.058345
-0.040228,0.056410,0.566659
0.278239,0.056410,0.547001
-0.085538,0.056410,0.071109
-0.292348,0.056410,0.082765
-0.074717,0.056410,-0.088866
0.029043,0.056410,0.674576
-0.166507,0.056410,-0.190809
0.139112,0.056410,0.496594
0.075690,0.056410,0.137371
-0.064523,0.056410,0.257634
-0.032812,0.056410,0.303947
-0.066110,0.056410,0.207666
0.025910,0.056410,0.320847
-0.046892,0.056410,0.058533
0.322003,0.056410,0.599456
0.162530,0.056410,0.524545
-0.295147,0.056410,0.496740
-0.075385,0.056410,0.670899
0.016697,0.056410,0.130331
0.187869,0.056410,0.352475
-0.315765,0.056410,-0.256612
-0.107222,0.056410,0.597931
-0.152260,0.056410,0.061666
-0.361786,0.056410,0.385251
-0.323787,0.056410,-0.526259
0.003620,0.056410,0.467118
-0.271333,0.056410,0.280530
-0.158506,0.056410,-0.016608
-0.389590,0.056410,0.336724
0.016990,0.056410,0.645330
0.268441,0.056410,0.579401
0.345901,0.056410,0.674764
0.055511,0.056410,0.608438
0.010681,0.056410,0.103530
-0.209331,0.056410,0.502965
-0.219693,0.056410,0.351430
-0.106679,0.056410,0.003175
-0.132603,0.056410,0.065573
-0.342901,0.056410,-0.057887
-0.018189,0.056410,0.424440
-0.237011,0.056410,0.489805
-0.083553,0.056410,-0.043096
-0.402479,0.056410,0.190849
-0.392745,0.056410,-0.388741
0.103662,0.056410,0.636097
-0.133877,0.056410,0.130624
0.089373,0.056410,0.538875
-0.118690,0.056410,0.539084
0.155364,0.056410,0.428576
-0.327777,0.056410,-0.376269
0.169507,0.056410,0.508021
-0.076869,0.056410,0.690034
0.192695,0.056410,0.440233
0.245045,0.056410,0.582535
-0.334002,0.056410,0.025945
-0.226649,0.056410,0.090557
-0.350568,0.056410,-0.255735
-0.239768,0.056410,0.391518
-0.297236,0.056410,-0.311009
0.054947,0.056410,0.354417
0.083419,0.056410,0.467181
0.138569,0.056410,0.599915
-0.106282,0.056410,0.362188
-0.408329,0.056410,-0.252873
0.221147,0.056410,0.440860
0.137441,0.056410,0.275412
-0.235319,0.056410,0.220826
-0.223307,0.056410,-0.251327
-0.352385,0.056410,-0.124484
-0.146244,0.056410,0.458658
-0.292515,0.056410,0.621453
-0.335736,0.056410,-0.468853
-0.244928,0.056410,0.061792
-0.389193,0.056410,-0.066034
0.122943,0.056410,0.637413
0.023737,0.056410,0.556339
-0.149691,0.056410,0.393523
-0.292619,0.056410,-0.205850
0.003933,0.056410,0.676247
0.003035,0.056410,0.597012
-0.362747,0.056410,0.021662
-0.093998,0.056410,0.456318
0.370718,0.056410,0.630707
-0.384013,0.056410,-0.129163
0.340470,0.056410,0.663295
-0.187982,0.056410,0.069897
-0.273275,0.056410,-0.311344
-0.349106,0.056410,0.677250
0.141807,0.056410,0.422644
-0.367614,0.056410,0.458867
-0.266194,0.056410,-0.432463
-0.170852,0.056410,-0.035367
-0.262413,0.056410,0.123396
-0.321468,0.056410,0.395006
-0.106031,0.056410,-0.069710
-0.390238,0.056410,-0.335659
0.014546,0.056410,0.489575
-0.065881,0.056410,0.680550
-0.105237,0.056410,-0.040736
0.090459,0.056410,0.237747
0.406210,-0.369869,-0.717255
-0.399994,-0.547266,0.725464
-0.402709,-0.010667,0.690682
-0.216037,0.056410,-0.709777
-0.151613,0.056410,-0.719052
0.074708,0.056410,-0.703614
-0.236676,0.056410,-0.813390
-0.340332,0.056410,-0.820932
0.190062,0.056410,-0.772968
-0.054830,0.056410,-0.811531
0.114587,0.056410,-0.780739
-0.264711,0.056410,-0.827449
-0.131036,0.056410,-0.821788
0.004915,0.056410,-0.777230
-0.349983,0.056410,-0.811991
-0.040646,0.056410,-0.803614
0.388224,-0.478643,0.690682
-0.107514,-0.376742,-0.678295
0.076108,-0.376742,-0.685670
0.375878,-0.376742,-0.674118
0.299860,0.047198,0.762313
-0.320152,0.053339,0.762313
-0.030368,0.032909,0.762313
-0.187773,0.010828,0.762313
-0.147999,0.014798,0.762313
-0.407284,-0.001497,0.762313
0.158393,0.040221,0.762313
0.098147,0.031321,0.762313
0.377090,-0.003982,-0.734949
0.335811,-0.547266,0.705159
-0.375699,-0.382424,0.690682
0.406210,-0.543025,0.722059
0.406210,-0.504463,0.715123
0.406210,-0.253032,0.716356
-0.337428,-0.310604,0.726508
-0.342672,-0.099992,0.726508
-0.360094,-0.431807,0.726508
-0.352030,-0.240540,0.726508
-0.387773,-0.518709,0.726508
0.166791,0.056410,0.843700
-0.396171,0.056410,0.768664
-0.406365,0.056410,0.817149
-0.167489,0.056410,0.811008
-0.390217,0.056410,0.810339
-0.246808,0.056410,0.831856
-0.269787,0.056410,0.803842
0.102367,0.056410,0.834091
0.239112,0.056410,0.831396
0.289561,0.056410,0.848087
-0.217311,0.056410,0.828785
-0.409561,-0.028862,0.592729
-0.409248,-0.028862,0.603132
-0.417604,-0.028862,0.147169
-0.425249,-0.028862,0.468476
-0.418774,-0.028862,-0.197347
-0.422262,-0.028862,0.500960
-0.394625,-0.028862,0.727991
0.391274,-0.527483,-0.699123
-0.367280,0.009178,0.726508
-0.332185,-0.076679,0.717672
-0.332185,0.042456,0.692061
-0.333877,-0.484868,0.690682
-0.373484,-0.304484,0.726508
-0.363102,-0.130533,0.726508
-0.402605,-0.172251,0.726508
-0.379877,-0.219002,0.726508
-0.384451,-0.057189,0.726508
-0.385287,-0.117791,0.726508
0.442015,0.050603,0.120868
0.442015,-0.009790,-0.544329
0.442015,0.050122,0.396343
0.442015,0.053632,-0.360456
0.442015,0.054279,0.690285
0.442015,0.054739,-0.178421
0.442015,0.020709,-0.217172
0.442015,0.042477,0.256882
0.442015,0.029797,-0.357489
0.442015,0.029797,-0.666179
0.442015,0.005021,-0.567036
0.442015,0.038299,-0.144099
0.442015,0.021023,-0.644203
0.442015,0.032032,0.074911
0.442015,0.033494,-0.083686
0.442015,0.014860,-0.595885
-0.009561,-0.017039,-0.734949
0.092423,-0.003230,-0.734949
0.184380,0.015382,-0.734949
-0.173213,-0.014093,-0.734949
0.275001,0.011560,-0.734949
0.113835,0.017659,-0.734949
0.017930,0.000237,-0.734949
-0.015202,0.010076,-0.734949
0.339383,-0.010103,0.726508
-0.352344,-0.053491,0.690682
-0.341502,0.049224,0.690682
-0.356751,-0.007429,0.690682
-0.352156,0.056410,-0.602298
-0.288045,0.056410,0.514893
-0.005530,0.056410,0.671965
-0.197591,0.056410,0.213703
-0.399826,0.056410,-0.085649
0.032845,0.056410,0.594693
-0.408349,0.056410,0.231835
-0.368220,0.056410,0.269040
-0.360386,0.056410,-0.376750
-0.362747,0.056410,-0.275559
0.270468,0.056410,0.529621
-0.005279,0.056410,0.428200
-0.400098,0.056410,0.639272
-0.106323,0.056410,0.673030
0.118661,0.056410,0.662188
0.142225,0.056410,0.658574
-0.311964,0.056410,0.145435
-0.281987,0.056410,0.595194
-0.136906,0.056410,0.080927
-0.283282,0.056410,0.474848
-0.101268,0.056410,0.556861
-0.234378,0.056410,0.017171
-0.202563,0.056410,0.514121
0.123173,0.056410,0.433653
0.078907,0.056410,0.457133
-0.296150,0.056410,-0.098580
0.000236,0.056410,0.351639
-0.262768,0.056410,0.332566
0.222003,0.056410,0.615123
-0.329741,0.056410,-0.277732
0.305542,0.056410,0.582389
-0.160094,0.056410,-0.258701
-0.023558,0.056410,0.483705
-0.095607,0.056410,0.131063
-0.121886,0.056410,0.117254
-0.228362,0.056410,-0.065699
-0.086269,0.056410,0.481323
-0.254892,0.056410,-0.210780
-0.183240,0.056410,-0.217882
0.089373,0.056410,0.382828
-0.106971,0.056410,0.053457
-0.204297,0.056410,0.193001
0.283106,0.056410,0.481407
-0.402605,0.056410,-0.373219
-0.330806,0.056410,0.450323
-0.088818,0.056410,0.578106
-0.055791,0.056410,0.579088
-0.276639,0.056410,0.105076
-0.355519,0.056410,-0.041822
-0.156668,0.056410,-0.093441
-0.227840,0.056410,0.122519
0.148220,0.056410,0.531417
-0.232457,0.056410,0.268999
-0.221886,0.056410,-0.197807
-0.327485,0.056410,0.047064
-0.013593,0.056410,0.592562
-0.088880,0.056410,0.011113
0.293593,0.056410,0.673239
-0.232791,0.056410,-0.077126
-0.390154,0.056410,0.555879
-0.028153,0.056410,0.291058
-0.032519,0.056410,0.643053
0.040157,0.056410,0.578211
-0.112632,0.056410,0.405932
-0.349983,0.056410,0.024085
0.251061,0.056410,0.427198
-0.108141,0.056410,-0.006748
-0.244092,0.056410,0.090620
-0.148375,0.056410,0.434927
-0.054725,0.056410,0.499184
-0.031705,0.056410,0.272529
0.114190,0.056410,0.674367
-0.324518,0.056410,-0.548632
-0.408788,0.056410,0.665071
-0.282801,0.056410,0.381888
-0.214867,0.056410,-0.330416
0.307861,0.056410,0.604177
-0.273672,0.056410,0.502527
-0.338139,0.056410,-0.434490
-0.072565,0.056410,-0.007521
0.147927,0.056410,0.489805
-0.281819,0.056410,-0.079508
0.134704,0.056410,0.321182
-0.117708,0.056410,0.688154
-0.154746,0.056410,0.278378
0.104748,0.056410,0.473887
-0.345596,0.056410,-0.005641
-0.233104,0.056410,0.517964
-0.153660,0.056410,-0.034553
-0.252177,0.056410,-0.409463
-0.237825,0.056410,-0.133592
-0.037888,0.056410,0.384311
-0.341732,0.056410,0.224649
-0.283762,0.056410,0.539084
0.160190,0.056410,0.492896
0.146946,0.056410,0.260622
-0.036656,0.056410,0.156569
-0.393789,0.056410,-0.099938
0.057056,0.056410,0.207415
-0.405968,0.056410,0.098809
-0.293142,0.056410,0.421641
-0.237449,0.056410,0.462314
-0.026315,0.056410,0.413306
-0.364502,0.056410,0.288447
-0.216768,0.056410,-0.272572
-0.009415,0.056410,0.525861
-0.172774,0.056410,0.547670
-0.232958,0.056410,-0.001379
-0.193664,0.056410,-0.181095
-0.276576,0.056410,-0.427074
-0.008789,0.056410,0.390264
0.035958,0.056410,0.637747
-0.349607,0.056410,0.385961
-0.293831,0.056410,-0.068373
0.118097,0.056410,0.647753
0.012707,0.056410,0.028848
0.093718,0.056410,0.287444
0.170635,0.056410,0.401942
-0.285475,0.056410,-0.284897
-0.101477,0.056410,0.581114
-0.313844,0.056410,-0.446355
-0.157566,0.056410,0.491580
-0.338556,0.056410,-0.500209
0.172097,0.056410,0.643868
0.043833,0.056410,0.621975
-0.029595,0.056410,0.352078
-0.277286,0.056410,-0.027178
-0.367886,0.056410,-0.429476
-0.260721,0.056410,0.603341
-0.366591,0.056410,0.301524
-0.398469,0.056410,0.143638
-0.156940,0.056410,0.454877
0.016426,0.056410,0.245142
-0.301519,0.056410,-0.270170
0.057412,0.056410,0.142615
0.365036,-0.547266,-0.702047
0.289122,0.027937,0.726508
0.179409,0.000760,0.726508
-0.032394,0.055825,0.726508
-0.042964,0.045464,0.726508
0.273058,-0.011503,0.726508
0.207568,0.018244,0.726508
0.323486,0.046550,0.726508
-0.408914,0.006609,0.724565
-0.250067,0.056410,0.715604
-0.255018,0.056410,0.699121
-0.337658,-0.028862,-0.766848
0.141368,-0.028862,-0.761751
0.207944,-0.028862,-0.766827
-0.384953,-0.028862,-0.764654
0.171617,0.044607,-0.770754
-0.286206,0.049705,-0.770754
0.283043,0.035416,-0.770754
0.176212,0.024720,-0.770754
0.246152,0.009387,-0.770754
-0.028446,0.026287,-0.770754
0.335456,0.047741,-0.770754
0.207464,0.006337,-0.770754
-0.423098,-0.028862,-0.130458
-0.332185,-0.327003,0.722456
-0.332185,-0.260260,0.722602
-0.332185,-0.392827,0.697053
-0.288483,-0.461993,0.681595
-0.125688,-0.461993,0.680133
0.080558,-0.461993,0.690327
0.045609,0.056410,-0.730437
0.212122,0.056410,-0.720368
-0.161891,0.022109,0.726508
-0.052427,-0.018919,0.726508
-0.298636,0.016573,0.726508
-0.008371,-0.000828,0.726508
0.167084,-0.011816,0.726508
-0.017124,-0.012422,0.726508
-0.236572,0.012019,0.726508
-0.384201,-0.356082,-0.734949
-0.390280,-0.409434,-0.734949
-0.380858,-0.238639,-0.734949
-0.373380,-0.287145,-0.734949
-0.376618,-0.369681,-0.734949
0.371909,-0.547266,0.704156
-0.091700,-0.028862,0.728597
0.116948,-0.028862,0.728033
-0.408914,-0.178747,0.702234
-0.408914,-0.227630,0.694797
-0.490113,0.056410,0.768685
-0.463165,0.056410,0.023375
-0.493601,0.056410,0.538269
-0.474758,0.056410,0.760475
-0.467489,0.056410,0.298056
-0.450025,0.056410,0.544703
-0.472523,0.056410,0.140379
-0.459822,0.056410,0.216335
-0.481046,0.056410,0.424942
-0.445366,0.056410,0.064570
-0.455310,0.056410,-0.283184
-0.449315,0.056410,0.647482
-0.352657,-0.275969,0.726508
-0.364000,-0.400410,0.726508
-0.347957,-0.382716,0.726508
-0.387752,-0.503669,0.726508
-0.303608,-0.461993,-0.685983
-0.120215,-0.461993,-0.682641
0.223361,0.074940,-0.856862
0.148366,0.070051,-0.856862
0.303139,0.073185,-0.856862
0.363261,0.077885,-0.856862
-0.170790,0.084068,-0.856862
0.375210,-0.538367,0.690682
-0.403148,-0.048436,-0.734949
-0.340499,-0.489861,-0.734949
-0.377370,-0.085202,-0.734949
-0.374612,-0.205298,-0.734949
0.332761,-0.424141,0.690682
0.331299,-0.502875,-0.699123
-0.063541,0.043270,0.726508
-0.020946,0.035834,0.726508
0.220332,-0.007659,0.726508
0.106670,0.003559,0.726508
0.207401,0.039030,0.726508
0.041911,0.042602,0.726508
0.146068,-0.004484,0.726508
0.406210,0.018537,0.704219
0.329482,-0.044843,0.700082
0.383733,-0.438576,-0.699123
0.272765,-0.460071,-0.673554
-0.257608,-0.454870,-0.673554
-0.222450,-0.456687,-0.673554
-0.074341,-0.434064,-0.673554
0.124677,-0.416182,-0.673554
0.253881,-0.434983,-0.673554
-0.114366,-0.434669,-0.673554
0.405771,-0.449877,-0.673554
0.227017,-0.433876,-0.673554
-0.176806,0.056410,-0.834280
0.449619,0.056410,-0.802152
0.288913,0.056410,-0.821621
0.041702,0.056410,-0.836119
0.436208,0.056410,-0.841696
0.385675,0.056410,-0.849196
-0.305383,0.056410,-0.840819
-0.143111,0.056410,-0.848485
0.330672,0.056410,-0.784291
0.437441,0.056410,-0.814707
0.169319,0.056410,-0.850157
0.165955,-0.010229,-0.770754
0.060587,-0.010793,-0.770754
-0.105676,0.010118,-0.770754
-0.309185,0.032324,-0.770754
-0.165964,-0.013425,-0.770754
-0.222576,0.024386,-0.770754
0.103181,-0.018772,-0.770754
-0.043612,0.014422,-0.770754
-0.281193,0.037588,-0.770754
0.259688,0.000008,-0.770754
0.039154,0.024741,-0.770754
-0.200244,0.041746,-0.770754
0.223298,0.054906,-0.770754
0.235310,-0.007868,-0.770754
0.300215,0.010849,-0.770754
0.309761,0.044461,-0.770754
-0.075448,0.031196,-0.770754
0.384589,-0.022637,-0.770754
-0.088170,-0.028862,-0.735492
-0.026649,-0.028862,-0.745080
0.278092,-0.028862,-0.749635
0.108634,-0.028862,-0.754920
-0.332185,0.023237,0.724649
0.384861,-0.206238,-0.699123
0.402659,-0.248937,-0.699123
0.378239,-0.224684,-0.699123
0.401802,-0.186309,-0.699123
0.354821,-0.276073,-0.699123
0.359793,-0.376742,-0.678692
0.266875,-0.376742,-0.690871
0.282082,-0.376742,-0.694652
-0.368972,-0.009832,-0.734949
-0.403524,0.040743,0.726508
0.405918,-0.332184,-0.734949
0.382145,-0.070642,-0.734949
0.394261,-0.391720,-0.734949
0.379701,-0.324371,-0.734949
0.374102,-0.137344,-0.734949
0.406210,-0.440874,0.689575
-0.274257,-0.376742,0.684081
-0.337073,-0.376742,0.680655
-0.177830,-0.376742,0.682368
0.399296,-0.046222,-0.734949
0.344564,-0.068365,-0.734949
0.398878,-0.307534,-0.734949
0.380160,-0.190111,-0.734949
0.391566,-0.431682,-0.734949
0.428186,-0.028862,0.746082
-0.408914,0.009366,-0.656842
-0.408914,0.039782,0.222122
-0.408914,0.050081,0.485230
-0.408914,-0.011461,-0.622352
-0.408914,0.035061,-0.105160
-0.408914,0.048577,-0.387028
-0.408914,0.029107,-0.494360
-0.408914,0.034434,-0.351870
-0.408914,0.034100,-0.573428
-0.408914,0.031175,-0.667140
-0.408914,0.052358,0.570565
-0.408914,-0.004943,-0.407166
-0.408914,0.022945,-0.185252
-0.408914,0.041161,0.347064
-0.408914,0.039469,0.337183
-0.408914,-0.008390,-0.427993
0.406210,-0.151173,-0.720451
-0.408914,-0.024120,-0.283748
-0.408914,-0.026690,0.348004
-0.408914,0.022631,0.538332
-0.408914,-0.000306,0.098579
-0.408914,-0.012130,0.253561
-0.408914,-0.018961,-0.232484
-0.408914,0.022798,0.610047
-0.408914,-0.024517,0.067808
-0.408914,0.000676,-0.114289
-0.408914,-0.009727,-0.332338
-0.408914,0.027143,0.659807
-0.408914,-0.021488,0.320952
-0.408914,-0.025290,-0.118843
-0.408914,0.013419,0.387152
0.407067,-0.028862,0.366011
0.408508,-0.028862,-0.088992
0.435372,-0.028862,0.630435
0.418535,-0.028862,0.622915
0.431445,-0.028862,0.520346
0.412226,-0.028862,0.700855
0.424175,-0.028862,0.636306
-0.225438,0.082920,0.848422
0.368107,0.090795,0.848422
-0.365421,0.073331,0.848422
0.036083,0.085573,0.848422
-0.504610,0.076987,0.848422
-0.511316,0.056410,-0.247421
-0.512381,0.056410,-0.416399
-0.499221,0.056410,0.121767
-0.471165,0.056410,-0.619470
-0.509394,0.056410,0.596030
-0.511587,0.056410,0.097764
-0.502542,0.056410,0.306559
-0.499659,0.056410,-0.651410
-0.475343,0.056410,-0.135346
-0.489486,0.056410,-0.682202
-0.510501,0.056410,0.322915
-0.486666,0.056410,-0.537310
-0.505488,0.056410,0.188092
-0.483135,0.056410,-0.190892
-0.507117,0.056410,0.064131
-0.478122,0.056410,-0.145394
0.373517,0.056410,-0.441822
0.400006,0.056410,0.506684
0.382667,0.056410,-0.552893
0.370551,0.056410,-0.684897
0.393885,0.056410,0.068476
0.340741,0.056410,-0.533529
0.385738,0.056410,-0.570525
0.378761,0.056410,-0.043138
0.384568,0.056410,-0.034302
0.400319,0.056410,0.035366
0.376672,0.056410,-0.409547
0.357996,0.056410,-0.646919
0.399170,0.056410,0.554814
0.359333,0.056410,-0.458952
0.406210,-0.382507,0.678252
0.343645,-0.461993,-0.686756
0.365955,-0.461993,-0.684124
-0.342066,-0.168595,-0.699123
-0.357462,-0.210166,-0.699123
-0.372607,-0.239829,-0.699123
-0.240813,0.056410,-0.413328
-0.369285,0.056410,-0.692793
-0.005321,0.056410,-0.021663
-0.092306,0.056410,-0.194465
-0.336133,0.056410,-0.675162
0.027915,0.056410,0.040275
-0.232707,0.056410,-0.455045
-0.126524,0.056410,-0.218676
-0.239643,0.056410,-0.500105
-0.308036,0.056410,-0.624065
0.222024,0.056410,0.370482
0.136271,0.056410,0.206517
-0.072106,0.056410,-0.181513
-0.299492,0.056410,-0.599144
-0.344907,-0.516829,-0.699123
0.294387,0.056410,0.754229
0.415151,0.056410,0.758386
0.018577,0.056410,0.732462
0.329482,-0.230888,-0.709630
0.329482,-0.121321,-0.709797
-0.271918,-0.403523,0.690682
-0.015536,-0.388231,0.690682
0.270321,-0.380209,0.690682
-0.236175,-0.440289,0.690682
0.160461,-0.380836,0.690682
-0.102521,-0.383447,0.690682
0.393238,-0.398906,0.665113
0.166707,-0.427525,0.665113
-0.255310,-0.391323,0.665113
-0.037993,-0.379123,0.665113
-0.121051,-0.398237,0.665113
0.063908,-0.399679,0.665113
-0.269244,-0.379792,0.665113
0.220207,-0.399073,0.665113
0.308153,-0.413383,0.665113
0.403390,-0.436842,0.665113
0.510096,0.056410,-0.625590
0.493927,0.056410,0.242886
0.489979,0.056410,-0.818028
0.503014,0.056410,0.043492
0.503578,0.056410,-0.594652
0.480808,0.056410,-0.179821
0.501844,0.056410,-0.192585
0.474123,0.056410,-0.132171
0.492861,0.056410,-0.831690
0.504184,0.056410,0.542071
0.483586,0.056410,-0.223522
0.460419,0.056410,-0.386610
0.507568,0.056410,0.434426
0.502220,0.056410,-0.500105
0.507735,0.056410,0.696656
-0.408914,-0.237281,-0.727512
-0.408914,-0.182069,-0.733737
-0.332185,-0.510625,-0.701233
-0.370058,-0.511126,0.690682
-0.366131,-0.395710,0.690682
-0.209666,0.092216,0.097827
-0.137011,0.092216,-0.021726
0.253797,0.092216,-0.588824
-0.500432,0.092216,0.638541
-0.164752,0.092216,0.123417
-0.209039,0.092216,-0.413182
-0.339455,0.092216,-0.264112
-0.171542,0.092216,-0.791456
-0.502124,0.092216,0.198161
-0.505550,0.092216,0.795236
-0.224330,0.092216,0.218466
0.218556,0.092216,-0.780614
-0.098949,0.092216,-0.805661
-0.248458,0.092216,-0.142741
-0.118586,0.092216,-0.438981
-0.138222,0.092216,-0.340381
-0.414930,0.092216,0.036139
-0.447790,0.092216,-0.679695
-0.237951,0.092216,-0.162524
-0.453534,0.092216,-0.584312
-0.421928,0.092216,-0.705807
-0.493142,0.092216,-0.097724
0.098586,0.092216,-0.567704
-0.382571,0.092216,0.531250
-0.132561,0.092216,-0.778922
-0.390551,0.092216,-0.268854
-0.076514,0.092216,-0.319532
0.077842,0.092216,-0.786192
-0.498573,0.092216,0.560204
-0.272879,0.092216,0.091351
-0.086729,0.092216,-0.543242
-0.351863,0.092216,-0.287320
-0.126545,0.092216,0.074012
-0.058444,0.092216,-0.127575
-0.387522,0.092216,-0.089994
-0.454809,0.092216,-0.445666
0.381456,0.092216,-0.791895
0.112853,0.092216,-0.293253
-0.269787,0.092216,-0.739879
-0.262601,0.092216,-0.174181
-0.217144,0.092216,-0.688782
-0.130869,0.092216,0.020931
-0.079501,0.092216,-0.785732
-0.388609,0.092216,-0.293483
-0.431621,0.092216,-0.799081
-0.214115,0.092216,-0.531252
-0.445283,0.092216,-0.049823
-0.087523,0.092216,-0.131941
-0.005676,0.092216,-0.179549
0.011496,0.092216,-0.051578
-0.260010,0.092216,-0.701609
0.071512,0.092216,-0.398789
-0.480545,0.092216,-0.330145
-0.367823,0.092216,0.401378
-0.263269,0.092216,-0.583476
-0.469787,0.092216,0.589136
-0.201017,0.092216,-0.216441
0.226891,0.092216,-0.496846
-0.491387,0.092216,-0.390913
-0.380190,0.092216,-0.736787
-0.350004,0.092216,0.385877
-0.381234,0.092216,-0.506455
0.212686,0.092216,-0.500940
-0.320194,0.092216,-0.735513
-0.216747,0.092216,0.121244
-0.127025,0.092216,0.035554
-0.132498,0.092216,-0.271507
-0.512903,0.092216,0.056757
0.077027,0.092216,-0.797368
-0.173484,0.092216,-0.266242
-0.373526,0.092216,-0.596031
0.333597,0.092216,-0.726071
0.081184,0.092216,-0.489075
-0.079355,0.092216,-0.016128
-0.159279,0.092216,0.181971
-0.304422,0.092216,0.417567
-0.429866,0.092216,-0.638124
0.018974,0.092216,-0.770399
-0.407096,0.092216,0.561457
0.190877,0.092216,-0.733946
-0.434441,0.092216,-0.419616
-0.505571,0.092216,-0.237268
-0.223558,0.092216,0.349863
-0.175636,0.092216,-0.046314
0.134098,0.092216,-0.788511
-0.401184,0.092216,0.511802
-0.277892,0.092216,0.372320
-0.297194,0.092216,-0.306184
0.078364,0.092216,-0.439378
-0.126524,0.092216,-0.250721
-0.440374,0.092216,0.365531
-0.475928,0.092216,0.620701
-0.016309,0.092216,-0.170441
0.102638,0.092216,-0.736307
-0.374675,0.092216,-0.449739
-0.162120,0.092216,-0.347212
-0.030410,0.092216,-0.488949
-0.147059,0.092216,-0.152894
-0.503754,0.092216,0.381512
-0.014847,0.092216,-0.002278
-0.153430,0.092216,-0.262921
-0.427046,0.092216,-0.254899
-0.033271,0.092216,0.001754
-0.014115,0.092216,-0.213328
-0.125500,0.092216,-0.193169
0.104476,0.092216,-0.195133
0.278970,0.092216,-0.633612
0.039969,0.092216,-0.221622
-0.293288,0.092216,0.478503
-0.372168,0.092216,-0.543597
0.065663,0.092216,-0.261291
-0.488817,0.092216,-0.172029
-0.218502,0.092216,0.057509
0.186135,0.092216,-0.445895
-0.511253,0.092216,0.371296
-0.431328,0.092216,-0.686965
-0.314763,0.092216,-0.836516
-0.300808,0.092216,-0.016504
-0.423328,0.092216,-0.294694
0.307192,0.092216,-0.853039
0.034119,0.092216,-0.242177
-0.311880,0.092216,-0.606372
-0.369411,0.092216,0.560245
0.025325,0.092216,-0.781763
-0.476409,0.092216,0.235387
0.013814,0.092216,-0.143264
0.156680,0.092216,-0.682265
-0.077642,0.092216,0.049112
-0.499617,0.092216,0.365134
-0.118795,0.092216,-0.750303
-0.387522,0.092216,-0.358868
-0.330597,0.092216,0.292792
-0.507514,0.092216,0.651221
-0.348688,0.092216,0.416565
-0.195628,0.092216,-0.257427
-0.111609,0.092216,-0.166598
-0.135151,0.092216,-0.799060
-0.208287,0.092216,-0.654251
-0.302041,0.092216,-0.730959
-0.151926,0.092216,-0.279633
-0.354892,0.092216,-0.514372
-0.189987,0.092216,-0.125486
-0.103399,0.092216,-0.077753
0.057119,0.092216,-0.416336
-0.351174,0.092216,0.520701
-0.436384,0.092216,0.196866
-0.209081,0.092216,-0.356549
-0.508913,0.092216,-0.616754
-0.163624,0.092216,-0.802820
-0.274383,0.092216,0.355232
-0.154997,0.092216,-0.028682
-0.222429,0.092216,-0.065825
-0.302563,0.092216,-0.587717
-0.121657,0.092216,-0.678316
-0.259927,0.092216,-0.804032
-0.474675,0.092216,0.296114
-0.418356,0.092216,-0.570545
-0.007681,0.092216,-0.124546
-0.096171,0.092216,-0.285753
-0.268262,0.092216,-0.708669
0.177111,0.092216,-0.451494
-0.056731,0.092216,-0.677836
-0.276075,0.092216,-0.246251
-0.255247,0.092216,0.319782
-0.319359,0.092216,-0.635283
-0.262016,0.092216,-0.544496
-0.451654,0.092216,-0.144204
-0.206908,0.092216,0.288614
-0.287376,0.092216,-0.175309
0.009281,0.092216,-0.583643
-0.416329,0.092216,-0.093002
-0.446014,0.092216,0.210987
0.295431,0.092216,-0.702528
-0.381193,0.092216,-0.458805
-0.310710,0.092216,-0.701107
0.422567,0.092216,-0.722519
-0.115703,0.092216,-0.060435
-0.252030,0.092216,0.101629
-0.466925,0.092216,-0.018029
-0.480921,0.092216,-0.578170
-0.253952,0.092216,0.223584
0.015235,0.092216,-0.528912
-0.438347,0.092216,-0.746752
-0.260345,0.092216,-0.751870
-0.401874,0.092216,0.057384
-0.102626,0.092216,0.106684
-0.502751,0.092216,-0.464028
-0.167468,0.092216,0.104595
0.182208,0.092216,-0.685106
-0.272064,0.092216,-0.470734
-0.111253,0.092216,0.163797
-0.244427,0.092216,0.058282
-0.291826,0.092216,0.224169
-0.158924,0.092216,0.159118
-0.345053,0.092216,0.473991
0.063887,0.092216,-0.574723
-0.512235,0.092216,0.764674
-0.451174,0.092216,0.352558
-0.440165,0.092216,-0.594840
-0.426586,0.092216,-0.476854
0.288328,0.092216,-0.768707
-0.421364,0.092216,-0.201693
-0.244615,0.092216,0.188322
-0.446369,0.092216,-0.231502
0.221585,0.092216,-0.541258
0.260608,0.092216,-0.797953
-0.328655,0.092216,0.423918
-0.251049,0.092216,-0.338668
-0.381214,0.092216,0.317672
-0.004423,0.092216,-0.161688
-0.418063,0.092216,0.606746
-0.140081,0.092216,-0.473324
0.328792,0.092216,-0.628891
-0.325375,0.092216,-0.556549
0.118786,0.092216,-0.395446
-0.255832,0.092216,-0.309171
-0.411796,0.092216,-0.251640
-0.389381,0.092216,0.044766
-0.445220,0.092216,-0.355129
-0.224017,0.092216,-0.052225
0.117595,0.092216,-0.368185
-0.297758,0.092216,-0.434886
0.341159,0.092216,-0.852266
0.457098,0.092216,-0.835931
-0.138953,0.092216,-0.449154
0.277904,0.092216,-0.531565
-0.178101,0.092216,-0.854021
0.406210,0.044879,0.523876
0.406210,0.052399,-0.396742
0.406210,0.054217,0.285502
0.406210,-0.004964,0.670168
0.406210,0.046759,0.016941
0.406210,0.011163,0.420764
0.406210,0.032324,-0.082975
0.406210,0.038716,-0.205703
0.406210,0.029024,0.259723
0.406210,0.054488,-0.626217
0.406210,0.034246,0.230686
0.406210,0.050101,-0.018467
0.406210,0.020626,-0.055380
-0.369954,-0.128925,-0.699123
-0.375448,-0.171248,-0.699123
-0.338264,0.047553,-0.699123
-0.351842,-0.025959,-0.699123
0.510242,0.078219,-0.062796
0.510242,0.059836,-0.699979
0.510242,0.079347,-0.428411
0.510242,0.091046,-0.165407
0.510242,0.080141,-0.005411
0.510242,0.073686,-0.104158
0.510242,0.066834,-0.780447
-0.286603,0.088163,0.848422
-0.494646,0.066939,0.848422
-0.112131,0.074188,0.848422
0.155072,0.090168,0.848422
-0.373902,0.063910,0.848422
0.510242,0.089500,0.605953
0.510242,0.090628,0.056674
0.510242,0.078512,-0.478421
0.510242,0.084006,-0.619177
0.510242,0.083546,-0.045729
0.510242,0.075900,-0.842030
0.510242,0.092048,0.473239
0.329482,-0.080544,-0.703969
0.329482,-0.094436,-0.702026
0.329482,-0.105486,-0.712388
0.339342,-0.258651,-0.734949
0.339843,-0.318166,-0.734949
0.333242,-0.473086,-0.734949
0.351520,-0.477452,-0.734949
0.360816,-0.260281,-0.734949
-0.384869,-0.442106,-0.699123
-0.362454,-0.019942,0.726508
0.406210,-0.076658,-0.705494
0.406210,-0.049961,-0.720451
-0.439914,-0.028862,-0.748862
-0.437324,-0.028862,-0.575246
-0.430723,-0.028862,-0.600293
-0.437240,-0.028862,0.399331
-0.435799,-0.028862,-0.036976
-0.441502,-0.028862,0.145853
0.364075,-0.485996,0.690682
0.432176,-0.028862,-0.734928
-0.419296,0.092216,0.292500
0.009845,0.092216,-0.325779
-0.403545,0.092216,0.146605
-0.179563,0.092216,-0.255923
-0.489653,0.092216,0.743199
-0.499576,0.092216,0.017547
-0.289966,0.092216,0.194777
0.112853,0.092216,-0.204158
-0.456898,0.092216,-0.351661
-0.397257,0.092216,0.572215
-0.397863,0.092216,-0.010195
-0.387689,0.092216,0.337496
0.081101,0.092216,-0.521517
-0.479918,0.092216,0.319448
0.046988,0.092216,-0.095175
0.273977,0.092216,-0.492438
-0.215452,0.092216,-0.441989
-0.199325,0.092216,0.040421
-0.477620,0.092216,-0.142303
-0.264731,0.092216,-0.186004
-0.314533,0.092216,-0.487842
-0.331746,0.092216,-0.072029
0.053338,0.092216,-0.135785
-0.023725,0.092216,-0.228432
0.166039,0.092216,-0.771423
0.359835,0.092216,-0.712012
-0.374550,0.092216,0.410569
-0.388337,0.092216,0.138270
0.053484,0.092216,-0.607458
0.007234,0.092216,-0.631001
-0.001185,0.092216,-0.514811
-0.137428,0.092216,0.149446
-0.106135,0.092216,-0.709547
-0.481569,0.092216,-0.423982
-0.379041,0.092216,-0.257343
0.175022,0.092216,-0.822290
-0.058820,0.092216,-0.271256
0.415527,0.092216,-0.801546
-0.066528,0.092216,-0.536954
0.008320,0.092216,-0.213537
-0.414011,0.092216,-0.010111
-0.285705,0.092216,-0.750303
-0.240228,0.092216,-0.468853
-0.428613,0.092216,0.018341
-0.505112,0.092216,0.288823
-0.075553,0.092216,-0.642428
0.159145,0.092216,-0.780280
-0.460428,0.092216,-0.065114
0.112582,0.092216,-0.377356
-0.092077,0.092216,-0.595154
0.125157,0.092216,-0.579403
-0.299513,0.092216,-0.269794
0.001531,0.092216,-0.406790
-0.181799,0.092216,0.169939
-0.184326,0.092216,0.052579
-0.269223,0.092216,0.012116
-0.105425,0.092216,-0.412576
-0.295565,0.092216,-0.354836
0.240219,0.092216,-0.790808
-0.206574,0.092216,-0.737477
-0.373923,0.092216,0.455608
-0.473610,0.092216,0.009692
-0.502041,0.092216,-0.593671
-0.464606,0.092216,0.044265
-0.023286,0.092216,-0.717840
-0.470957,0.092216,0.397054
-0.165797,0.092216,-0.456361
-0.122033,0.092216,-0.096470
-0.474090,0.092216,-0.381429
-0.473129,0.092216,-0.455275
-0.096526,0.092216,-0.826426
0.176484,0.092216,-0.604993
-0.240687,0.092216,-0.046063
-0.277224,0.092216,-0.265281
0.285508,0.092216,-0.641717
-0.332373,0.092216,-0.832150
-0.206344,0.092216,-0.375120
-0.086875,0.092216,0.128786
-0.022638,0.092216,-0.185733
0.044042,0.092216,-0.470671
-0.394374,0.092216,0.429997
-0.408705,0.092216,-0.041592
-0.483887,0.092216,0.263045
0.062906,0.092216,-0.244141
-0.445095,0.092216,-0.015396
0.172703,0.092216,-0.380949
-0.361326,0.092216,0.113285
-0.272335,0.092216,-0.298663
-0.069954,0.092216,0.023626
0.237691,0.092216,-0.636996
-0.454871,0.092216,-0.252163
0.246131,0.092216,-0.554042
0.124489,0.092216,-0.744788
-0.282613,0.092216,-0.072071
-0.213029,0.092216,-0.839816
0.111287,0.092216,-0.420911
0.040345,0.092216,-0.574723
0.129503,0.092216,-0.656779
-0.316392,0.092216,0.049822
-0.472858,0.092216,-0.522373
-0.187481,0.092216,0.086024
-0.220508,0.092216,0.309817
-0.377056,0.092216,-0.306330
0.109887,0.092216,-0.312284
-0.482947,0.092216,0.408961
-0.321907,0.092216,-0.171298
-0.139413,0.092216,-0.193149
-0.178999,0.092216,-0.777543
-0.234629,0.092216,-0.423460
0.368232,0.092216,-0.797807
-0.183010,0.092216,-0.714811
-0.360783,0.092216,-0.444663
-0.028237,0.092216,-0.150450
0.302784,0.092216,-0.654836
-0.376409,0.092216,0.060622
-0.499137,0.092216,-0.780802
-0.261786,0.092216,-0.458032
-0.069411,0.092216,-0.852789
-0.443967,0.092216,0.442280
-0.227067,0.092216,-0.803050
-0.042484,0.092216,-0.465908
-0.425584,0.092216,0.524294
0.203724,0.092216,-0.524295
-0.466444,0.092216,-0.241989
0.278719,0.092216,-0.509025
0.393614,0.092216,-0.738020
0.136480,0.092216,-0.499645
-0.350359,0.092216,-0.062169
-0.340604,0.092216,0.438269
-0.433417,0.092216,-0.012994
0.203557,0.092216,-0.396762
-0.059070,0.092216,0.075537
-0.348270,0.092216,-0.172468
-0.053117,0.092216,-0.465031
-0.128676,0.092216,-0.004408
-0.422659,0.092216,-0.731398
-0.220528,0.092216,-0.206706
0.318849,0.092216,-0.614017
-0.510062,0.092216,0.485481
0.071199,0.092216,-0.613808
-0.242630,0.092216,-0.006518
0.144397,0.092216,-0.807165
0.018995,0.092216,-0.814331
-0.233000,0.092216,-0.850721
-0.191074,0.092216,-0.284229
-0.190322,0.092216,0.215792
0.020207,0.092216,-0.744475
-0.236279,0.092216,-0.721538
-0.422158,0.092216,0.268936
-0.101832,0.092216,-0.198288
-0.447309,0.092216,-0.719449
-0.408746,0.092216,0.334050
-0.309457,0.092216,-0.172426
0.119726,0.092216,-0.624274
0.389665,0.092216,-0.701567
0.256806,0.092216,-0.531774
-0.462413,0.092216,-0.038187
-0.331161,0.092216,-0.845268
0.258853,0.092216,-0.650178
-0.238619,0.092216,-0.588406
0.138381,0.092216,-0.614352
-0.143967,0.092216,-0.267558
0.045024,0.092216,-0.840840
-0.378853,0.092216,0.396448
-0.275364,0.092216,0.158700
-0.194207,0.092216,-0.769960
-0.176597,0.092216,-0.091018
-0.191951,0.092216,-0.576980
-0.171019,0.092216,-0.341425
-0.193455,0.092216,0.102590
-0.198907,0.092216,-0.820284
-0.476430,0.092216,-0.288699
-0.406428,0.092216,0.449926
-0.439956,0.092216,0.171505
-0.376221,0.092216,0.191079
-0.008893,0.092216,-0.084438
0.276275,0.092216,-0.660623
-0.136509,0.092216,-0.659181
-0.074947,0.092216,-0.428975
0.096956,0.092216,-0.310278
-0.426565,0.092216,0.176665
-0.104610,0.092216,0.140923
-0.278957,0.092216,-0.286902
-0.389214,0.092216,-0.561041
-0.468220,0.092216,0.213014
0.131216,0.092216,-0.373407
0.082083,0.092216,-0.402988
-0.197633,0.092216,0.316063
0.285299,0.092216,-0.595467
0.402742,0.092216,-0.775663
0.240574,0.092216,-0.682787
-0.329010,0.092216,0.009274
-0.453493,0.092216,-0.098267
-0.348082,0.092216,-0.380218
-0.057253,0.092216,-0.705369
-0.167740,0.092216,-0.740150
-0.386269,0.092216,-0.744997
0.019225,0.092216,-0.425361
-0.233000,0.092216,-0.262106
0.060691,0.092216,-0.564383
-0.117186,0.092216,0.093691
-0.290760,0.092216,-0.195050
0.201447,0.092216,-0.733215
0.036563,0.092216,-0.539231
-0.402229,0.092216,-0.409923
-0.018607,0.092216,-0.159516
0.194094,0.092216,-0.665741
-0.250234,0.092216,0.349508
-0.505091,0.092216,-0.064843
-0.422011,0.092216,-0.773783
-0.143278,0.092216,-0.306769
0.013981,0.092216,-0.725005
0.355907,-0.367446,-0.699123
0.385550,-0.111628,-0.699123
0.349369,-0.306781,-0.699123
0.510242,0.058499,-0.330500
0.510242,0.061988,0.117965
0.510242,0.080058,0.435094
0.510242,0.072976,0.279067
0.510242,0.075107,0.842677
0.510242,0.064641,0.709713
0.510242,0.067962,-0.085169
0.510242,0.075900,0.528723
0.510242,0.062907,0.575098
-0.164397,-0.461993,0.666763
0.272619,-0.461993,0.678691
-0.245325,0.001929,-0.734949
-0.274675,0.010494,-0.734949
-0.231224,0.006859,-0.734949
-0.295272,0.011288,-0.734949
-0.256668,-0.010500,-0.734949
0.430401,-0.028862,-0.110822
0.439550,-0.028862,0.193670
0.438589,-0.028862,-0.251807
0.437858,-0.028862,0.588677
0.441410,-0.028862,0.409086
0.431048,-0.028862,0.287006
-0.407577,-0.487772,0.690682
-0.332185,0.033181,0.710757
0.452022,0.056410,-0.356508
0.448032,0.056410,-0.239608
0.461903,0.056410,0.623458
0.444146,0.056410,-0.416294
0.443394,0.056410,0.310653
0.453797,0.056410,-0.116608
0.465517,0.056410,0.679443
0.484547,0.056410,0.450991
0.457286,0.056410,-0.316775
0.474604,0.056410,0.101608
0.504602,0.056410,0.777124
0.492318,0.056410,0.485251
0.445546,0.056410,0.443680
0.451311,0.056410,0.363504
0.355615,-0.094018,0.690682
0.347530,-0.085787,0.690682
0.390438,-0.290216,0.690682
0.368295,-0.270245,0.690682
0.420603,0.056410,-0.014039
0.415339,0.056410,0.651346
0.408153,0.056410,-0.308001
0.415694,0.056410,-0.097640
0.426452,0.056410,0.651116
0.410785,0.056410,0.691810
0.411119,0.056410,0.363379
-0.393622,-0.547266,-0.718509
0.329482,-0.345156,0.722539
0.406210,0.011413,-0.444266
0.406210,-0.020987,-0.021392
0.406210,0.043855,-0.599624
0.406210,-0.004024,0.071004
0.406210,-0.014323,0.104971
0.406210,-0.014845,-0.649446
0.406210,-0.023494,0.509880
0.406210,0.019748,-0.572739
0.406210,-0.023598,0.598119
0.406210,-0.019608,-0.445603
0.406210,-0.024392,-0.656027
0.406210,0.016448,-0.512367
0.406210,-0.000515,-0.323105
0.406210,0.023571,-0.299207
0.406210,0.021065,-0.396052
0.406210,-0.028236,0.444077
0.329482,0.039510,-0.708189
-0.502960,0.056410,-0.500940
-0.462392,0.056410,-0.595968
-0.477746,0.056410,-0.036704
-0.487689,0.056410,0.236389
-0.501122,0.056410,0.235867
-0.506072,0.056410,0.629495
-0.499847,0.056410,0.160329
-0.509436,0.056410,-0.540777
-0.450881,0.056410,-0.775810
-0.485517,0.056410,-0.771339
-0.465483,0.056410,-0.364717
-0.500578,0.056410,-0.198914
-0.510773,0.056410,-0.805473
-0.436488,-0.028862,-0.683789
-0.440666,-0.028862,-0.114310
-0.437386,-0.028862,0.210820
-0.436196,-0.028862,-0.531272
-0.440875,-0.028862,-0.283100
0.510242,0.078282,0.385815
0.510242,0.064056,0.797199
0.510242,0.083880,0.731605
0.510242,0.071200,-0.130667
0.510242,0.057873,-0.300732
0.510242,0.059272,0.037016
0.510242,0.057956,-0.182307
0.510242,0.059084,-0.386025
0.253860,0.092216,0.794024
0.023298,0.092216,0.045686
0.129962,0.092216,0.196364
0.330651,0.092216,0.285334
0.385049,0.092216,-0.612116
0.151541,0.092216,0.335136
0.355427,0.092216,0.375955
0.193572,0.092216,0.700688
0.275168,0.092216,0.825380
-0.260909,0.092216,0.601545
0.122463,0.092216,0.238562
0.416572,0.092216,-0.336077
0.479575,0.092216,0.105932
-0.072085,0.092216,0.340881
0.411683,0.092216,-0.195802
0.487764,0.092216,-0.806079
-0.068910,0.092216,0.139314
0.256200,0.092216,-0.278964
-0.043925,0.092216,0.693251
-0.379751,0.092216,0.793377
0.299881,0.092216,0.454647
0.264786,0.092216,0.448840
0.035811,0.092216,0.238061
0.102638,0.092216,-0.011448
0.346674,0.092216,0.748881
0.032553,0.092216,0.198244
-0.093434,0.092216,0.762313
0.397896,0.092216,-0.106664
0.440908,0.092216,-0.113788
0.424259,0.092216,0.531522
0.224677,0.092216,-0.122854
0.270593,0.092216,0.565217
-0.295440,0.092216,0.688008
0.164159,0.092216,0.621641
-0.174362,0.092216,0.561541
0.346047,0.092216,0.059452
0.099150,0.092216,0.201963
-0.012820,0.092216,0.808417
0.321397,0.092216,-0.301379
0.404414,0.092216,-0.619658
0.423423,0.092216,0.400166
0.058017,0.092216,0.838812
-0.092996,0.092216,0.268288
0.107234,0.092216,0.030143
0.436104,0.092216,0.004574
0.410764,0.092216,0.381804
-0.177725,0.092216,0.402924
0.123674,0.092216,0.644641
0.034495,0.092216,0.578420
0.467292,0.092216,0.823061
-0.035047,0.092216,0.260413
-0.046787,0.092216,0.838060
0.445671,0.092216,0.363149
0.267773,0.092216,-0.178672
-0.187878,0.092216,0.308898
0.421919,0.092216,-0.552267
0.504205,0.092216,0.392562
0.349975,0.092216,0.706976
0.047343,0.092216,0.411885
-0.133480,0.092216,0.430916
0.105709,0.092216,-0.173679
0.209010,0.092216,0.744035
-0.231203,0.092216,0.520200
0.242621,0.092216,-0.307500
0.326996,0.092216,0.800521
0.507944,0.092216,-0.835910
-0.040416,0.092216,0.373887
0.339258,0.092216,-0.141947
0.323110,0.092216,0.201733
0.433283,0.092216,0.470941
0.477716,0.092216,0.245309
-0.033292,0.092216,0.355545
0.431508,0.092216,0.113682
-0.067761,0.092216,0.414225
0.380954,0.092216,-0.073679
0.058749,0.092216,0.193106
0.271658,0.092216,-0.163840
0.167585,0.092216,0.396072
0.014295,0.092216,0.515040
0.479617,0.092216,-0.579841
0.393634,0.092216,0.773636
0.316425,0.092216,0.503049
0.207150,0.092216,0.323855
-0.327004,0.092216,0.631981
0.441765,0.092216,-0.073826
-0.414115,0.092216,0.829454
-0.016058,0.092216,0.085000
0.141076,0.092216,0.252412
0.339947,0.092216,0.343617
-0.186729,0.092216,0.483642
-0.097362,0.092216,0.347503
0.134746,0.092216,0.324002
0.321627,0.092216,-0.008148
0.305396,0.092216,0.380467
0.348784,0.092216,-0.225131
0.340219,0.092216,-0.522540
0.112101,0.092216,-0.159662
-0.457712,0.092216,0.758491
0.308299,0.092216,0.032274
-0.384995,0.092216,0.649027
0.064807,0.092216,-0.100356
0.206962,0.092216,-0.315480
0.432866,0.092216,0.661332
0.397687,0.092216,-0.040736
0.434516,0.092216,-0.623836
-0.284828,0.092216,0.802088
0.442914,0.092216,-0.380050
0.472494,0.092216,0.234509
0.179074,0.092216,0.229558
0.478113,0.092216,-0.425089
0.123925,0.092216,0.452976
0.105855,0.092216,0.683663
0.078093,0.092216,-0.040172
0.464493,0.092216,0.694171
0.315820,0.092216,0.657133
0.404790,0.092216,0.621662
0.059856,0.092216,0.295947
-0.062852,0.092216,0.653226
0.505959,0.092216,0.824920
-0.089570,0.092216,0.333507
0.288203,0.092216,0.631647
0.433889,0.092216,0.194004
-0.134483,0.092216,0.544411
0.082083,0.092216,0.233319
0.363866,0.092216,0.116649
0.154257,0.092216,0.526508
-0.171375,0.092216,0.794567
0.216822,0.092216,0.702861
0.254341,0.092216,0.120639
0.146006,0.092216,0.514329
0.087326,0.092216,0.674868
0.167355,0.092216,0.519865
-0.190071,0.092216,0.581052
-0.228613,0.092216,0.476498
0.284610,0.092216,0.098036
0.301426,0.092216,0.066951
0.273831,0.092216,0.669353
0.316363,0.092216,0.791162
0.129774,0.092216,-0.012973
0.020750,0.092216,0.657446
0.219726,0.092216,0.082932
0.148596,0.092216,0.227845
0.164744,0.092216,0.294693
0.062237,0.092216,0.676289
0.210326,0.092216,-0.079633
0.116217,0.092216,0.274994
-0.279438,0.092216,0.751660
0.468044,0.092216,0.628806
-0.056000,0.092216,0.132044
0.337921,0.092216,0.542447
0.189206,0.092216,0.127052
0.502993,0.092216,-0.200063
0.163052,0.092216,0.369040
0.279137,0.092216,0.086588
0.382751,0.092216,-0.297013
0.233492,0.092216,0.529015
0.468337,0.092216,-0.036516
0.258163,0.092216,0.489220
-0.155227,0.092216,0.782472
0.407046,0.092216,-0.568415
0.105876,0.092216,-0.117611
0.100507,0.092216,-0.131774
-0.113906,0.092216,0.543220
0.497039,0.092216,0.425756
0.345671,0.092216,-0.067663
-0.093748,0.092216,0.648025
-0.150192,0.092216,0.845831
0.403286,0.092216,0.160580
0.248951,0.092216,-0.335012
-0.249294,0.092216,0.786211
0.233785,0.092216,0.485209
0.472222,0.092216,0.549299
0.455740,0.092216,-0.399687
0.279429,0.092216,0.107729
0.445838,0.092216,-0.169898
0.014399,0.092216,0.606705
0.390856,0.092216,-0.062315
0.001322,0.092216,0.062627
0.458748,0.092216,-0.691665
0.284150,0.092216,0.534425
0.093363,0.092216,0.699372
0.482145,0.092216,-0.274139
0.062822,0.092216,0.657634
0.112185,0.092216,0.593669
-0.433188,0.092216,0.840003
0.462237,0.092216,0.573197
0.342245,0.092216,0.037058
-0.104798,0.092216,0.196636
0.311955,0.092216,0.046751
0.127079,0.092216,0.381135
0.050142,0.092216,0.019385
-0.238807,0.092216,0.400041
0.071115,0.092216,0.290432
-0.181360,0.092216,0.492353
-0.129344,0.092216,0.360831
0.485675,0.092216,0.187862
0.112080,0.092216,0.801273
-0.363374,0.092216,0.819447
0.270050,0.092216,0.040526
0.212435,0.092216,0.677793
0.476358,0.092216,-0.761061
0.326369,0.092216,0.393628
0.318514,0.092216,0.488447
-0.031412,0.092216,0.202255
0.416864,0.092216,-0.590913
0.412122,0.092216,-0.297347
0.314817,0.092216,0.250657
0.012979,0.092216,0.279652
0.035644,0.092216,-0.062273
0.234391,0.092216,0.776769
0.051500,0.092216,0.255316
0.052544,0.092216,0.537475
0.313751,0.092216,-0.325089
0.406210,-0.104463,0.708334
0.406210,-0.062913,0.699665
-0.368533,0.056410,-0.761061
-0.159154,0.056410,-0.736516
-0.395774,0.056410,-0.752308
-0.204005,0.056410,-0.746773
0.365872,0.056410,-0.701504
-0.444719,0.009032,0.304198
-0.444719,0.027060,0.438040
-0.444719,0.035061,0.109650
-0.444719,0.020020,-0.098810
-0.444719,0.020856,0.351200
-0.444719,0.025744,0.613013
-0.444719,0.025619,0.193126
-0.444719,0.024428,0.455566
-0.444719,0.032387,-0.160560
-0.444719,0.030423,-0.074431
-0.444719,-0.009894,0.504073
-0.444719,0.046905,-0.280656
-0.444719,-0.007701,0.441737
-0.444719,0.009847,0.342740
-0.444719,0.048744,-0.524713
-0.444719,0.019999,0.236703
0.269924,-0.449564,0.690682
0.186762,-0.421070,0.690682
-0.016915,-0.423640,0.690682
-0.230994,-0.460427,0.690682
0.132970,-0.442127,0.690682
0.086031,-0.424580,0.690682
0.133221,0.056410,0.697931
0.228249,0.056410,0.693648
0.079618,0.056410,0.702923
-0.368868,0.019310,0.726508
0.370969,-0.108578,0.690682
0.352983,-0.064041,0.690682
0.368420,-0.020277,0.690682
0.351312,-0.010396,0.690682
0.051019,0.082773,-0.856862
0.212728,0.085844,-0.856862
0.083984,0.080643,-0.856862
0.410346,0.086241,-0.856862
0.172243,0.075942,-0.856862
0.354654,-0.444717,-0.699123
-0.332185,-0.520485,0.716815
-0.332185,-0.377348,0.710444
-0.246014,-0.396462,-0.673554
0.061840,-0.391093,-0.673554
0.299337,-0.386017,-0.673554
-0.292578,-0.415555,-0.673554
-0.249001,-0.431640,-0.673554
-0.373881,-0.443422,-0.673554
-0.371103,-0.417519,-0.673554
-0.260930,-0.429844,-0.673554
-0.278289,-0.422198,-0.673554
-0.408914,-0.295772,0.698014
-0.408914,-0.040582,0.719468
-0.512945,0.079577,-0.127241
-0.512945,0.071890,0.284687
-0.512945,0.081750,-0.003740
-0.512945,0.075524,0.121161
-0.512945,0.088184,0.476749
-0.512945,0.082481,-0.203928
-0.512945,0.083442,0.132859
0.329482,-0.278893,0.701482
-0.456751,0.069801,-0.856862
0.161318,0.067879,-0.856862
0.218556,0.057496,-0.856862
0.006357,0.062510,-0.856862
-0.349168,0.077112,-0.856862
0.018849,0.056410,0.017693
-0.068408,0.056410,-0.148026
-0.360721,0.056410,-0.672133
-0.208057,0.056410,-0.455985
0.159354,0.056410,0.268978
-0.105133,0.056410,-0.190663
0.149828,0.056410,0.244808
0.245316,0.056410,0.394630
-0.342546,0.056410,-0.598475
-0.347142,0.056410,-0.633048
-0.243278,0.056410,-0.450073
-0.302688,0.056410,-0.570754
-0.512945,0.070156,0.533005
-0.512945,0.090085,0.524001
-0.512945,0.067921,0.615186
-0.512945,0.089166,0.778252
-0.512945,0.083630,0.691079
-0.512945,0.077530,0.737622
-0.512945,0.072454,0.187800
0.406210,-0.012589,-0.091770
0.406210,-0.008495,-0.017590
0.406210,0.002431,-0.485106
0.406210,-0.011879,-0.056027
0.406210,-0.003001,-0.174034
0.406210,-0.017707,-0.506413
0.406210,-0.016934,-0.665594
0.406210,-0.001726,-0.419407
0.406210,-0.021990,-0.156988
0.406210,0.001198,-0.113015
0.406210,-0.004400,-0.127262
0.406210,-0.015305,0.437914
0.406210,-0.003565,0.039147
0.406210,-0.027108,-0.298204
0.406210,0.013649,-0.209840
0.406210,0.033348,-0.511302
0.184151,0.056410,-0.759244
0.371512,0.056410,-0.765197
-0.022513,0.056410,-0.769125
0.110472,0.056410,-0.770336
0.032594,0.056410,-0.760560
-0.086833,0.066396,-0.856862
-0.105258,0.056807,-0.856862
-0.194458,0.071388,-0.856862
-0.382425,0.062427,-0.856862
-0.079772,-0.376742,0.680717
-0.311880,-0.376742,0.689094
0.197019,-0.376742,0.685271
-0.408914,-0.498342,0.707415
-0.408914,-0.265628,0.722142
-0.408914,-0.480523,0.722435
-0.164272,0.056410,-0.770086
0.264765,0.056410,-0.758366
0.378635,0.056410,-0.747253
0.357704,-0.096441,-0.699123
0.339467,-0.061910,-0.699123
0.339822,-0.266004,-0.699123
0.365370,-0.066673,-0.699123
0.354341,-0.080022,-0.699123
0.277487,-0.028862,0.742447
-0.091304,-0.028862,0.761770
0.399003,-0.028862,0.749717
0.089728,-0.028862,0.745434
-0.408914,-0.467487,0.695382
-0.408914,-0.377494,0.724941
-0.444719,-0.003189,-0.326134
-0.444719,0.050352,-0.723209
-0.444719,-0.021718,-0.662879
-0.444719,0.030987,-0.353604
-0.444719,-0.024371,-0.651034
-0.444719,-0.013863,0.285460
-0.444719,-0.004463,-0.287111
-0.444719,0.025765,-0.495948
-0.444719,-0.016516,0.088510
-0.444719,0.003893,-0.539963
-0.444719,0.015926,-0.672133
-0.444719,0.015800,-0.233905
-0.444719,0.026705,-0.314414
-0.444719,0.027269,-0.748674
-0.444719,0.018662,-0.156633
-0.444719,-0.001079,-0.558074
-0.408914,-0.397673,0.674555
-0.104193,-0.413487,-0.673554
-0.165693,-0.433792,-0.673554
-0.387000,-0.405758,-0.673554
0.131174,-0.398885,-0.673554
-0.349482,-0.391553,-0.673554
-0.020529,-0.411983,-0.673554
0.102722,-0.378267,-0.673554
-0.068617,-0.417602,-0.673554
-0.512945,0.056891,0.380133
-0.512945,0.059523,0.138729
-0.512945,0.081645,-0.846647
-0.512945,0.072537,-0.786798
-0.512945,0.066375,-0.133780
-0.512945,0.069341,-0.537498
-0.512945,0.077760,-0.647441
-0.512945,0.064704,0.226717
-0.408914,0.025681,0.711927
0.385007,-0.386769,0.690682
-0.273505,-0.028862,-0.737038
0.397395,-0.028862,-0.750199
0.117950,-0.028862,-0.742803
0.248178,-0.028862,-0.745206
0.381142,0.056410,-0.250805
0.404121,0.056410,-0.483560
0.352043,0.056410,-0.426342
0.358853,0.056410,-0.229998
0.390731,0.056410,-0.444182
0.387221,0.056410,-0.077419
0.384276,0.056410,0.187006
0.395849,0.056410,-0.475789
0.402993,0.056410,0.151075
0.369548,0.056410,-0.014498
0.374123,0.056410,-0.673324
0.380578,0.056410,0.069981
0.060357,0.056410,-0.835889
0.465308,0.056410,-0.801859
0.267815,0.056410,-0.814393
0.301594,0.056410,-0.815855
-0.189841,0.056410,-0.836181
0.310493,0.056410,-0.783393
0.286636,0.056410,-0.788928
0.170321,0.056410,-0.824420
-0.204548,0.056410,-0.852413
0.376212,0.056410,-0.830207
0.001051,0.056410,-0.840276
0.330589,-0.437406,0.690682
0.329482,-0.324120,-0.729413
0.380933,0.015967,-0.734949
0.391190,-0.015200,-0.734949
0.432949,0.056410,0.095153
0.427184,0.056410,-0.616064
0.419935,0.056410,-0.526468
0.436187,0.056410,-0.443117
0.412623,0.056410,-0.534469
0.432239,0.056410,0.062606
-0.111588,-0.419294,0.665113
-0.242129,-0.443715,0.665113
-0.224748,-0.454557,0.665113
-0.381757,-0.415200,0.665113
-0.397132,-0.453617,0.665113
0.207652,-0.447433,0.665113
-0.122283,-0.426397,0.665113
0.041117,-0.424016,0.665113
-0.255227,-0.448645,0.665113
0.068943,-0.431035,-0.699123
-0.093706,-0.436361,-0.699123
-0.096171,-0.426585,-0.699123
-0.309185,-0.432079,-0.699123
0.012060,-0.439140,-0.699123
0.154111,-0.454013,-0.699123
0.026891,-0.453533,-0.699123
-0.409310,0.056410,0.080551
-0.424017,0.056410,0.223835
-0.419839,0.056410,0.013056
-0.428404,0.056410,0.348610
-0.418962,0.056410,0.430185
-0.411859,0.056410,-0.363318
-0.430576,0.056410,0.190035
-0.434065,0.056410,0.649884
-0.414616,0.056410,0.411614
-0.420716,0.056410,0.529140
-0.420863,0.056410,0.129935
-0.415724,0.056410,0.607310
-0.409331,0.056410,-0.477293
0.294554,-0.389798,0.665113
-0.059718,-0.407157,0.665113
-0.208955,-0.396608,0.665113
-0.004694,-0.400598,0.665113
0.326285,-0.423159,0.665113
0.236417,-0.386456,0.665113
0.382793,-0.270955,0.726508
0.365475,-0.309038,0.726508
0.354633,-0.479854,0.726508
0.391921,-0.332664,0.726508
0.380745,-0.204567,0.726508
0.362592,0.056410,0.216711
0.113898,0.056410,-0.308356
0.306670,0.056410,-0.401734
-0.059760,0.056410,-0.538855
0.205208,0.056410,-0.663088
0.291525,0.056410,-0.023711
0.174291,0.056410,-0.481930
-0.018669,0.056410,-0.406079
0.324155,0.056410,0.360768
0.022943,0.056410,-0.435054
0.285049,0.056410,-0.109798
0.315130,0.056410,-0.376625
0.141410,0.056410,-0.439566
-0.121197,0.056410,-0.336453
0.184903,0.056410,-0.075601
0.402910,0.056410,0.662000
0.261986,0.056410,-0.475037
0.240428,0.056410,0.193899
-0.183888,0.056410,-0.661249
0.102931,0.056410,-0.291415
0.261673,0.056410,-0.314832
0.129962,0.056410,-0.485691
0.185884,0.056410,-0.153896
0.133409,0.056410,-0.672029
0.333304,0.056410,-0.043452
0.119914,0.056410,0.107185
0.127038,0.056410,0.061269
0.030276,0.056410,-0.134699
0.359667,0.056410,0.025798
0.128082,0.056410,-0.563150
0.000863,0.056410,-0.618133
0.155448,0.056410,-0.427972
-0.106031,0.056410,-0.431252
0.074792,0.056410,-0.440067
0.253213,0.056410,-0.126071
0.331383,0.056410,-0.059328
0.373329,0.056410,0.352182
0.349891,0.056410,0.420993
0.149076,0.056410,-0.620848
0.343123,0.056410,0.487193
0.011182,0.056410,-0.255526
-0.059593,0.056410,-0.528515
0.244648,0.056410,-0.380030
-0.160679,0.056410,-0.591790
0.029879,0.056410,-0.572864
0.341535,0.056410,-0.134427
-0.025709,0.056410,-0.613307
0.011078,0.056410,-0.367558
-0.128738,0.056410,-0.645519
0.313731,0.056410,0.262376
0.063365,0.056410,-0.341341
0.338548,0.056410,-0.248423
0.226808,0.056410,0.136013
0.326641,0.056410,-0.180991
0.190188,0.056410,-0.486589
-0.057984,0.056410,-0.591164
0.218473,0.056410,-0.562774
0.356388,0.056410,0.038520
-0.084619,0.056410,-0.402340
0.138882,0.056410,-0.319198
0.231696,0.056410,-0.025361
0.284359,0.056410,-0.330876
0.341932,0.056410,0.138416
-0.018816,0.056410,-0.535095
0.186574,0.056410,-0.588260
0.219538,0.056410,-0.109317
0.202471,0.056410,0.140964
0.332657,0.056410,0.485188
0.208905,0.056410,-0.103009
0.283837,0.056410,-0.403552
0.283127,0.056410,-0.509380
-0.174090,0.056410,-0.484166
0.153422,0.056410,-0.356946
-0.121991,0.056410,-0.383414
0.083963,0.056410,0.050428
-0.117980,0.056410,-0.449447
-0.126649,0.056410,-0.509902
0.381602,0.056410,0.595570
0.102471,0.056410,-0.127366
0.170113,0.056410,-0.343869
0.331027,0.056410,0.453686
0.369611,0.056410,0.028723
0.311746,0.056410,-0.032380
0.334453,0.056410,0.300647
0.319078,0.056410,-0.494235
0.092131,0.056410,-0.072071
0.344606,0.056410,-0.010341
0.198523,0.056410,-0.468624
0.163073,0.056410,-0.250784
0.022400,0.056410,-0.600042
0.042935,0.056410,-0.471841
0.076839,0.056410,-0.345143
0.123967,0.056410,-0.518028
0.017324,0.056410,-0.085628
0.289561,0.056410,0.416105
0.040741,0.056410,-0.661020
-0.010209,0.056410,-0.361417
0.128291,0.056410,-0.242282
-0.189507,0.056410,-0.535910
0.351855,0.056410,0.556255
0.333242,0.056410,-0.169773
0.091838,0.056410,-0.372112
0.160879,0.056410,0.014079
0.140825,0.056410,-0.336579
0.242266,0.056410,0.118926
0.083190,0.056410,-0.309756
0.275878,0.056410,0.221850
0.077090,0.056410,-0.623334
-0.009666,0.056410,-0.529831
0.258874,0.056410,-0.386046
0.311391,0.056410,-0.329121
0.406210,0.010327,0.721474
0.442015,-0.021279,-0.685753
0.442015,0.054530,0.234760
0.442015,0.046676,0.559097
0.442015,0.034476,-0.463589
0.442015,0.046383,0.212324
0.442015,0.014986,-0.030395
0.442015,0.047198,-0.453687
0.442015,0.013816,-0.661082
0.442015,-0.011336,-0.672384
0.442015,0.031405,0.007478
0.442015,0.047344,0.149592
0.442015,0.036231,-0.024024
0.442015,0.042059,0.290620
0.442015,0.027143,-0.501567
0.442015,0.009930,-0.123627
0.442015,0.041578,0.056465
0.197374,0.056410,0.774450
0.374792,0.056410,0.795779
0.228959,0.056410,0.772403
-0.115452,0.056410,0.768058
0.114984,0.056410,0.789345
-0.120758,0.056410,0.790368
0.335247,0.056410,0.803529
0.205082,0.056410,0.762877
0.307568,0.056410,0.826257
0.120102,0.002368,-0.770754
-0.160136,0.056410,-0.700209
-0.041314,0.056410,-0.717589
-0.183156,0.056410,-0.713035
-0.332185,0.046508,-0.721830
0.447342,0.056410,0.221474
0.467543,0.056410,0.517254
0.457746,0.056410,-0.179528
0.455364,0.056410,-0.161229
0.466164,0.056410,0.227637
0.446674,0.056410,0.173824
0.451583,0.056410,-0.031315
0.493175,0.056410,0.470461
0.457244,0.056410,0.182138
0.465120,0.056410,-0.222227
0.471011,0.056410,0.115165
0.467418,0.056410,0.207666
0.477925,0.056410,0.469918
0.406210,-0.378852,0.725798
0.406210,-0.350629,0.724148
-0.128488,-0.383343,0.690682
-0.112402,-0.403000,0.690682
0.043332,-0.389004,0.690682
-0.245095,-0.387500,0.690682
-0.192620,-0.416412,0.690682
0.054320,-0.404107,0.690682
0.410743,0.056410,0.534258
0.406858,0.056410,0.616460
0.427560,0.056410,0.427532
0.416342,0.056410,0.428493
0.423089,0.056410,0.227553
0.414796,0.056410,-0.270483
0.409156,0.056410,-0.357218
-0.332185,-0.317310,0.695027
-0.512945,0.063408,-0.551368
-0.512945,0.058228,-0.675810
-0.512945,0.080517,-0.345248
-0.512945,0.059711,-0.319177
-0.512945,0.070448,-0.409171
-0.512945,0.077091,-0.273115
0.406210,-0.543673,-0.734447
-0.357942,0.056410,0.695654
-0.343591,-0.076366,0.726508
-0.371667,-0.060093,0.726508
-0.394938,-0.195146,0.726508
-0.397487,-0.489798,-0.699123
-0.183867,-0.461993,-0.684395
0.012269,-0.461993,-0.676896
0.147343,-0.461993,-0.681533
-0.061744,0.056410,0.721975
-0.268429,0.056410,0.698098
-0.304777,0.056410,0.714998
-0.316559,0.015236,-0.770754
0.184088,-0.024768,-0.770754
-0.201644,0.027937,-0.770754
-0.321970,-0.014010,-0.770754
-0.069662,-0.016725,-0.770754
-0.262789,-0.016976,-0.770754
0.063323,-0.026690,-0.770754
-0.064418,0.005209,-0.770754
-0.292787,0.032303,-0.770754
-0.242191,-0.007993,-0.770754
-0.385684,-0.153784,0.690682
-0.379354,-0.261994,0.690682
-0.352406,-0.360218,0.690682
0.442015,-0.013717,0.376477
0.442015,0.033097,0.521704
0.442015,-0.010229,0.261290
0.442015,-0.018167,0.365176
0.442015,-0.012798,0.759368
0.442015,-0.024601,-0.624796
0.442015,-0.009853,0.617588
0.442015,-0.004358,0.213285
0.442015,0.002076,0.348046
0.442015,-0.024204,0.489199
0.442015,0.002431,0.517818
0.442015,0.016970,0.503132
0.442015,0.016740,0.123709
0.442015,-0.014407,-0.212305
0.221439,-0.028862,0.737559
-0.297779,-0.028862,0.761060
-0.332185,-0.390571,-0.733800
-0.332185,-0.397360,-0.708628
-0.332185,-0.459069,-0.717694
-0.343257,-0.461993,0.686671
-0.043194,-0.461993,0.681658
0.323110,-0.461993,0.690055
0.395828,-0.450817,0.726508
0.358226,-0.517289,0.726508
0.351103,-0.452572,0.726508
0.374604,-0.402624,0.726508
0.365391,-0.416349,0.726508
0.370488,0.056410,-0.716587
0.061986,-0.376742,-0.693274
-0.363353,-0.376742,-0.681868
-0.355498,-0.547266,0.719782
0.216822,-0.443736,0.690682
0.313313,-0.389255,0.690682
0.216300,-0.405236,0.690682
-0.039142,-0.453825,0.690682
0.272703,-0.433938,0.690682
0.243373,-0.399992,0.690682
0.169820,-0.460656,0.690682
0.170906,-0.436424,0.690682
-0.205112,0.056410,0.807791
0.029607,0.056410,0.838081
-0.208391,0.056410,0.789178
-0.192244,0.056410,0.793774
-0.190781,0.056410,0.816627
0.385446,0.056410,0.845392
-0.485914,0.056410,0.835616
-0.347560,0.056410,0.791497
-0.323808,0.056410,0.793168
-0.459927,0.056410,0.841695
-0.345178,0.056410,0.831689
0.348470,0.003162,0.726508
0.163010,0.056410,0.114956
0.198460,0.056410,0.264048
-0.024435,0.056410,-0.347107
-0.223161,0.056410,-0.664905
0.343144,0.056410,0.465113
0.083587,0.056410,-0.576269
0.241869,0.056410,-0.641153
0.220374,0.056410,-0.432275
0.148095,0.056410,-0.056612
0.278531,0.056410,-0.153792
-0.129052,0.056410,-0.442302
0.282814,0.056410,0.205577
-0.024769,0.056410,-0.656779
0.163177,0.056410,-0.012430
-0.009708,0.056410,-0.342532
-0.045450,0.056410,-0.363965
-0.010105,0.056410,-0.376833
0.026599,0.056410,-0.388950
0.090668,0.056410,-0.033153
0.150163,0.056410,-0.083142
0.202367,0.056410,-0.322854
-0.025605,0.056410,-0.452058
0.317846,0.056410,-0.432672
-0.129449,0.056410,-0.673177
0.045671,0.056410,-0.534176
0.068065,0.056410,-0.309902
0.180161,0.056410,-0.680364
-0.025897,0.056410,-0.217569
0.094846,0.056410,-0.082432
-0.122618,0.056410,-0.312054
0.329022,0.056410,0.269458
-0.082927,0.056410,-0.605473
0.110514,0.056410,-0.005223
-0.125333,0.056410,-0.471130
0.026996,0.056410,-0.638396
0.140888,0.056410,-0.025591
-0.200474,0.056410,-0.551201
0.234892,0.056410,0.313452
0.337879,0.056410,0.283078
0.295765,0.056410,-0.640861
0.095306,0.056410,-0.668227
0.108989,0.056410,-0.187863
-0.206282,0.056410,-0.635262
0.203474,0.056410,-0.133842
0.150539,0.056410,0.031794
0.238360,0.056410,0.241549
0.050267,0.056410,-0.021580
-0.101540,0.056410,-0.686568
0.299337,0.056410,0.308000
0.006524,0.056410,-0.424901
0.357077,0.056410,0.268727
-0.234044,0.056410,-0.674744
0.317261,0.056410,-0.463297
0.184944,0.056410,-0.407980
0.282939,0.056410,-0.342720
0.087180,0.056410,-0.211678
0.339363,0.056410,0.386525
0.083775,0.056410,-0.257991
0.290188,0.056410,-0.390600
0.137524,0.056410,0.086087
-0.215034,0.056410,-0.688824
0.320394,0.056410,0.340129
-0.178414,0.056410,-0.451703
0.164410,0.056410,-0.330876
0.219496,0.056410,-0.676436
0.010409,0.056410,-0.322666
0.137274,0.056410,-0.461500
0.372765,0.056410,0.215876
0.206273,0.056410,0.179047
0.036668,0.056410,-0.306999
0.388307,0.056410,0.509775
0.132197,0.056410,-0.262023
-0.290196,0.056410,-0.683330
0.272473,0.056410,-0.259474
0.074082,0.056410,-0.676687
0.207944,0.056410,-0.619323
-0.087940,0.056410,-0.534510
0.210910,0.056410,-0.214018
0.112603,0.056410,-0.129894
0.339927,0.056410,-0.263506
0.285634,0.056410,0.016314
-0.253702,0.056410,-0.650637
0.234850,0.056410,-0.251828
0.295159,0.056410,-0.510487
0.254884,0.056410,0.304595
-0.197926,0.056410,-0.495467
0.210138,0.056410,-0.593211
0.112436,0.056410,-0.449906
-0.180963,0.056410,-0.590913
-0.266131,0.056410,-0.575496
0.127184,0.056410,0.083350
0.287702,0.056410,-0.085315
-0.238661,0.056410,-0.637121
0.166123,0.056410,-0.308085
0.297144,0.056410,0.438792
-0.032854,0.056410,-0.606267
-0.020362,0.056410,-0.680385
0.307046,0.056410,0.285815
0.073539,0.056410,0.010695
-0.262914,0.056410,-0.603468
0.133827,0.056410,-0.613996
0.320812,0.056410,-0.142323
0.267710,0.056410,-0.445436
0.070614,0.056410,-0.474807
0.227998,0.056410,0.121370
0.242935,0.056410,0.085188
0.323194,0.056410,-0.390516
0.188642,0.056410,0.089408
0.150204,0.056410,-0.035284
0.358748,0.056410,0.246521
-0.057002,0.056410,-0.468916
0.242141,0.056410,0.353206
0.238861,0.056410,-0.277418
0.214002,0.056410,-0.200356
0.268859,0.056410,0.356339
-0.175803,0.056410,-0.549238
0.111767,0.056410,-0.619261
0.026703,0.056410,-0.066013
0.277403,0.056410,-0.461918
0.274311,0.056410,-0.608293
0.357558,0.056410,0.203885
-0.129093,0.056410,-0.659912
-0.408914,-0.484534,-0.721767
-0.408914,-0.285683,-0.730541
-0.408914,-0.524412,-0.701755
-0.386791,-0.547266,-0.733257
0.329482,-0.065273,0.714141
0.329482,0.031823,0.693607
-0.367510,-0.416370,-0.734949
-0.373693,-0.486455,-0.734949
-0.368429,-0.461993,-0.734949
-0.407514,-0.148227,-0.734949
-0.368053,-0.384387,-0.734949
-0.439162,0.056410,0.416648
-0.437512,0.056410,0.439084
-0.439517,0.056410,0.324482
-0.418147,0.056410,-0.554920
-0.444531,0.056410,-0.511469
-0.443549,0.056410,-0.584604
-0.419588,0.056410,-0.625862
0.386887,0.056410,0.717379
-0.284848,-0.028862,-0.742469
-0.003775,-0.028862,-0.754335
-0.056793,-0.028862,-0.758095
-0.324059,-0.028862,-0.754126
0.434850,0.092216,-0.291310
0.084380,0.092216,0.482096
0.079806,0.092216,-0.071423
0.200194,0.092216,0.394463
0.202513,0.092216,0.546458
-0.101435,0.092216,0.376247
0.508968,0.092216,0.500396
0.498648,0.092216,0.028243
0.265830,0.092216,0.155337
0.225053,0.092216,0.308794
0.173831,0.092216,-0.102654
-0.083846,0.092216,0.513515
0.461777,0.092216,0.739606
0.413438,0.092216,-0.146230
0.115945,0.092216,-0.189932
0.365245,0.092216,-0.605139
-0.296630,0.092216,0.655984
0.369757,0.092216,0.708104
0.099358,0.092216,0.841507
0.396977,0.092216,-0.534636
-0.101164,0.092216,0.363818
-0.132039,0.092216,0.729850
0.381978,0.092216,0.459368
0.127476,0.092216,0.315040
-0.252156,0.092216,0.481553
0.378427,0.092216,0.547544
0.288516,0.092216,0.385940
-0.105968,0.092216,0.582556
-0.295043,0.092216,0.586462
0.043833,0.092216,0.744954
0.194345,0.092216,-0.250387
-0.248918,0.092216,0.610862
0.260942,0.092216,0.832420
0.328207,0.092216,-0.274515
0.167000,0.092216,-0.193901
0.341827,0.092216,0.309483
0.509135,0.092216,-0.589701
-0.275051,0.092216,0.533402
0.487743,0.092216,-0.044162
-0.022242,0.092216,0.830665
-0.140541,0.092216,0.686128
0.340908,0.092216,-0.469689
-0.085413,0.092216,0.815374
0.296914,0.092216,0.594818
0.181289,0.092216,0.649779
-0.307493,0.092216,0.648881
0.443854,0.092216,0.746834
0.385216,0.092216,0.513452
0.484046,0.092216,0.007478
0.287702,0.092216,0.429642
0.127560,0.092216,0.223751
-0.007640,0.092216,0.185042
-0.346871,0.092216,0.651743
0.485675,0.092216,0.713995
0.428562,0.092216,0.257802
0.342851,0.092216,0.107582
0.317846,0.092216,0.264486
0.022463,0.092216,0.676289
0.194282,0.092216,0.352119
0.201030,0.092216,0.569709
0.439947,0.092216,-0.606580
0.134955,0.092216,-0.192605
0.414127,0.092216,0.695236
0.298773,0.092216,0.131647
0.184130,0.092216,0.048401
0.306962,0.092216,-0.056863
0.448596,0.092216,0.789136
0.265266,0.092216,0.133590
0.485822,0.092216,0.285021
0.378113,0.092216,-0.164780
0.411098,0.092216,-0.180991
