-0.583750,3.793507,1.594471
-0.675185,3.785552,1.622158
-0.634800,3.742760,1.634928
-1.153172,1.029338,0.758199
-1.143457,0.595873,0.822002
-1.114120,1.242716,0.985943
-1.386064,-0.439454,-0.597095
-1.080915,0.819690,1.188465
-1.147138,0.895395,0.795844
-1.024922,2.270828,1.498187
-1.152757,1.318698,0.756406
-1.278992,-0.162643,0.031855
-1.150604,0.528277,0.780746
-1.310236,-0.268928,-0.151301
-1.232009,0.352029,0.302061
-1.085911,0.544490,1.162974
-1.266004,-0.070630,0.107289
-1.262694,0.078271,0.124672
-1.131991,1.476626,0.876855
-1.285995,-0.466343,-0.005088
-1.174628,0.384673,0.640823
-1.127712,0.722503,0.913227
-1.292425,0.181883,-0.052622
-1.203067,-0.098969,0.479791
-1.134699,1.785849,0.856307
-1.346313,-0.459763,-0.361784
-1.102022,0.378279,1.070164
-1.191782,0.411919,0.539003
-1.084404,1.047513,1.164497
-1.063901,2.005197,1.271643
-1.221666,0.477606,0.361366
-1.167460,0.922461,0.675299
-1.061282,0.734151,1.305797
-1.196126,-0.313285,0.523975
-1.154427,0.427571,0.759618
-1.173762,0.287150,0.647373
-1.212095,-0.484899,0.432083
-1.248053,0.091202,0.211040
-1.287819,0.550825,-0.030811
-1.182700,0.567024,0.590421
-1.145977,-0.366124,0.821236
-1.257656,0.852295,0.143088
-1.345169,-0.126205,-0.359921
-1.101077,1.961073,1.052506
-1.080992,2.103642,1.169151
-1.120899,2.053208,0.933965
-1.212893,0.687284,0.410151
-1.190801,-0.084083,0.552093
-1.064165,1.015323,1.284617
-1.050901,2.915658,1.335125
-1.079019,1.891261,1.183937
-1.339137,-0.341016,-0.321104
-1.046555,2.569829,1.365899
-1.150321,1.661973,0.765765
-1.179624,1.579488,0.593737
-1.019562,3.289192,1.514920
-1.364146,-0.202911,-0.470988
-1.112332,0.941045,1.000945
-1.017251,2.871861,1.534712
-1.136036,0.188580,0.871859
-1.089670,0.618481,1.139665
-1.206213,1.122782,0.443249
-1.082881,-0.013330,1.189076
-1.113813,0.076141,1.004896
-1.253024,0.018918,0.182714
-1.162594,1.483312,0.695832
-1.162140,-0.512801,0.727833
-1.159448,1.647597,0.712019
-1.333930,-0.342482,-0.290302
-1.205380,-0.052628,0.465434
-1.067819,0.554090,1.269790
-1.014894,2.389952,1.555724
-1.098380,2.141464,1.065802
-1.215339,-0.108813,0.407386
-1.044885,2.833953,1.371894
-1.081202,1.265838,1.180216
-1.207449,1.347933,0.432637
-1.185346,1.459581,0.561667
-1.015162,3.006627,1.545079
-1.130093,-0.429801,0.916079
-1.172496,0.455396,0.652389
-1.213155,0.125779,0.416849
-1.139093,0.420571,0.850379
-1.270492,0.057836,0.078871
-1.167322,-0.146358,0.691813
-1.346758,-0.080604,-0.369986
-1.144833,0.958562,0.808539
-1.119281,1.118897,0.957252
-1.156678,1.859715,0.725276
-1.174299,0.578709,0.639916
-1.086999,0.376408,1.159011
-1.260429,-0.301186,0.143634
-1.088836,-0.253402,1.157396
-1.220179,-0.046423,0.377855
-1.176175,0.819699,0.625287
-1.124936,1.676062,0.915634
-1.178551,-0.038196,0.623842
-1.123748,0.470199,0.940367
-1.302116,-0.345649,-0.102166
-1.318432,0.028004,-0.204114
-1.226893,0.159678,0.335134
-1.283487,-0.400123,0.008770
-1.105684,1.119788,1.037622
-1.227009,1.173148,0.319564
-1.127075,0.345650,0.922530
-1.172764,-0.430013,0.663804
-1.082579,2.001984,1.161262
-1.264991,0.579148,0.103734
-1.109070,1.404534,1.013425
-1.339934,-0.019246,-0.330545
-0.998500,3.195635,1.640814
-1.101320,0.103405,1.078352
-1.102964,0.487836,1.062985
-1.214684,-0.193835,0.412502
-1.109537,-0.239958,1.034815
-1.078013,0.464293,1.210846
-1.091923,2.216547,1.102871
-1.312253,-0.356630,-0.161933
-1.074513,1.429768,1.217357
-1.280820,0.123917,0.016838
-1.202683,0.291218,0.476333
-1.202498,0.006301,0.481612
-1.184805,0.355898,0.581079
-1.227294,0.907025,0.321785
-1.239056,-0.452532,0.272219
-1.145172,0.169594,0.818122
-1.146571,1.630136,0.788403
-1.109275,2.283854,0.999297
-1.241916,-0.247302,0.252294
-1.229566,-0.310090,0.326228
-1.146628,1.121771,0.795533
-1.212969,1.230972,0.401720
-1.002478,2.980855,1.620450
-1.077629,0.296119,1.215581
-1.004925,2.830316,1.608194
-1.266726,0.265062,0.098090
-1.182675,-0.380567,0.604489
-1.218325,0.081437,0.386936
-1.151398,0.153865,0.781545
-1.094764,1.228364,1.100588
-1.050562,2.067831,1.349584
-1.092190,0.352773,1.128667
-1.118188,0.117379,0.978423
-1.065669,2.413472,1.255195
-1.113561,1.581479,0.984274
-1.033989,2.047935,1.447854
-1.027421,1.984415,1.487620
-1.166927,1.015514,0.677084
-1.126091,0.863621,0.920741
-1.228836,0.687375,0.315895
-1.250337,0.274712,0.194841
-1.182878,1.532676,0.575183
-1.123986,1.959158,0.917091
-1.135069,2.119512,0.849214
-1.316749,-0.198667,-0.190834
-1.244396,-0.138385,0.236032
-1.079591,0.129678,1.206427
-1.276984,0.078648,0.040184
-1.153729,1.079582,0.754169
-1.089563,2.169013,1.117519
-1.076501,1.757987,1.200783
-1.293160,-0.057514,-0.053453
-1.176176,1.163768,0.620224
-1.093390,1.163732,1.109664
-1.154975,0.553104,0.754539
2.366026,-4.815290,0.073335
2.231913,-4.809242,0.050218
2.496159,-4.818587,0.033303
-0.686835,-2.010755,1.181988
-0.806992,1.223873,1.490796
-0.741690,-3.305323,1.082888
-0.831309,-0.214356,1.371986
-0.726021,-3.885301,1.028916
-0.783484,-0.814463,1.308619
-0.839946,0.578186,1.442700
-0.801314,0.213954,1.401954
-0.726670,-4.182956,1.003284
-0.700854,-0.297380,1.333755
-0.721368,-2.399418,1.156533
-0.857682,0.150599,1.409877
-0.770673,-0.049440,1.371846
-0.697314,-1.481229,1.230354
-0.860894,0.793564,1.466342
-0.821669,-1.286227,1.276834
-0.924294,2.029722,1.588516
-0.657663,-0.416403,1.313168
-0.705861,-0.065788,1.355009
-0.951204,3.010972,1.679926
-0.792283,0.680236,1.440200
-0.677543,-1.434148,1.229729
-0.846772,-0.466201,1.353847
-0.881617,1.123435,1.499850
-0.795269,-0.496107,-0.081373
-0.945871,-0.506191,0.302563
0.052916,-0.532970,0.031117
-0.432920,-0.532470,0.467414
0.749248,-0.560684,0.061523
0.025971,-0.529907,-0.018432
-0.088680,-0.525367,-0.022861
0.738405,-0.558078,0.008238
-0.465823,-0.506586,-0.130929
-0.096917,-0.537459,0.278440
-0.848961,-0.494795,-0.063687
1.190141,-0.595759,0.506518
-0.242817,-0.545080,0.598217
0.516499,-0.548900,-0.009872
1.022912,-0.579124,0.256819
-0.682372,-0.511986,0.200105
-0.630688,-0.507999,0.055564
0.628806,-0.571002,0.423328
0.081772,-0.547749,0.363435
0.183845,-0.536939,0.006651
-0.612300,-0.509810,0.082591
0.131320,-0.563488,0.700004
0.228931,-0.536196,-0.053007
-0.187323,-0.523837,0.031016
1.606308,-0.608041,0.420697
-0.630021,-0.501034,-0.114223
-0.643257,-0.537673,0.787932
0.309731,-0.569229,0.674764
0.328340,-0.548987,0.165924
-0.799324,-0.502538,0.078589
1.223502,-0.593398,0.418366
-0.599639,-0.536149,0.710648
-0.020393,-0.539599,0.259778
-0.731619,-0.500907,-0.023542
0.857612,-0.575576,0.323216
-0.971205,-0.506762,0.339830
-1.230278,-0.469026,-0.337617
0.859413,-0.580922,0.451400
1.002652,-0.584701,0.410978
0.452201,-0.550650,0.091978
0.031742,-0.560695,0.724073
-0.454629,-0.534799,0.544011
0.005019,-0.565477,0.864904
0.078853,-0.564256,0.767092
-0.347051,-0.525197,0.211493
0.404714,-0.574147,0.706546
0.297404,-0.537699,-0.079700
0.789826,-0.572872,0.320115
0.046371,-0.525894,-0.134714
-0.876654,-0.477241,-0.464498
0.645913,-0.574136,0.483660
-0.844431,-0.523366,0.626121
-1.017597,-0.480341,-0.259109
-0.934264,-0.481663,-0.303919
1.534400,-0.599022,0.268018
-0.505219,-0.536385,0.629234
-0.152798,-0.538896,0.364934
-0.677663,-0.530510,0.645699
0.529057,-0.559799,0.243267
0.259072,-0.535058,-0.108466
-0.871366,-0.516571,0.485931
1.814589,-0.610280,0.282826
-0.339483,-0.504581,-0.296242
1.112062,-0.590972,0.462323
1.734664,-0.607393,0.286481
-0.803516,-0.509169,0.243499
-0.113980,-0.528105,0.066990
-0.638196,-0.492473,-0.314611
1.419445,-0.604943,0.517933
0.110592,-0.534905,0.024864
0.503393,-0.552862,0.098462
0.311673,-0.543636,0.051346
-1.008223,-0.473013,-0.445736
-0.255736,-0.540259,0.493041
-0.439167,-0.545832,0.797731
-0.422121,-0.517997,0.105903
-0.593871,-0.533802,0.648320
-0.952823,-0.476910,-0.402218
-0.225198,-0.511647,-0.230111
1.067824,-0.576596,0.153972
-1.088869,-0.479785,-0.206827
0.148518,-0.568909,0.815801
0.470912,-0.545320,-0.054738
0.905896,-0.572736,0.209659
0.120040,-0.552528,0.444201
1.822434,-0.614855,0.386729
-0.211255,-0.518781,-0.069694
-0.371019,-0.546955,0.762093
-0.456427,-0.508259,-0.098979
-0.436669,-0.553504,0.981774
0.252203,-0.543038,0.091700
-1.037748,-0.486605,-0.088343
0.661584,-0.578891,0.584672
1.310792,-0.599147,0.477451
-0.716035,-0.528489,0.632027
-0.236145,-0.527078,0.154803
0.681255,-0.573569,0.437253
0.424747,-0.546496,0.016424
-0.791326,-0.516204,0.403125
-0.922724,-0.503162,0.207641
0.267974,-0.559838,0.485209
-0.346366,-0.546480,0.727817
-0.440358,-0.521172,0.199847
-0.251629,-0.538628,0.449631
-0.389648,-0.533110,0.443007
-0.044220,-0.537676,0.235067
-1.146165,-0.483874,-0.054607
-0.589603,-0.496637,-0.258346
-0.677941,-0.540582,0.890610
-0.370198,-0.507477,-0.197548
2.298281,-4.021973,0.033969
2.187182,-4.685650,0.002907
2.217846,-4.210471,0.036777
2.413699,-3.278845,0.070887
2.226947,-4.382580,0.019701
2.255304,-4.129388,0.034889
2.495410,-2.678961,0.103415
2.366306,-4.454426,-0.019680
2.451524,-2.387851,0.139075
2.301670,-2.846009,0.135038
2.463613,-2.838598,0.097150
2.349129,-4.514183,-0.020770
2.471900,-4.553308,-0.053369
2.400966,-2.665625,0.127040
2.400884,-2.506800,0.140819
2.308922,-3.344578,0.090121
2.196735,-4.546855,0.012658
2.401907,-3.509432,0.053716
2.428236,-3.366729,0.059815
2.466636,-1.577713,0.205663
2.350551,-4.182158,0.007656
2.280138,-4.455422,0.000736
2.510270,-1.329651,0.216772
2.229645,-4.735441,-0.011510
2.275724,-4.798898,-0.027970
2.457931,-3.542622,0.037512
-1.306502,4.070458,-0.192954
-1.240931,4.117956,0.194006
-1.284106,4.111879,-0.061158
-1.167534,4.184271,0.626958
-1.248259,4.122700,0.150612
-1.312149,4.087171,-0.226588
-1.278352,4.133641,-0.027461
1.838755,-1.576014,-1.752862
1.829855,-1.675202,-1.759337
1.812453,-2.315665,-1.810681
1.836850,-2.372104,-1.821375
1.961287,-0.482971,-1.687323
1.925599,-1.534023,-1.769886
2.018409,-0.380119,-1.692004
1.879960,-0.656277,-1.682988
2.077513,-1.095789,-1.768065
1.767340,-4.279016,-1.970036
1.753393,-3.796174,-1.924888
1.930929,-1.349075,-1.755132
2.022639,-0.929869,-1.740636
1.824500,-3.335909,-1.901933
1.890409,-2.819424,-1.872870
1.977994,-1.724438,-1.798848
1.854522,-1.469543,-1.747390
1.804932,-4.032279,-1.957604
2.063611,-0.402323,-1.704682
1.974583,-2.019665,-1.823613
2.103870,-0.258303,-1.701784
1.899977,-2.408804,-1.839574
1.927230,-1.094769,-1.732221
2.071490,-0.617121,-1.725165
-1.179694,4.315220,0.553140
-1.120176,4.330852,0.904787
-1.239826,4.398434,0.196416
-1.211872,4.373724,0.362045
2.229988,-2.112576,0.215631
2.119277,-2.834582,0.179423
2.178552,-3.294132,0.125509
2.346098,-2.108684,0.188343
2.178558,-1.485559,0.282187
2.121467,-3.804242,0.094899
2.190837,-1.609694,0.268512
2.443367,-1.339412,0.231844
2.141054,-1.216631,0.314408
2.188274,-0.687872,0.348980
2.263568,-2.449537,0.178450
2.119576,-4.063946,0.072851
2.209977,-3.094110,0.135361
2.257633,-3.061805,0.126821
2.154715,-2.378334,0.210517
2.382825,-1.189889,0.259202
2.382946,-1.755866,0.210141
2.470181,-0.921480,0.261670
2.175980,-1.957042,0.241955
2.170184,-2.056851,0.234687
2.243301,-2.791392,0.153657
2.403858,-1.122871,0.260003
2.307732,-2.377188,0.174210
2.319968,-1.628170,0.236188
2.211845,-1.902535,0.501702
2.300029,-2.289521,0.447196
2.191740,-3.463069,0.371294
2.205036,-2.410320,0.459332
2.263717,-3.277645,0.370233
2.191224,-1.446741,0.546094
2.158523,-4.691812,0.272750
2.337821,-4.323986,0.261956
2.370426,-4.020821,0.280462
2.169347,-3.240921,0.395867
2.152400,-4.137308,0.322244
2.408484,-3.789904,0.291412
2.295619,-2.229584,0.453438
2.319442,-2.661116,0.410386
2.250643,-1.941649,0.489083
2.165248,-2.040609,0.500827
2.240441,-1.748147,0.508273
2.285101,-3.101159,0.380434
2.372080,-4.235444,0.261476
2.194440,-4.061588,0.318801
-0.794200,4.231259,1.335852
-0.561145,4.216984,1.287816
-0.571770,4.260830,1.245418
-1.218430,3.677156,-0.570400
-0.809754,3.571466,-0.676789
-1.032343,0.758642,-0.867509
-0.913064,2.485893,-0.746254
-1.284356,2.806818,-0.630114
-0.951149,3.129091,-0.681472
-1.027360,-0.009979,-0.935281
-1.214309,3.429567,-0.592830
-0.925813,2.297950,-0.759503
-0.904669,2.415805,-0.754323
-0.992733,1.442913,-0.817654
-1.164538,1.838657,-0.742494
-0.810935,3.707679,-0.664708
-1.198790,2.323886,-0.692309
-1.112094,1.575611,-0.777759
-1.029615,0.376087,-0.901300
-0.977613,2.266188,-0.749930
-0.918920,1.733491,-0.810043
-0.930557,2.999168,-0.697627
-0.873839,2.655362,-0.740905
-1.183130,2.530973,-0.678094
-1.091894,3.595630,-0.607569
-1.258827,2.554462,-0.658049
-0.869862,3.362958,-0.680552
-1.050468,1.869950,-0.766923
-0.889919,3.613558,-0.654070
-1.261119,3.562042,-0.570216
-0.846610,2.966155,-0.720460
-1.200384,3.039862,-0.629903
-0.948667,2.756796,-0.714315
-1.205124,3.306587,-0.605669
-1.085939,0.384720,-0.887151
-1.005957,0.085760,-0.932080
-0.916222,1.890956,-0.797043
-0.528904,4.361189,0.835398
-0.574055,4.398571,0.567913
-0.643460,4.403849,0.157513
-0.819604,2.173417,-0.795561
-0.950197,0.339036,-0.923405
-0.906295,1.447640,-0.837810
-0.815826,2.913060,-0.732383
-0.837181,0.589848,-0.928566
-0.960699,0.262323,-0.927552
-0.915328,0.017313,-0.959572
-0.846087,1.384960,-0.857565
-0.892490,0.559253,-0.918057
-0.818198,2.359543,-0.779771
-0.849324,4.085199,-0.418443
-0.895317,4.142450,-0.352870
-0.827466,4.120552,-0.388683
2.143665,-4.482372,-2.072188
2.176832,-4.271412,-1.879205
2.191994,-3.053636,-1.807455
2.179699,-2.982819,-1.881179
2.196301,-2.530058,-1.789680
2.165391,-3.789304,-1.953926
2.173110,-4.508681,-1.897725
2.189065,-3.679601,-1.815573
2.189532,-3.524536,-1.815091
2.201296,-1.019621,-1.782335
2.201395,-1.092259,-1.780677
2.192137,-2.572002,-1.813678
2.168045,-4.261859,-1.931296
2.143728,-4.553927,-2.070765
2.187356,-3.439837,-1.829199
2.183483,-2.643785,-1.863791
2.175974,-3.924635,-1.889371
2.181991,-2.706322,-1.871692
2.166177,-3.372096,-1.955409
2.188575,-3.615325,-1.819417
2.149736,-4.661478,-2.033666
2.184111,-3.346685,-1.849753
2.184115,-3.706629,-1.844444
2.173035,-2.832397,-1.922788
2.176386,-3.315337,-1.895884
2.168199,-3.258011,-1.945128
-0.764129,4.512562,0.911370
-0.736269,4.472510,1.004533
-1.048712,4.484168,1.072243
-0.938705,4.495438,1.009405
-0.670675,3.880908,1.569539
-0.758985,3.833731,1.617549
0.215869,-0.354022,-1.260878
-0.690564,-0.295222,-1.040124
-0.613230,-0.446179,-1.071601
-0.510651,-0.318543,-1.084949
-0.041766,-0.222243,-1.188165
0.140924,-0.467588,-1.252886
0.368731,-0.362270,-1.297962
0.406097,-0.412773,-1.311227
-0.695904,-0.184633,-1.029273
0.593182,-0.492155,-1.362616
0.069531,-0.252180,-1.217239
-0.479526,-0.376132,-1.097344
0.907910,-0.485087,-1.436885
0.028149,-0.300576,-1.211585
-0.890942,-0.424168,-1.003620
0.597910,-0.381635,-1.354167
1.969259,-2.979182,-1.905470
2.104026,-1.471108,-1.806888
1.990560,-2.291085,-1.850927
1.994968,-4.562579,-2.048759
1.837478,-4.589554,-2.013625
1.979799,-4.670562,-2.054505
2.162500,-2.918072,-1.946152
2.030825,-1.926187,-1.828896
2.083525,-4.555242,-2.069193
2.148312,-2.052959,-1.867831
1.943616,-4.037992,-1.991095
2.155619,-1.779523,-1.845881
1.775000,-4.349617,-1.977974
2.174373,-0.653764,-1.752817
2.130540,-4.353949,-2.062941
2.077739,-4.112576,-2.029468
1.992726,-2.436831,-1.864069
2.141521,-1.268052,-1.798218
2.101679,-2.432631,-1.889627
1.782104,-4.403542,-1.984336
2.059852,-4.171351,-2.030303
2.018483,-3.336875,-1.948169
2.015563,-2.562758,-1.880412
1.856240,-3.620802,-1.934165
-1.095879,4.540085,0.299122
-1.180025,4.538606,0.305971
-1.099445,4.520648,0.233005
1.339107,-0.604858,0.590037
0.735824,-0.591748,0.828439
1.488570,-0.615912,0.720574
0.684235,-0.589660,0.825351
1.815669,-0.625599,0.653940
0.626482,-0.587546,0.827314
0.506635,-0.581597,0.793427
1.749151,-0.620492,0.591276
1.380388,-0.609645,0.668194
2.004696,-0.625467,0.476252
0.841138,-0.589634,0.679896
1.216978,-0.603447,0.668482
2.159667,-0.634575,0.554423
1.883318,-0.620060,0.456942
2.044839,-0.628908,0.522764
1.395231,-0.607487,0.602069
1.459047,-0.612649,0.668547
1.848497,-4.712512,-1.945399
1.812788,-4.718367,-1.770219
1.938509,-4.720605,-1.831885
2.448197,-3.893235,0.273012
2.391283,-1.948379,0.455038
2.252910,-1.419744,0.533757
2.380086,-2.231104,0.433209
2.556653,-2.570908,0.361762
2.509091,-0.953039,0.513237
2.590137,-0.494335,0.533692
2.539373,-0.664868,0.530997
2.521801,-2.777349,0.352170
2.446158,-2.952203,0.355020
2.312527,-2.154654,0.455906
2.487978,-1.900683,0.436164
2.454839,-2.752931,0.370218
2.373558,-2.438341,0.416809
2.389817,-2.125531,0.440040
2.432979,-1.414658,0.491355
2.499959,-1.564042,0.462477
2.440636,-2.594349,0.387335
2.425837,-3.026397,0.353427
2.279826,-1.606773,0.511150
2.513293,-0.622374,0.540883
2.500494,-1.714335,0.449330
2.532911,-1.126416,0.492550
2.563184,-1.437329,0.458412
2.532342,-1.305837,0.477141
2.484221,-1.026144,0.512821
2.513823,-2.688261,0.361786
2.442644,-0.456331,0.572077
2.404137,-0.701868,0.559967
-0.877285,3.972579,-0.508048
-0.867776,3.861460,-0.593192
-0.996035,3.930160,-0.513677
2.241173,-0.187838,-1.558791
2.438622,-0.492261,-0.386998
2.227999,-0.169113,-1.636954
2.348505,-0.445544,-0.920456
2.508940,-0.578773,0.030000
2.302992,-0.544165,-1.188082
2.333774,-0.395920,-1.008276
2.292486,-0.466880,-1.251331
2.387158,-0.545233,-0.690476
2.343949,-0.403934,-0.948003
2.244735,-0.455258,-1.533811
2.397856,-0.585569,-0.626639
2.276534,-0.381305,-1.346897
2.292105,-0.347936,-1.255331
2.360979,-0.374729,-0.847750
2.353018,-0.578521,-0.891826
2.448112,-0.565184,-0.329819
-1.294429,3.864135,-0.118549
-1.289293,3.846386,-0.087925
-1.048886,3.951801,1.331825
-1.223763,3.918778,0.298430
-1.292339,3.999651,-0.108185
-1.249254,3.976902,0.146868
-1.236027,4.010715,0.224569
-1.325860,3.868587,-0.304435
-1.129770,3.971251,0.853345
-1.198851,3.937505,0.445435
-1.084171,3.949081,1.123258
-1.118559,4.468324,0.912324
-1.175568,4.485663,0.575033
-1.185713,4.461492,0.515410
0.152113,-0.487112,-1.174320
0.613336,-0.500957,-1.263764
1.105427,-0.517366,-1.319417
1.114062,-0.513486,-1.421625
0.776747,-0.502763,-1.370717
0.241731,-0.488652,-1.219631
0.525030,-0.495026,-1.326309
1.808452,-0.538838,-1.446779
0.837177,-0.505052,-1.370898
1.553744,-0.530443,-1.415591
1.636882,-0.528502,-1.539477
-0.119413,-0.476506,-1.181311
1.186400,-0.518602,-1.364131
1.737252,-0.531439,-1.560774
-0.211655,-0.476120,-1.105538
0.661970,-0.499188,-1.351614
-1.021841,4.013258,1.490809
-1.020834,3.965031,1.497475
-1.196322,4.040292,0.458874
-1.288269,4.063286,-0.085057
-1.061110,3.976801,1.259183
-1.221653,4.091506,0.308364
-1.147589,4.105616,0.746028
-1.090156,4.061345,1.086224
-1.079706,4.078029,1.147761
-1.177535,3.874015,0.572387
-0.996476,3.767370,1.644382
-1.024259,3.905184,1.478102
-1.255591,3.778337,0.112319
-1.014532,3.787255,1.537341
-1.047078,3.794703,1.344817
-1.183089,3.795675,0.540701
-1.226035,3.804872,0.286670
-1.081145,3.851915,1.142572
-1.035443,3.746594,1.414313
-1.061887,3.824291,1.256834
-1.088308,3.818002,1.100723
-0.468141,4.179554,1.197299
-0.589751,4.335635,0.476044
-0.492692,4.228081,1.051440
-0.647635,4.353864,0.133565
-0.469496,4.247397,1.188294
0.383788,-0.497411,-1.138020
-0.649742,-0.470999,-0.825564
0.113867,-0.488676,-1.101021
0.019611,-0.489196,-1.001397
0.172470,-0.489531,-1.134365
-0.095333,-0.480604,-1.104003
0.264410,-0.494091,-1.108451
1.323663,-0.527325,-1.278944
0.505372,-0.503534,-1.101521
-0.345794,-0.480321,-0.879698
-0.399566,-0.472017,-1.031754
0.566423,-0.503947,-1.147844
-0.489663,-0.475259,-0.869832
0.056792,-0.485833,-1.117403
-0.572872,-0.473472,-0.836431
0.375524,-0.498686,-1.099401
-0.236582,-0.479068,-1.010929
0.466214,-0.498793,-1.180525
0.161058,-0.343074,1.124728
-0.302309,-0.545481,1.217439
-0.257514,-0.226958,1.234375
1.097877,-0.466492,0.891146
-0.099903,-0.375365,1.184019
-0.105896,-0.455622,1.178492
1.678291,-0.562484,0.744737
1.468673,-0.508849,0.799256
1.820040,-0.615279,0.706438
-0.405402,-0.175059,1.274057
0.153709,-0.556055,1.108026
-0.370076,-0.286384,1.256008
0.184029,-0.278139,1.124888
0.027875,-0.362615,1.154723
1.696518,-0.621740,0.735267
-0.542484,-0.418679,1.285567
0.241653,-0.346514,1.105255
-1.353285,3.851914,-0.493779
-1.146170,3.933551,-0.478271
-1.012103,3.864580,-0.559192
2.160336,-0.997601,0.464764
2.138561,-1.476255,0.343058
2.130769,-1.878514,0.302901
2.132373,-2.143988,0.316283
2.091906,-3.996014,0.104241
2.136277,-1.320738,0.327272
2.107406,-3.054511,0.182050
2.122894,-2.272490,0.262128
2.144305,-0.740720,0.366216
2.154974,-0.976249,0.432748
2.166057,-1.131241,0.500550
2.082096,-4.446076,0.052854
2.149484,-0.647152,0.395459
2.167486,-0.869730,0.505159
2.153930,-0.847466,0.424690
2.160524,-1.494451,0.473172
2.131478,-2.400394,0.314760
2.136315,-1.387139,0.328471
2.162143,-0.903941,0.474070
2.100293,-3.741075,0.150079
2.107276,-3.438549,0.186925
2.130745,-1.772541,0.301206
-1.245556,-1.162947,-0.719693
-1.010092,-0.819663,-0.745976
-1.112041,-1.179944,-0.752932
-1.101895,-2.542453,-0.873382
-1.083098,-0.714755,-0.719518
-1.104214,-2.884813,-0.902489
-1.159738,-0.660266,-0.696563
-1.020419,-2.360073,-0.876967
-1.188593,-2.430645,-0.843068
-1.066267,-3.303283,-0.947770
-1.131190,-1.390884,-0.766650
-1.119482,-3.156316,-0.922377
-1.062673,-4.452313,-1.048167
-1.097162,-2.022006,-0.829421
-1.183164,-2.271227,-0.830549
-1.273761,-1.400656,-0.733575
-1.334195,-1.105984,-0.693669
-1.174594,-1.486432,-0.764600
-1.329987,-0.478821,-0.640338
-1.058670,-4.278650,-1.034075
-1.345882,-0.971078,-0.679201
-1.181733,-1.919763,-0.800442
-1.109109,-0.491651,-0.694001
-1.083410,-3.739004,-0.981438
-1.161670,-1.754135,-0.790867
-1.270443,-0.903132,-0.691264
1.431236,-0.586436,0.057532
0.338366,-0.534769,-0.188668
2.004571,-0.619173,0.323491
1.719270,-0.604110,0.220957
1.201439,-0.575220,-0.002788
1.424135,-0.589591,0.140719
1.430923,-0.588005,0.095923
2.245914,-0.624121,0.220904
0.064477,-0.520789,-0.275427
2.319227,-0.627934,0.245840
1.968428,-0.616491,0.291707
-0.576478,-0.490313,-0.424057
1.891564,-0.611337,0.237456
0.946986,-0.562058,-0.087619
1.646663,-0.600470,0.199554
0.426307,-0.539861,-0.146170
0.545901,-0.543688,-0.163603
-0.549827,4.478517,0.709976
-1.301021,4.080068,-0.327300
-1.045828,4.100410,-0.361790
-0.994183,4.090404,-0.382513
1.747686,-4.653298,-1.921149
1.829744,-1.509318,-1.482193
1.801912,-2.396940,-1.633697
1.761547,-3.745868,-1.852526
1.837523,-0.918397,-1.444881
1.783732,-2.864808,-1.734307
1.774764,-4.642475,-1.761221
1.747711,-4.457675,-1.923874
1.822667,-1.940200,-1.517702
1.771394,-3.406288,-1.799297
1.797271,-2.739380,-1.656109
1.820256,-2.080559,-1.529896
1.766077,-4.602812,-1.813160
1.806267,-2.753603,-1.602715
1.771307,-3.945212,-1.791901
1.750351,-4.708961,-1.904575
1.808329,-2.703131,-1.591265
1.757875,-4.178889,-1.867878
1.773390,-3.451253,-1.786840
1.763357,-4.516458,-1.830509
1.783050,-4.282935,-1.717515
1.763312,-3.654127,-1.843444
1.818562,-1.689144,-1.545660
1.774918,-3.251120,-1.780746
1.755730,-4.042287,-1.882565
0.335279,-0.523513,-0.459234
1.449428,-0.534231,-1.227288
0.675401,-0.513699,-1.011549
0.206250,-0.500488,-0.899391
0.428852,-0.520066,-0.629332
1.801920,-0.562902,-0.856263
1.846414,-0.593417,-0.156129
0.843271,-0.519654,-1.021865
0.729272,-0.546460,-0.265521
0.429862,-0.529160,-0.409377
-0.298908,-0.499123,-0.466261
1.949025,-0.601167,-0.062613
1.276128,-0.576449,-0.041884
1.488920,-0.542827,-1.054966
1.067521,-0.543614,-0.646884
0.805303,-0.516668,-1.059337
-0.608483,-0.477409,-0.707941
2.070152,-0.602059,-0.152735
2.000999,-0.598261,-0.181164
2.500553,-0.634680,0.242324
0.701926,-0.510439,-1.115229
-0.725910,-0.470774,-0.760725
0.965806,-0.521495,-1.090239
-0.532737,-0.475490,-0.824462
-0.884586,-0.468407,-0.671746
0.435874,-0.513865,-0.786438
0.352586,-0.526309,-0.407301
2.413830,-0.624225,0.068425
-0.425123,-0.481809,-0.770329
-0.160404,-0.497178,-0.641367
2.211191,-0.557990,-1.353348
-0.930497,-0.465473,-0.700643
2.228818,-0.570395,-1.068297
0.176272,-0.497070,-0.954744
0.306764,-0.516404,-0.605576
1.843370,-0.572154,-0.669799
-0.245609,-0.502218,-0.440285
-0.237152,-0.490504,-0.732615
0.096342,-0.520374,-0.314937
1.159081,-0.524111,-1.205110
0.924361,-0.539357,-0.618131
0.908308,-0.523766,-0.982010
0.727324,-0.539364,-0.436094
-0.547358,-0.486310,-0.548158
1.115697,-0.561807,-0.249447
1.117302,-0.551004,-0.513330
2.261365,-0.609748,-0.142467
2.032043,-0.590146,-0.406938
1.577261,-0.553579,-0.875327
1.565352,-0.584018,-0.125004
1.427213,-0.583068,-0.020557
0.889130,-0.524835,-0.938343
1.181396,-0.531683,-1.041790
-0.791425,-0.469972,-0.719727
2.051433,-0.605966,-0.040561
1.621324,-0.550576,-0.988947
1.150294,-0.534654,-0.940915
1.552348,-0.545250,-1.054656
-1.029635,-0.466748,-0.578163
2.308651,-0.591638,-0.626012
2.069637,-0.549426,-1.430703
2.316202,-0.587137,-0.742303
0.663674,-0.548002,-0.167534
1.653207,-0.562157,-0.737086
2.044851,-0.556805,-1.228587
0.839448,-0.535776,-0.626744
1.012449,-0.537153,-0.752971
2.044825,-0.575889,-0.765020
1.607304,-0.587731,-0.073540
2.432925,-0.610168,-0.290637
1.888039,-0.561011,-0.981674
0.493469,-0.534158,-0.346687
1.286538,-0.554477,-0.585185
1.343376,-0.568561,-0.295552
0.661226,-0.544972,-0.238863
0.841083,-0.545256,-0.397983
1.541662,-0.570352,-0.435062
0.553064,-0.527455,-0.564509
-0.709876,-0.477839,-0.603909
0.186432,-0.523230,-0.328712
1.523222,-0.545385,-1.024491
1.073659,-0.552915,-0.426612
0.783955,-0.522833,-0.889899
2.115176,-0.600089,-0.242142
-0.416763,-0.496548,-0.420022
1.908769,-0.597063,-0.125124
1.040154,-0.554815,-0.349537
2.259520,-0.567180,-1.174732
0.751057,-0.514963,-1.050676
0.615188,-0.520149,-0.799302
1.346479,-0.572590,-0.200542
2.455152,-0.617662,-0.129113
0.193773,-0.521011,-0.389398
-0.101624,-0.488431,-0.908083
0.007594,-0.502748,-0.661141
1.906919,-0.591783,-0.251680
1.704126,-0.545385,-1.191472
1.166544,-0.529552,-1.079835
2.298156,-0.604961,-0.292721
1.791186,-0.599009,0.030678
1.019732,-0.529947,-0.934718
1.123009,-0.545800,-0.645002
1.708079,-0.552651,-1.018620
2.062474,-0.581148,-0.653574
1.988214,-0.567680,-0.912151
0.094838,-0.498255,-0.850795
0.800677,-0.538007,-0.536753
-0.479990,-0.480350,-0.755121
1.495960,-0.547701,-0.943057
1.694097,-0.578088,-0.387864
2.055170,-0.594738,-0.316741
0.738376,-0.527934,-0.723930
2.277866,-0.616314,0.001780
0.704511,-0.540619,-0.384551
0.823092,-0.541426,-0.474398
0.764708,-0.527038,-0.769989
0.248882,-0.517383,-0.528366
2.003024,-0.605379,-0.010138
2.408537,-0.620946,-0.006329
1.624942,-0.555671,-0.868539
0.000550,-0.504446,-0.613388
1.425220,-0.560418,-0.568889
1.375127,-0.566456,-0.375977
1.789883,-0.545943,-1.257066
-0.825516,-0.477860,-0.496654
0.856118,-0.522482,-0.965021
-0.417695,-0.494945,-0.458114
1.870920,-0.578517,-0.540665
0.665137,-0.524483,-0.740131
0.906212,-0.559019,-0.123811
0.100012,-0.509573,-0.580663
1.928936,-0.571711,-0.759522
1.624400,-0.566326,-0.609222
0.397329,-0.522892,-0.531589
1.329125,-0.563023,-0.416906
1.369223,-0.557036,-0.599335
1.746351,-0.558983,-0.900145
2.514512,-0.628144,0.070689
1.428244,-0.563031,-0.508203
1.413244,-0.537165,-1.122633
1.652280,-0.585011,-0.181116
-0.741115,4.472388,0.066868
-0.661391,4.489714,0.085353
-0.766507,4.445998,0.020547
-0.695338,4.442011,-0.000381
-0.835477,4.559717,0.800381
-0.666413,4.562873,0.708260
-0.948309,4.570052,0.781087
2.136086,-4.810976,0.180791
2.424752,-4.821096,0.160161
-1.114170,4.291709,-0.144332
-1.213421,4.309038,-0.101308
-1.163102,4.330601,-0.083096
-1.010069,4.351208,-0.087040
-0.704677,4.367226,-0.127902
-1.354825,-4.627175,-1.061385
-1.422362,-4.623253,-1.094310
-1.259102,-4.627936,-1.131261
-1.015272,-1.151746,-0.884072
-1.031717,-3.181820,-0.951482
-1.035371,-2.317723,-0.985774
-1.012394,-1.069757,-0.868260
-1.012307,-1.294585,-0.864443
-1.036611,-3.013984,-0.982880
-1.015800,-2.116235,-0.873026
-1.030630,-2.491521,-0.955193
-1.030711,-1.125734,-0.975729
-1.023119,-0.818338,-0.935362
-1.030047,-0.979413,-0.973956
-1.024904,-1.833096,-0.931007
-1.035987,-1.764122,-0.997543
-1.046104,-3.784930,-1.027677
-1.008433,-1.611751,-0.836886
-1.008461,-1.800187,-0.834282
-1.026321,-0.864628,-0.953613
-1.028662,-2.948975,-0.936836
-1.015727,-1.628896,-0.879751
-1.028159,-2.268165,-0.943865
-1.008152,-1.134445,-0.842233
-1.015990,-1.757633,-0.879420
-1.034314,-1.818649,-0.986851
-1.023115,4.152851,1.472930
-0.923459,4.030867,1.537250
-0.846983,4.124462,1.447960
-1.098814,-0.513774,0.627938
-0.858063,-0.530704,0.816936
-1.129594,-0.501215,0.351301
-1.087991,-0.495942,0.184806
-1.121103,-0.526827,0.965545
-1.186056,-0.485107,0.012151
-1.039066,-0.535120,1.091279
-0.929133,-0.536727,1.028829
-0.963036,-0.537779,1.085664
-1.226375,-0.474306,-0.212968
-0.729245,-0.543229,1.002266
-1.176110,-0.503922,0.459988
-1.159916,-0.511375,0.626059
-1.058504,-0.519470,0.729089
-1.135279,-0.491042,0.109440
-1.267960,-0.470828,-0.259066
-1.053292,-0.526276,0.889584
-1.062155,-4.356361,-1.114180
-1.047733,-2.938672,-1.049736
-1.044129,-2.835972,-1.029938
-1.057272,-4.551543,-1.082445
-1.049059,-2.574280,-1.062928
-1.075003,-4.295792,-1.191025
-1.066326,-3.681099,-1.148758
-1.040994,-1.952014,-1.024388
-1.046801,-1.856962,-1.060117
-1.051947,-3.792080,-1.062115
-1.058444,-3.932361,-1.098469
-1.080379,-4.165253,-1.224729
-1.072578,-3.130095,-1.193809
-1.071217,-3.394321,-1.181883
-1.055811,-3.364338,-1.091246
-1.057376,-2.284714,-1.116351
-1.066212,-4.141034,-1.141325
-1.061042,-3.623169,-1.118371
-1.043174,-2.308447,-1.032041
-1.066483,-4.509695,-1.137516
-1.046925,-3.183115,-1.041370
-1.050635,-3.017436,-1.065736
-1.057265,-4.320307,-1.085796
-1.091198,-4.281687,-1.286981
-1.073938,-4.589323,-1.180418
-1.059190,-2.554267,-1.123119
2.087205,-1.344627,-1.528371
2.212277,-2.743584,-1.679322
1.974872,-2.133662,-1.569999
2.118018,-2.775753,-1.659682
2.197551,-3.038920,-1.701403
2.016838,-0.833818,-1.467377
2.236621,-0.616981,-1.500883
2.174075,-1.483782,-1.561094
2.034202,-2.678019,-1.631274
2.185803,-3.418077,-1.731455
2.104039,-1.167052,-1.516992
2.228990,-0.947870,-1.527733
2.148365,-0.820318,-1.497500
1.959006,-0.652115,-1.437876
1.997056,-2.374816,-1.596169
2.014977,-1.652446,-1.537853
2.141616,-2.968884,-1.682028
2.122921,-2.837306,-1.666181
2.218322,-0.858279,-1.517433
1.957809,-1.707660,-1.529034
1.939275,-1.585165,-1.514013
2.085908,-3.445816,-1.710091
1.952028,-0.804760,-1.449439
2.066504,-3.224927,-1.686338
-0.635288,-0.519995,1.298870
-0.734081,1.592018,1.505342
-0.591689,-0.097621,1.325088
-0.769262,2.083895,1.556324
-0.694432,1.270588,1.468062
-0.488270,-0.114306,1.299036
-0.753969,1.934789,1.539768
-0.555495,0.102053,1.333774
-0.811125,1.735383,1.536092
-0.736892,1.434022,1.492323
-0.530410,-0.183508,1.303067
-0.827989,4.582749,0.499598
-0.700118,4.585516,0.559092
-0.720121,4.576090,0.421186
-0.913893,-4.156842,0.786533
-1.082957,-4.609120,0.787576
-0.866921,-3.202127,0.858066
-0.858437,-2.869874,0.884831
-0.975478,-4.165151,0.800466
-0.738901,-2.280024,0.907490
-0.790747,-2.056300,0.939207
-0.929724,-3.624602,0.836409
-0.927243,-3.152689,0.876701
-0.791232,-1.940828,0.949326
-0.740057,-1.770519,0.951904
-0.976335,-4.437700,0.777059
-0.786245,-2.249215,0.921423
-0.792743,-3.859690,0.783452
-0.736691,-2.435705,0.893477
-1.051630,-3.936151,0.838423
-0.824363,-2.212897,0.933639
-0.836463,-4.673724,0.723333
-1.114002,-4.363978,0.816199
-0.851977,-3.737867,0.808098
-0.787372,-3.426523,0.819700
-0.794072,-4.274280,0.747851
-0.817033,-4.212541,0.758663
-0.940767,-3.375002,0.860659
-0.501318,4.419490,0.997630
-0.536463,4.441291,0.789532
-0.534635,4.396159,0.801001
-0.790483,1.284488,-0.665881
-0.541071,0.126283,0.825667
-0.656032,1.309588,0.128633
-0.747541,0.893578,-0.406263
-0.682179,2.487192,-0.043244
-0.791508,2.544254,-0.690444
-0.645762,0.456928,0.201875
-0.661322,-0.062730,0.117510
-0.824966,0.427376,-0.857154
-0.702035,2.201054,-0.156432
-0.680226,1.428481,-0.016149
-0.525305,0.367561,0.915330
-0.718279,1.839358,-0.247155
-0.654409,1.658241,0.133109
-0.830805,0.687930,-0.895500
-0.675111,1.937030,0.006620
-0.598769,0.230477,0.483021
-0.733752,0.712727,-0.322086
-0.707166,2.772014,-0.195155
-0.547335,0.266296,0.786575
-0.715988,2.640110,-0.245368
-0.641878,1.813233,0.204916
-0.797908,2.225153,-0.723593
-0.584859,0.404493,0.562704
-0.720920,1.308875,-0.254977
-0.787075,1.896911,-0.654725
-0.727025,2.605143,-0.310107
-0.783751,3.031145,-0.651731
-0.729131,1.400744,-0.304872
-0.641289,1.322705,0.215601
-0.652376,1.947039,0.140885
-0.635402,0.365420,0.264468
-0.668211,-0.015315,0.076087
-0.809303,-0.037259,-0.757730
-0.778669,1.986246,-0.606343
-0.790299,2.621028,-0.684418
-0.707152,1.705697,-0.179408
-0.623184,1.355789,0.322151
-0.811869,1.309708,-0.792685
-0.656279,1.207231,0.128677
-0.756992,2.292893,-0.482689
-0.667401,1.505953,0.058537
-0.615443,1.003964,0.373087
-0.649427,1.635817,0.162892
-0.764557,3.083657,-0.539027
-0.638186,0.872761,0.240557
-0.751285,2.176417,-0.447237
-0.649324,2.040884,0.157547
-0.766508,0.909537,-0.518631
-0.645120,0.630605,0.203117
-0.710739,1.151778,-0.192482
-0.776238,2.525367,-0.599886
-0.668921,1.146868,0.054822
-0.542488,0.072304,0.818084
-0.601046,1.300219,0.453850
-0.778063,2.447265,-0.609529
-0.600287,0.177063,0.474835
-0.570266,1.022132,0.639905
-0.817647,1.343833,-0.827347
-0.633259,1.179835,0.265176
-0.742064,0.533702,-0.368596
-0.534504,-0.037412,0.866892
-0.701112,0.868385,-0.131403
-0.732632,3.036486,-0.349594
-0.591992,1.226132,0.508464
-0.691429,1.802303,-0.087874
-0.808927,0.358400,-0.761319
-0.579381,0.875080,0.588179
-0.689107,0.117020,-0.049393
-0.692451,0.554376,-0.075585
-0.576748,0.720752,0.606013
-0.640446,0.808938,0.228132
-0.592800,0.147927,0.519525
-0.797885,0.025487,-0.691148
-0.777712,1.244641,-0.589790
-0.787945,2.126249,-0.663236
-0.746516,2.833396,-0.428693
-0.799861,0.772634,-0.713804
-0.562009,0.436134,0.697329
-0.511147,0.422564,0.998227
-0.740899,0.478353,-0.360895
-0.664022,1.101407,0.084454
-0.749325,2.718890,-0.443621
-0.719829,0.878160,-0.242203
-0.610325,0.270089,0.414122
-0.782976,1.059824,-0.618200
-0.760552,0.255223,-0.473809
-0.792366,2.820351,-0.699570
-0.703770,0.741717,-0.145258
-0.692847,0.385563,-0.075450
-0.729649,1.772844,-0.313398
-0.821618,0.675261,-0.841003
-0.626794,1.720288,0.295455
-0.674537,1.226851,0.020445
-0.763687,3.007048,-0.532760
-0.564143,0.542058,0.683157
-0.791429,0.123201,-0.654417
-0.667180,0.923076,0.068404
-0.825274,1.064333,-0.868330
-0.729531,1.259068,-0.305156
-0.755908,2.702188,-0.482292
-0.757846,3.169501,-0.500614
-0.575269,0.613726,0.616325
-0.603691,1.134293,0.440646
-0.792531,2.420128,-0.694669
-0.729317,2.920898,-0.328296
-0.636601,0.657487,0.253089
-0.747849,2.641788,-0.433757
-0.749632,1.807858,-0.432051
-0.702105,-0.013601,-0.124317
-0.754842,0.585135,-0.444898
-0.785372,0.601561,-0.625635
-0.745026,0.678042,-0.388230
-0.760288,1.349133,-0.488313
-0.588980,0.868023,0.531531
-0.694635,1.104128,-0.096572
-0.649021,0.003628,0.189263
-0.560698,0.657780,0.701824
-0.728087,2.062418,-0.308417
-0.487893,-0.026833,1.142308
-0.727421,-0.007546,-0.274079
-0.665112,0.787140,0.082627
-0.681072,1.944071,-0.028723
-0.788875,2.379951,-0.672461
-0.660051,0.221240,0.120859
-0.754433,1.835273,-0.460837
-0.676198,2.278617,-0.004821
-0.749964,-0.037235,-0.406919
-0.759637,2.144985,-0.496157
-0.629157,0.609701,0.297795
-0.596840,0.641036,0.488395
-0.776435,1.712335,-0.589111
-0.741718,3.268030,-0.406711
-0.681724,1.355541,-0.023936
-0.819824,0.772142,-0.831821
-0.803025,2.528191,-0.758296
-0.505442,-0.019532,1.038448
-0.745585,2.772536,-0.422293
-0.563499,0.766573,0.683667
-0.556027,-0.069855,0.740126
-0.611642,1.376028,0.390089
-0.771145,2.207536,-0.565108
-0.717019,1.981864,-0.241800
-0.580043,0.349296,0.591985
-0.649059,0.834423,0.176839
-0.650035,0.909239,0.169969
-0.592521,0.212200,0.520228
-0.700251,0.489753,-0.120753
-0.778042,0.001989,-0.573492
-0.733740,0.635395,-0.320881
-0.652675,0.578248,0.159223
-0.681394,0.163649,-0.004479
-0.494283,-0.026535,1.104523
-0.701244,1.161868,-0.136492
-0.706339,0.919945,-0.163064
-0.623351,0.757363,0.329953
-0.703868,1.870372,-0.162410
-0.809220,1.814662,-0.784441
-0.770157,2.823750,-0.568320
-0.723743,0.619924,-0.261549
-0.758743,3.283121,-0.507587
-0.769937,3.019855,-0.569900
-0.769752,0.289775,-0.528705
-0.756165,3.332911,-0.493075
-0.653989,1.764411,0.134030
-0.664567,0.532045,0.089592
-0.768223,1.464412,-0.536922
-0.677679,0.872084,0.007083
-0.655483,0.938016,0.137333
-0.776484,3.394189,-0.614102
-0.740141,1.180006,-0.366721
-0.776632,1.620367,-0.588922
-0.770949,2.544256,-0.568895
-0.730774,0.899475,-0.307224
-0.702462,2.482607,-0.163093
-0.817764,1.148665,-0.825170
-0.800891,0.685406,-0.718616
-0.737287,1.866804,-0.359937
-0.740177,1.495985,-0.371574
-0.735783,1.313811,-0.342920
-0.799053,2.800676,-0.738812
-0.694151,1.898525,-0.105381
-0.808691,2.087580,-0.785320
-0.792856,1.054454,-0.676527
-0.779657,2.816772,-0.624377
-0.687222,1.243293,-0.054788
-0.487516,-0.142022,1.146228
-0.753797,1.997261,-0.459457
-0.754485,1.066388,-0.449853
-0.775814,3.548231,-0.612405
-0.552450,0.644839,0.750776
-0.699028,0.218487,-0.109538
-1.124033,-3.634981,-1.226320
-1.144759,-2.120829,-1.090215
-1.105484,-4.052693,-1.266920
-1.088213,-2.008882,-1.093971
-1.202672,-2.555190,-1.114066
-1.269266,-2.672194,-1.108358
-1.192101,-3.394140,-1.189260
-1.188231,-1.968474,-1.066674
-1.110932,-3.778579,-1.241877
-1.300949,-4.292964,-1.241229
-1.210280,-2.386968,-1.097682
-1.394364,-3.864283,-1.181867
-1.100807,-3.699505,-1.237435
-1.201441,-4.257203,-1.261806
-1.095404,-1.752341,-1.070035
-1.120640,-1.639698,-1.054273
-1.097501,-4.399829,-1.298892
-1.238736,-2.482401,-1.099180
-1.127972,-2.513178,-1.128199
-1.212247,-3.180492,-1.165959
1.761896,-3.573932,-1.852987
1.789203,-1.785020,-1.717821
1.788532,-2.542791,-1.710660
1.781927,-2.702240,-1.747366
1.800411,-1.593618,-1.654371
1.816628,-0.946084,-1.568005
1.769822,-3.096205,-1.813148
1.800315,-0.901806,-1.665103
1.803604,-0.943596,-1.645042
1.828810,-1.109750,-1.493580
1.829485,-0.912058,-1.492495
1.838101,-0.649890,-1.445410
1.829701,-0.844227,-1.492212
1.772585,-3.190615,-1.795426
1.831748,-0.990776,-1.477957
1.807208,-1.682622,-1.612879
1.780148,-1.972523,-1.768605
1.764965,-2.908753,-1.844613
1.795708,-2.009831,-1.676063
1.800857,-2.012783,-1.645579
1.808854,-1.582053,-1.604626
1.802393,-1.864884,-1.638673
1.787651,-1.624454,-1.729357
1.800870,-1.771895,-1.649042
-0.616181,4.188096,0.321959
-0.475899,4.006807,1.153972
-0.597334,4.132165,0.434204
-0.476237,4.069002,1.151061
-0.463356,4.032449,1.227749
-0.694262,4.210296,-0.139987
-0.730923,-3.855122,0.836718
-0.725123,-4.062037,0.874044
-0.722350,-3.124029,0.876659
-0.698917,-1.364808,0.989360
-0.712761,-3.928663,0.945168
-0.732316,-4.245882,0.834216
-0.720782,-3.397645,0.889953
-0.724326,-3.243919,0.866743
-0.701837,-2.333771,0.986328
-0.715978,-3.030690,0.912964
-0.735423,-3.739415,0.808414
-0.743558,-4.709484,0.774563
-0.710508,-3.759193,0.956002
-0.727277,-4.474893,0.867376
-0.729943,-3.265397,0.833848
-0.728413,-3.961580,0.853119
-0.719981,-3.721240,0.899438
-0.728988,-3.667651,0.845403
-0.715166,-3.408986,0.923316
-0.722233,-3.871297,0.888326
-0.699769,-1.433210,0.985326
-0.726832,-4.270486,0.867002
-0.705955,-2.088824,0.958385
-0.735748,-3.503044,0.803018
-0.727353,-3.109535,0.846870
-0.877937,-2.105890,1.219213
-0.967364,-3.596226,1.111380
-0.929574,1.532787,1.546723
-0.895331,-2.682802,1.173373
-1.010803,-0.984627,1.347962
-0.848956,-4.391639,1.014301
-0.994575,-0.434383,1.391769
-1.021569,-2.444598,1.224044
-0.968673,3.116241,1.693202
-1.080043,-2.793283,1.207749
-1.007931,-3.941676,1.091105
-1.054845,-2.120677,1.260023
-0.790090,-2.803142,1.137909
-0.921144,1.156161,1.512089
-0.891934,0.333349,1.433858
-0.902356,-1.017475,1.319314
-0.965438,-4.090479,1.068104
-1.007969,0.485286,1.474628
-0.797639,-3.229840,1.102739
-0.949275,-4.224549,1.052644
-0.967569,-2.128043,1.238620
-0.871382,0.012028,1.401132
-0.996487,-0.556731,1.381625
-0.821314,-1.856910,1.227311
-1.008437,1.509050,1.563429
-0.984054,-2.542741,1.206616
-0.982070,2.693660,1.659780
-1.043011,-0.419458,1.404586
-0.912144,-1.202084,1.305650
-0.780249,-4.284947,1.007196
-0.944049,0.874726,1.493158
-0.914500,1.275919,1.520883
-0.926138,1.079827,1.506664
-0.833626,-4.570012,0.995201
-0.887831,-3.462495,1.104043
-0.853795,-0.665627,1.338241
-0.930589,-4.306355,1.041111
-0.990526,0.076043,1.435024
-0.802438,-3.451865,1.084647
-0.937194,0.427650,1.452796
-1.074684,-3.041335,1.184985
-0.838158,-1.701139,1.244813
-0.794752,-3.596484,1.070290
-0.932770,-2.504450,1.197731
-1.071388,-2.425468,1.237554
-0.672499,4.365370,-0.013603
-0.514411,4.200410,0.923445
-0.605212,4.272955,0.385562
-0.658280,4.306667,0.071323
-0.609627,4.210382,0.360377
-0.690618,4.272764,-0.119359
-0.576248,4.202807,0.557827
2.137504,-2.849015,0.356975
2.135980,-3.152328,0.352417
2.148608,-2.547220,0.418188
2.121410,-3.280361,0.268157
2.123510,-3.226253,0.279779
2.134205,-3.085974,0.340949
2.129256,-3.871284,0.323224
2.109116,-4.237998,0.209543
2.107090,-3.858715,0.191996
2.109241,-4.577275,0.215263
2.118025,-4.161460,0.261089
2.126022,-4.172293,0.308527
2.120959,-4.358881,0.281335
2.101038,-4.724369,0.168925
2.120333,-4.451587,0.278994
2.131679,-3.580130,0.333274
2.107229,-3.932330,0.193898
2.155617,-2.511977,0.459107
2.125583,-3.329157,0.293550
2.165888,-1.605039,0.506512
2.128210,-3.466537,0.311096
2.129642,-3.940572,0.326523
2.484660,-0.461787,-0.115264
2.531269,-0.253968,0.157236
2.588140,-0.300978,0.494152
2.423055,-0.255889,-0.482500
2.450130,-0.345990,-0.321109
2.542870,-0.582320,0.230642
2.445681,-0.474622,-0.345521
2.321636,-0.257578,-1.082067
2.411315,-0.413571,-0.549592
2.379964,-0.192811,-0.738180
2.314987,-0.254955,-1.121414
2.503588,-0.500150,-0.002800
2.546537,-0.403060,0.249692
2.544670,-0.502387,0.240112
2.369791,-0.300095,-0.796752
2.478886,-0.480110,-0.149132
2.526270,-0.303292,0.128405
2.346879,-0.188106,-0.933854
2.358930,-0.255637,-0.861612
2.417561,-0.297887,-0.514363
-0.703601,4.057622,-0.192958
-0.464546,3.973580,1.221581
-0.698676,4.169817,-0.165488
-0.573057,4.005635,0.579588
-0.602229,3.989074,0.407362
-0.648975,4.128473,0.128955
-0.660564,4.047971,0.061619
-0.626503,4.129117,0.261795
-0.709051,4.038993,-0.224903
-1.092358,-4.630208,-1.229991
-1.189228,-4.624785,-1.272296
-1.077576,-4.633424,-1.165532
2.104999,-4.722385,-1.942338
2.060711,-4.718856,-1.987180
-0.570852,1.194010,0.633918
-0.504226,1.991234,1.016105
-0.501639,2.956001,1.017230
-0.448887,0.972082,1.358237
-0.617405,3.051233,0.331415
-0.680884,3.329518,-0.047958
-0.566189,1.288260,0.660098
-0.515165,1.130495,0.964076
-0.700970,3.419582,-0.168034
-0.486003,1.860080,1.125766
-0.475493,0.720449,1.204636
-0.423395,2.778881,1.482409
-0.681942,2.569604,-0.043054
-0.487257,2.603699,1.107431
-0.440803,3.558474,1.368043
-0.471815,2.794660,1.195921
-0.637398,3.569211,0.205610
-0.583505,2.571703,0.538878
-0.571506,1.735931,0.622092
-0.641544,2.385122,0.198493
-0.573614,2.645819,0.596265
-0.574305,2.179675,0.599027
-0.650026,3.641088,0.129895
-0.733003,3.178058,-0.353866
-0.517301,1.264949,0.949471
-0.621743,3.331527,0.301653
-0.441852,2.657733,1.375072
-0.670783,3.665809,0.006818
-0.651679,2.382184,0.138612
-0.475218,2.331961,1.182597
-0.443569,2.123987,1.372762
-0.664785,3.255485,0.048303
-0.482421,1.387156,1.153888
-0.704316,2.985719,-0.181442
-0.652573,3.724605,0.113610
-0.639639,2.617432,0.206339
-0.667965,2.525555,0.040226
-0.478546,0.844650,1.184766
-0.463061,1.982646,1.259597
-0.444224,2.202252,1.367737
-0.424972,2.875960,1.471664
-0.545267,3.257225,0.754872
-0.547410,2.825705,0.748544
-0.494097,0.638383,1.095854
-0.639762,2.990173,0.200139
-0.533894,2.304080,0.836108
-0.559406,2.709817,0.679321
-0.591242,2.248796,0.497878
-0.592479,3.509051,0.472056
-0.545297,3.002614,0.758434
-0.638725,3.715450,0.195618
-0.471075,0.192269,1.238517
-0.671151,3.101223,0.012936
-0.535555,3.617973,0.806993
-0.633654,2.675273,0.240876
-0.544001,1.142368,0.793422
-0.502849,1.066965,1.037819
-0.505165,1.714141,1.014625
-0.641400,2.179047,0.202366
-0.456236,0.429948,1.322751
-0.580565,3.681270,0.539961
-0.480310,1.856761,1.159468
-0.647960,2.792024,0.154580
-0.487003,3.388829,1.097401
-0.605983,3.164923,0.397273
-0.404044,3.481948,1.586491
-0.605201,2.424654,0.412767
-0.517142,1.858230,0.941699
-0.585086,1.973460,0.538315
-0.611214,3.524408,0.361068
-0.588283,2.022195,0.518698
-0.534045,2.946571,0.825779
-0.686447,2.755026,-0.072413
-0.604395,1.826597,0.426317
-0.444769,2.397285,1.361650
-0.558202,1.442922,0.705048
-0.710811,2.963630,-0.219519
-0.588961,2.954203,0.501003
-0.575809,2.555915,0.584606
-0.471250,2.953664,1.196924
-0.712734,3.722024,-0.242025
-0.592459,2.582483,0.485784
-0.472230,2.663391,1.195393
-0.542330,3.658277,0.766345
-0.471846,0.863142,1.224105
-0.492203,1.102901,1.100234
-0.495901,0.444870,1.088034
-0.475718,1.916066,1.185747
-0.648960,2.302480,0.155862
-0.451920,1.863890,1.327212
-0.443480,2.316804,1.370455
-0.529641,2.920447,0.852203
-0.517994,1.377653,0.943722
-0.481798,1.134185,1.161289
-0.440489,1.860027,1.394845
-0.470510,1.552512,1.221876
-0.505464,2.367613,1.003255
-0.403270,3.651619,1.588571
-0.501445,2.229411,1.029049
-0.593417,1.493809,0.496108
-0.548214,1.811100,0.758693
-0.460454,0.624835,1.294954
-0.533829,1.280221,0.851534
-0.723637,3.560460,-0.304111
-0.515826,2.641130,0.937981
-0.506782,3.655668,0.976550
-0.596653,3.658557,0.445184
-0.699967,3.747281,-0.166915
-0.589299,2.891019,0.499935
-0.457408,0.222742,1.318865
-0.521390,1.608346,0.920251
-0.629661,3.283133,0.255553
-0.578439,3.486864,0.555390
-0.598591,2.982656,0.443654
-0.519300,3.117241,0.910447
-0.452145,3.115493,1.307496
-0.584560,3.103977,0.524825
-0.490342,2.038270,1.097498
-0.472247,3.048543,1.189635
-0.609366,3.295115,0.375364
-0.606856,3.447460,0.387965
-0.600528,2.225456,0.443326
-0.455741,3.508195,1.280470
-0.498491,3.500604,1.027844
-0.519540,3.302107,0.906313
-0.505318,3.457695,0.988110
-0.602741,3.037558,0.418311
-0.612346,2.293779,0.372449
-0.597614,3.567555,0.440840
-0.499922,1.674161,1.046204
-0.414707,3.181531,1.527861
-0.659870,2.546657,0.087771
-0.610344,2.714828,0.378105
-0.488806,1.372437,1.116356
-0.530836,2.084851,0.857409
-0.515252,1.565432,0.957174
-0.584534,1.909596,0.542517
-0.537316,1.576793,0.826560
-0.544544,2.918959,0.764118
-0.466400,2.264912,1.235714
-0.452812,1.569623,1.326260
-0.681228,2.875718,-0.043330
-0.746365,3.375519,-0.435760
-0.632503,3.746946,0.231940
-0.579287,3.104530,0.555989
-0.579036,2.943686,0.559836
-0.502793,0.528752,1.046054
-0.516055,0.663550,0.965668
-0.496250,2.522037,1.055461
-0.494100,0.926359,1.091608
-0.557919,1.682232,0.703209
-0.570903,3.135847,0.605094
-0.442976,2.050566,1.377343
-0.456857,0.355581,1.320173
-0.488866,0.964570,1.121989
-0.516772,2.867165,0.929067
-0.499986,1.554913,1.047579
-0.438606,2.764072,1.392702
-0.456380,2.250829,1.295161
-0.522901,0.605523,0.926047
-0.602099,2.345486,0.432270
-0.585866,2.734535,0.522527
-0.446653,3.614284,1.332641
-0.443243,1.121935,1.389406
-0.487156,2.885962,1.103882
-0.566388,3.369246,0.628361
-0.523782,2.767142,0.889091
-0.650288,3.567157,0.129432
-0.572577,2.307893,0.607359
-0.646715,3.199130,0.155965
-0.528562,3.690973,0.847267
-0.530076,3.242866,0.844894
-0.451447,1.811846,1.330768
-0.524241,0.841000,0.914666
-0.576559,1.660024,0.593336
-0.431806,2.743925,1.433198
-0.664164,2.633562,0.061113
-0.626809,2.647176,0.281754
-0.607363,1.710526,0.410480
-0.539574,2.654360,0.797387
-0.502789,2.634028,1.015156
-0.500129,1.272769,1.050878
-0.566358,1.948345,0.649406
-0.496937,0.394645,1.082645
-0.500605,3.336888,1.017746
-0.567687,2.814147,0.628833
-0.573445,3.627247,0.582852
-0.504582,1.927625,1.014937
-0.716028,3.304663,-0.255367
-0.447452,1.290649,1.362043
-0.497407,0.848352,1.073203
-1.045548,0.992813,1.395014
-1.019240,1.865312,1.537732
-1.061519,0.040074,1.314587
-0.984540,3.500701,1.718862
-1.072767,-0.231114,1.252074
-1.130556,-3.009221,0.951221
-1.018091,2.094511,1.541162
-1.095998,-0.931587,1.125014
-1.073552,-0.402176,1.249943
-1.071060,-0.546383,1.266795
-1.090128,-1.074170,1.161814
-1.136590,-3.288741,0.919656
-1.087737,-1.205157,1.177876
-1.114346,-2.410807,1.038266
-1.088962,-0.710588,1.163368
-1.011486,2.341372,1.576588
-1.000244,2.891634,1.634964
-1.091864,-0.880733,1.148710
-1.044688,0.700198,1.404398
-1.058273,0.606637,1.325458
-1.094085,-1.345695,1.142410
-1.076665,-0.515095,1.233198
-1.064439,0.323079,1.293170
-1.111661,-1.754208,1.044501
-1.064314,-0.144259,1.300770
1.796756,-4.439545,-1.727383
1.840741,-2.658056,-1.583515
1.889289,-2.155822,-1.551557
1.918201,-2.763515,-1.611081
1.965457,-2.686233,-1.615629
2.096306,-3.898332,-1.751767
1.856031,-2.441879,-1.568426
1.949435,-4.414784,-1.761564
1.956087,-2.303599,-1.580252
1.898265,-1.844089,-1.526686
1.920584,-2.215660,-1.564186
2.056160,-4.117441,-1.761197
2.077511,-4.635951,-1.811196
1.946017,-3.841024,-1.711045
1.840297,-3.459954,-1.652879
1.941621,-3.654201,-1.693814
2.006204,-4.415312,-1.775116
2.056165,-3.953278,-1.746976
2.122713,-3.996589,-1.766562
1.855595,-2.997587,-1.616463
-0.968587,4.588132,0.673067
-0.871150,4.582775,0.666382
-1.076914,4.567520,0.851945
-1.068658,-1.716550,1.298184
-1.068852,-0.986636,1.286316
-1.086404,-2.442271,1.203922
-1.057066,-0.712169,1.351959
-1.085052,-1.731240,1.201471
-1.028936,1.256805,1.489350
-1.129643,-3.317296,0.961145
-1.136464,-4.660440,0.940547
-1.122587,-4.216994,1.016074
-1.061120,-0.429272,1.323841
-1.114277,-4.160130,1.064369
-1.117566,-4.088953,1.043880
-1.049568,-0.156991,1.388134
-1.011732,1.894838,1.581686
-1.058664,-0.959903,1.346150
-1.109818,-3.438604,1.080131
-1.111413,-4.020970,1.079257
-1.131272,-4.542744,0.969512
-1.114094,-2.953795,1.047730
-1.049241,-0.277851,1.391845
-1.031872,0.811780,1.478527
-1.060894,-1.135278,1.335543
-1.073628,-1.027764,1.258682
-1.122238,-3.457416,1.006984
-1.039321,0.300241,1.441999
-1.096639,-3.313611,1.156214
-1.107403,-2.935837,1.087025
-1.052629,-0.236033,1.371202
-1.086797,-2.578801,1.203608
-1.130561,-4.041320,0.966354
-1.097200,-3.112889,1.149948
-1.049799,0.198512,1.381548
-1.000327,2.530428,1.639779
-1.031152,0.664747,1.484946
-1.077191,-1.076633,1.238334
-1.118817,-3.650685,1.030042
-1.118488,-3.409242,1.028444
-1.128880,-3.526440,0.968728
-1.138474,-4.266898,0.922880
-0.999829,2.480629,1.643456
-1.091806,-1.572212,1.159210
-1.101714,-3.058099,1.122452
-1.081902,-2.489121,1.231230
-1.145886,-4.271890,0.879136
-1.083846,-1.990167,1.212407
-1.121777,-4.632077,1.026957
-1.148433,-4.355795,0.865309
-1.151400,-4.591883,0.851239
-1.072930,-1.496336,1.269689
-1.146440,-4.714368,0.882361
-1.124203,-3.194521,0.991504
-1.100020,-2.582371,1.125485
-0.620249,2.642156,1.569233
-0.779821,2.684130,1.610835
-0.572832,2.338557,1.531651
-0.533034,1.503271,1.449820
-0.490221,3.553842,1.617277
-0.806022,3.292602,1.669782
-0.779798,2.269716,1.574929
-0.425618,2.296183,1.492954
-0.580148,3.343609,1.620460
-0.507338,3.485112,1.615396
-0.483792,1.310488,1.421403
-0.649249,2.028507,1.522972
-0.594794,1.748956,1.485798
-0.456076,3.030594,1.563824
-0.435601,1.677620,1.441742
-0.763994,3.588132,1.685385
-0.574395,3.050154,1.593669
-0.870651,3.263338,1.682623
-0.471041,0.635320,1.359878
-0.456006,3.614509,1.614392
-0.453802,2.078660,1.480815
-0.720570,3.533614,1.670330
-0.509440,0.944432,1.395793
-0.699796,1.757781,1.511545
-0.572401,3.568114,1.638066
-0.799762,2.620392,1.610058
-0.853678,3.461950,1.695791
-0.565412,1.598172,1.465744
-0.544960,4.547826,0.737732
2.525478,-2.803252,0.160438
2.504033,-3.511951,0.044067
2.513824,-3.183080,0.097125
2.521809,-4.363936,0.161671
2.511672,-4.242888,0.099962
2.513429,-4.417027,0.112909
2.531700,-2.541590,0.193385
2.493776,-4.283968,-0.005236
2.503868,-4.425060,0.056505
2.525425,-2.399536,0.154202
2.497813,-3.744119,0.010702
2.523128,-4.661399,0.173837
2.510174,-3.552720,0.080973
2.525205,-3.067234,0.162706
2.502168,-4.616994,0.049270
2.507757,-3.141152,0.060639
2.542748,-1.250689,0.239740
2.498213,-4.029311,0.017257
2.528630,-3.289569,0.186218
2.504842,-4.166531,0.058463
2.512402,-4.495354,0.107989
2.504472,-3.572672,0.047555
-0.691700,-3.021760,1.056365
-0.673746,-0.887432,1.131164
-0.680485,-1.281192,1.097101
-0.660717,-0.887668,1.208192
-0.678183,-1.068084,1.107581
-0.648886,-0.748460,1.276096
-0.674193,-2.165230,1.147284
-0.684182,-1.604271,1.079993
-0.681972,-1.121287,1.085965
-0.664650,-1.059024,1.187458
-0.685322,-0.963111,1.063838
-0.681091,-1.789510,1.100987
-0.651637,-0.844106,1.261233
-0.655092,-1.031792,1.243566
-0.707241,-3.885707,0.977175
-0.669140,-1.597674,1.168826
-0.670855,-1.686426,1.159991
-0.673811,-0.589893,1.126410
-0.707431,-3.961267,0.977162
-0.656570,-1.195580,1.237230
-0.656626,-0.667342,1.229144
-0.683556,-2.271992,1.093498
-0.698082,-2.885574,1.016631
-0.682095,-0.891301,1.081860
-0.687029,-2.850289,1.081461
-1.115683,4.373453,0.930723
-1.217590,4.419523,0.327569
-1.147686,4.389865,0.741280
-1.191243,4.418646,0.483347
-1.446668,-1.377374,-0.941611
-1.406816,0.515367,-0.733802
-1.390489,-0.081698,-0.628506
-1.386738,1.662045,-0.631943
-1.432866,-0.773026,-0.868887
-1.365704,3.471708,-0.534169
-1.430444,-0.632026,-0.856640
-1.395240,-0.387426,-0.652104
-1.409130,0.556990,-0.748095
-1.418730,-0.832778,-0.784438
-1.420864,0.235638,-0.812744
-1.449475,-1.495742,-0.956469
-1.393699,1.418287,-0.669515
-1.409851,-0.091047,-0.742837
-1.401493,0.254852,-0.698506
-1.437230,-1.548848,-0.883294
-1.416101,-0.586514,-0.772514
-1.370554,2.719082,-0.551789
-1.431387,-0.328448,-0.866676
-1.450999,-1.855040,-0.960201
-1.412887,0.158207,-0.764448
-1.438504,-1.782945,-0.887389
-1.378150,1.683758,-0.581488
-1.401096,-0.155290,-0.690137
-1.483252,-3.578637,-1.125565
-1.476072,-3.246886,-1.087991
-1.415464,0.267258,-0.781284
-1.425193,-1.417849,-0.814055
-1.455632,-2.782550,-0.973966
-1.421995,-0.407993,-0.809980
-1.382893,1.471874,-0.606419
-1.394218,1.086591,-0.667716
-1.457538,-1.954447,-0.997397
-1.388058,2.143554,-0.646816
-1.377500,1.859256,-0.580225
-1.396458,1.350207,-0.684825
-1.449077,-2.095186,-0.945308
-1.465502,-2.930140,-1.030155
-1.374604,2.926149,-0.578773
-1.408682,-0.887196,-0.724234
-1.404655,-0.035129,-0.712941
-1.427058,-0.232388,-0.842490
-1.424023,-1.159376,-0.810932
-1.461401,-2.446403,-1.013012
-1.410823,-1.125875,-0.733386
-1.365079,3.562375,-0.531802
-1.399890,1.244564,-0.703568
-1.415874,-0.231891,-0.776380
-1.390965,-3.146870,-0.856967
-1.384055,-4.516764,-0.977287
-1.279058,-3.681596,-0.929916
-1.412834,-3.844243,-0.912178
-1.260465,-3.088589,-0.882967
-1.288088,-3.429597,-0.905937
-1.350940,-4.025099,-0.942572
-1.303733,-1.651131,-0.748143
-1.430861,-3.640588,-0.890246
-1.251612,-2.891458,-0.867995
-1.251168,-3.746572,-0.942181
-1.223547,-4.546055,-1.018013
-1.321801,-3.585764,-0.911445
-1.295919,-2.462128,-0.820260
-1.236264,-3.843652,-0.954137
-1.430754,-2.947303,-0.830211
-1.352774,-3.380356,-0.886281
-1.253037,-3.979680,-0.961931
-1.420338,-4.551739,-0.971684
-1.178660,-3.169712,-0.909458
-1.406357,-2.632052,-0.808705
-1.411157,-2.746949,-0.817517
-1.096603,-4.628020,-1.055316
-1.158617,-4.485931,-1.028252
-1.359418,-0.841353,-0.664743
-1.265483,-2.611873,-0.840474
-0.679092,3.961165,-0.046646
-0.412220,3.798717,1.533499
-0.482828,3.944406,1.113925
-0.535758,3.817092,0.802868
-0.449420,3.927921,1.311678
-0.480217,3.882108,1.130275
-0.470582,3.926693,1.186584
-0.447235,3.803750,1.326419
-0.419151,3.819545,1.492216
-0.701482,3.983450,-0.179344
-0.530059,3.930892,0.834889
-0.516136,3.798911,0.919145
-1.119738,-4.717957,0.926652
-0.923786,-4.727243,0.971336
-0.766589,4.395560,-0.076860
-1.093894,4.449145,0.087494
-1.132966,4.476255,0.147187
-1.054155,4.527174,0.964745
-0.946900,4.518653,0.952951
-1.089484,4.499443,1.046099
-0.807402,-4.722119,0.739460
-0.741246,-4.730596,0.884297
-1.046106,4.420867,1.172847
-1.046742,4.459640,1.114252
-1.319791,2.546029,-0.644275
-1.455296,-3.618729,-1.146097
-1.236853,-1.530158,-1.017133
-1.082414,-0.037697,-0.924584
-1.269545,1.853464,-0.716228
-1.426780,-1.994987,-1.012214
-1.334670,-1.425407,-0.984786
-1.305965,0.625667,-0.813928
-1.177203,0.666693,-0.841009
-1.160585,0.131761,-0.891305
-1.115042,-0.354853,-0.944297
-1.380948,-2.760163,-1.089407
-1.224003,1.083277,-0.793785
-1.251139,1.294771,-0.769007
-1.314652,1.931847,-0.698705
-1.280674,-2.350276,-1.077756
-1.191234,1.591721,-0.757535
-1.289930,0.691757,-0.812018
-1.327154,1.607717,-0.723811
-1.238753,1.750491,-0.732474
-1.277789,2.398949,-0.667010
-1.375347,-1.601138,-0.990332
-1.335531,-2.844856,-1.107550
-1.084925,0.049315,-0.916449
-1.198552,-0.963125,-0.977123
-1.180633,-0.423609,-0.934648
-1.239424,-0.312693,-0.911051
-1.226756,-0.381726,-0.920046
-1.287021,-1.021839,-0.961161
-1.094359,-0.491827,-0.961084
-1.257465,0.116967,-0.869537
-1.167655,-1.456697,-1.027233
-1.328332,-1.311622,-0.976437
-1.392313,-2.139505,-1.032935
-1.327225,-2.221013,-1.055482
-1.372536,-2.923708,-1.105577
-1.306764,-0.027653,-0.870336
-1.138322,-0.797664,-0.977119
-1.364989,2.795306,-0.611926
-1.388315,-3.547555,-1.155867
-1.252000,-1.869914,-1.042963
-1.084186,0.100455,-0.912194
-1.346068,-0.201926,-0.876082
-1.320766,-2.112464,-1.047615
-1.330149,-1.050212,-0.953358
-1.308701,-1.380103,-0.987040
-0.879139,4.552222,0.309360
-0.762968,4.562570,0.328300
-0.693314,4.511962,0.144613
-0.820627,3.977888,1.549755
-0.759686,4.034664,1.491720
-0.445356,3.953190,1.470021
-1.029178,-3.045900,0.910205
-1.121410,-4.278111,0.825401
-1.042059,-1.313866,1.063318
-1.098328,-4.156037,0.830484
-0.939838,-1.554493,1.018151
-1.128929,-3.354654,0.907190
-0.936125,-1.221999,1.046072
-0.960014,-2.300298,0.958341
-0.947927,-0.917693,1.075243
-0.917139,-1.821082,0.989655
-0.986553,-1.529683,1.031415
-1.005679,-1.178496,1.066389
-1.044228,-3.146624,0.905059
-1.135022,-4.089961,0.844939
-0.972110,-2.940055,0.905796
-1.129183,-3.678808,0.879168
-1.123524,-4.204781,0.832256
-0.744336,-0.814257,1.035764
-1.018449,-3.409027,0.876194
-0.809007,-1.224076,1.015648
-0.877891,-1.234423,1.031141
-0.973091,-1.670193,1.016040
-1.099797,-1.208320,1.086198
-1.062734,-2.732652,0.945325
-1.431650,-2.808930,-0.831797
-1.470421,-4.019094,-1.043241
-1.455558,-3.521118,-0.962684
-1.469536,-4.136141,-1.036291
-1.467976,-3.503142,-1.036361
-1.414196,-1.425343,-0.748931
-1.499310,-4.574683,-1.205871
-1.417444,-1.905996,-0.761077
-1.457912,-3.114394,-0.982574
-1.476256,-4.112477,-1.076366
-1.479733,-4.411593,-1.092531
-1.444365,-2.634925,-0.909524
-1.476724,-4.268935,-1.076834
-1.400742,-0.896189,-0.677164
-1.469919,-3.928605,-1.041603
-1.466210,-4.199714,-1.015693
-1.456135,-3.631533,-0.964476
-1.440048,-3.343369,-0.873598
-1.454006,-4.074553,-0.945379
-1.435857,-2.862874,-0.855878
-1.449789,-2.870106,-0.938137
-1.479103,-4.578120,-1.086360
-0.792417,4.274981,1.290220
-1.027982,4.308916,1.318661
-0.841641,4.303007,1.274557
-0.787019,4.307514,1.255262
2.223629,-1.632964,-1.641290
2.208990,-2.813026,-1.710505
2.236285,-0.976811,-1.576105
2.194227,-3.797852,-1.783322
2.211128,-1.858858,-1.711881
2.215111,-2.602924,-1.677406
2.216680,-0.387296,-1.700670
2.219281,-1.378621,-1.670730
2.218934,-1.295617,-1.674000
2.205333,-2.930297,-1.730405
2.200668,-3.523596,-1.749269
2.192890,-3.967687,-1.788729
2.222869,-1.776469,-1.643675
2.215490,-0.719661,-1.702825
2.200821,-3.106102,-1.754496
2.222567,-2.146301,-1.640028
2.214883,-2.170521,-1.685103
2.217194,-0.860965,-1.690670
2.202902,-2.554226,-1.750296
2.214277,-2.349357,-1.686057
2.224693,-0.403817,-1.653054
2.225743,-1.014385,-1.637875
2.219441,-0.679267,-1.680059
2.572269,-1.097585,0.412022
2.533849,-4.055969,0.228331
2.568815,-0.963725,0.389637
2.545961,-2.368316,0.275150
2.547575,-1.543992,0.272585
2.572463,-0.772340,0.408390
2.569569,-0.629843,0.389188
2.547495,-1.008560,0.264250
2.553744,-1.571041,0.309456
2.543310,-2.766016,0.265318
2.555181,-2.193515,0.327093
2.541589,-1.918015,0.242688
2.548178,-2.521240,0.290501
2.564835,-1.799610,0.378383
2.542417,-3.570594,0.271855
2.566088,-2.037744,0.389285
2.545433,-1.677348,0.261879
2.538991,-3.821245,0.255281
2.547311,-1.788133,0.274609
2.561644,-2.016650,0.362705
2.542969,-3.322994,0.271481
2.534148,-3.083373,0.215811
2.544024,-1.466091,0.250444
2.539065,-2.900281,0.242194
2.542544,-3.256055,0.267987
1.860527,-0.178835,-1.637003
1.476585,-0.298135,-1.555990
1.106334,-0.235393,-1.462463
1.808383,-0.414268,-1.644992
1.668721,-0.493119,-1.618594
1.712219,-0.215467,-1.604890
1.385361,-0.328789,-1.536941
0.217277,-0.104773,-1.239620
1.765882,-0.297401,-1.624756
1.780979,-0.237907,-1.623194
0.333100,-0.168695,-1.272715
0.012006,-0.133716,-1.193290
0.197242,-0.230884,-1.245779
-0.258176,-0.127190,-1.128442
1.563325,-0.356968,-1.581724
0.808095,-0.312671,-1.398200
1.708093,-0.434413,-1.622876
-1.022861,4.582619,0.466546
-1.159100,4.592392,0.584010
-0.985746,4.584349,0.496994
-1.121574,4.254666,0.897641
-1.130387,4.280636,0.845154
-1.146405,4.254150,0.750843
-1.194216,4.284881,0.467735
-0.271382,-0.132861,0.445624
1.394289,-0.131570,-1.123196
1.201756,-0.118882,-1.253684
0.897370,-0.124873,-0.827196
0.629669,-0.105772,-1.044059
-0.328489,-0.123014,0.259151
-0.199301,-0.132672,0.374495
0.578237,-0.097207,-1.204623
-0.363014,-0.119604,0.208192
0.280022,-0.115060,-0.495717
0.797373,-0.116887,-0.928882
0.062169,-0.118856,-0.202416
-0.029197,-0.140649,0.411251
0.032030,-0.094092,-0.776104
1.555397,-0.133675,-1.220774
0.868079,-0.101189,-1.375431
-0.107630,-0.122404,0.040480
-0.311114,-0.127064,0.341505
0.230048,-0.102987,-0.742825
0.000627,-0.143051,0.442061
-0.313689,-0.146404,0.813631
-0.343745,-0.116430,0.113326
-0.622833,-0.105772,0.112058
0.219685,-0.123605,-0.232465
-0.539983,-0.123052,0.455303
0.048404,-0.154821,0.683839
-0.402419,-0.142721,0.806069
1.572386,-0.122470,-1.508623
1.320851,-0.135165,-0.968106
1.451886,-0.127802,-1.267879
0.491239,-0.137927,-0.135246
1.755806,-0.128754,-1.525302
0.815623,-0.149137,-0.162374
0.337059,-0.089807,-1.161738
-0.399082,-0.093117,-0.401848
1.430046,-0.124730,-1.322359
1.734249,-0.130100,-1.472714
0.512160,-0.104504,-0.966388
-0.095334,-0.109930,-0.273850
0.416803,-0.141635,0.023518
-0.069219,-0.151917,0.721875
1.397799,-0.116255,-1.498443
-0.507984,-0.139294,0.820265
-0.630791,-0.073553,-0.663187
-0.559464,-0.078516,-0.608480
0.382911,-0.115498,-0.580042
-0.158091,-0.140015,0.514822
1.624976,-0.123078,-1.542408
0.832194,-0.123194,-0.807826
0.005431,-0.084210,-0.991592
-0.405376,-0.090504,-0.459526
1.108055,-0.123844,-1.046654
-0.587605,-0.069987,-0.789659
0.725796,-0.098521,-1.308910
-0.399788,-0.068410,-1.001331
0.028301,-0.090544,-0.858843
0.565256,-0.105622,-0.988240
1.337910,-0.123033,-1.278531
0.378292,-0.105599,-0.816234
0.862533,-0.143938,-0.331962
1.077850,-0.125122,-0.987745
1.444045,-0.134746,-1.091991
1.109336,-0.130648,-0.882587
0.464461,-0.110086,-0.786778
0.199740,-0.130691,-0.041951
-0.143523,-0.078742,-0.986901
-0.511523,-0.100298,-0.123649
-0.194382,-0.099134,-0.444653
0.308501,-0.124341,-0.296573
1.481032,-0.124544,-1.373940
-0.067481,-0.137732,0.375739
0.596541,-0.135758,-0.285133
-0.247859,-0.076503,-0.944988
0.553837,-0.116817,-0.705770
0.169905,-0.096650,-0.841229
1.196417,-0.115327,-1.335092
0.178247,-0.142679,0.269068
-0.245513,-0.138567,0.560346
0.009110,-0.117512,-0.186094
0.225757,-0.142802,0.228222
-0.670416,-0.090770,-0.208418
0.324394,-0.137915,0.018457
0.944423,-0.139647,-0.511777
0.997918,-0.146374,-0.397769
0.951309,-0.116314,-1.084869
1.478344,-0.133359,-1.157338
1.814089,-0.129097,-1.570758
-0.682680,-0.077850,-0.510920
-0.310309,-0.138309,0.613900
-0.485802,-0.131129,0.601469
-0.038756,-0.109189,-0.344081
1.105320,-0.137380,-0.715363
0.636484,-0.120471,-0.693312
0.654571,-0.114966,-0.843718
0.231437,-0.152186,0.450893
-0.418931,-0.087134,-0.528860
1.739882,-0.140890,-1.215824
-0.273891,-0.080008,-0.835838
0.989280,-0.108230,-1.316282
-0.485767,-0.082700,-0.574882
-0.321858,-0.158830,1.122996
-0.686596,-0.060443,-0.930105
1.591161,-0.126968,-1.416706
1.239027,-0.144891,-0.656323
0.455779,-0.148849,0.162766
1.259477,-0.141078,-0.767836
-0.492723,-0.068986,-0.901554
-0.269418,-0.117241,0.064418
0.518229,-0.101400,-1.047374
-0.475702,-0.135629,0.701464
0.012831,-0.146934,0.525120
-0.349760,-0.093068,-0.448585
-0.523448,-0.090944,-0.339836
0.587900,-0.145895,-0.030940
-0.560950,-0.129876,0.640406
-0.527096,-0.103539,-0.030547
0.147028,-0.136176,0.139942
0.470935,-0.142571,-0.003702
-0.642579,-0.089614,-0.262179
-0.101014,-0.087109,-0.822913
0.826320,-0.115965,-0.977994
0.511328,-0.140349,-0.094958
1.977542,-0.134176,-1.598261
1.107011,-0.118159,-1.183774
0.233441,-0.118669,-0.365062
-0.357852,-0.102097,-0.221796
0.959151,-0.119443,-1.016116
0.112851,-0.141647,0.304382
0.295469,-0.097294,-0.941509
-0.152816,-0.076915,-1.022714
-0.396974,-0.073410,-0.882481
0.671886,-0.103537,-1.137302
-0.602023,-0.108081,0.148941
-0.013491,-0.153092,0.698985
-0.613187,-0.063967,-0.912262
-0.440683,-0.102389,-0.138251
0.514409,-0.095302,-1.191975
0.533946,-0.112979,-0.780651
0.509333,-0.116357,-0.675882
0.015577,-0.122462,-0.071826
-0.302992,-0.153860,0.984861
-0.313487,-0.104833,-0.196298
-0.548552,-0.120771,0.407801
-0.165383,-0.089628,-0.702325
-0.025644,-0.090633,-0.806887
1.653452,-0.139090,-1.179764
0.893771,-0.121046,-0.916834
-0.139633,-0.097299,-0.539763
0.459788,-0.117395,-0.604917
-0.558796,-0.061637,-1.019071
0.939031,-0.134552,-0.630546
-0.649756,-0.060139,-0.971484
0.145690,-0.147896,0.425847
0.843297,-0.140073,-0.408078
-0.061951,-0.081620,-0.992299
0.383173,-0.133612,-0.140315
-0.402045,-0.154844,1.100183
1.117693,-0.156563,-0.260836
2.186255,-0.180874,-0.656660
1.919239,-0.194863,-0.070403
1.403916,-0.175331,-0.069166
-0.195177,-0.164548,1.144937
-0.131585,-0.158891,0.948848
0.543494,-0.180673,0.854802
2.132256,-0.162145,-1.061721
2.253003,-0.213237,0.067822
0.848333,-0.189194,0.780387
1.470762,-0.206854,0.634822
1.816634,-0.197870,0.097354
2.275598,-0.161430,-1.211391
0.834791,-0.155429,-0.027253
2.117936,-0.200320,-0.121259
1.039281,-0.197150,0.797385
1.158238,-0.166086,-0.066949
1.945476,-0.201777,0.073321
1.070926,-0.192780,0.662037
2.073829,-0.149849,-1.306461
0.679654,-0.171204,0.499118
-0.078994,-0.163180,1.004488
2.362009,-0.222209,0.185120
1.886225,-0.183148,-0.324484
0.957898,-0.163322,0.050832
1.344517,-0.154845,-0.511917
1.349080,-0.149082,-0.656109
0.802109,-0.168868,0.329350
2.319354,-0.203361,-0.233306
2.370191,-0.229167,0.346585
1.601988,-0.190315,0.111977
1.357998,-0.206554,0.731621
0.979127,-0.162646,0.014821
2.039284,-0.196529,-0.140738
1.876924,-0.189759,-0.155315
1.536735,-0.161371,-0.530846
1.093180,-0.168463,0.050841
-0.399084,-0.160621,1.237785
1.312224,-0.202764,0.681816
1.443710,-0.146328,-0.810367
2.000790,-0.148874,-1.262710
1.835834,-0.176874,-0.430349
1.541410,-0.168025,-0.373521
2.160275,-0.175031,-0.774589
1.627685,-0.192818,0.149032
-0.077770,-0.167049,1.097324
1.259649,-0.183937,0.273047
2.024894,-0.168731,-0.802654
1.651139,-0.163000,-0.596862
2.536819,-0.243792,0.548012
0.785486,-0.173602,0.459674
1.664090,-0.205645,0.427010
1.980607,-0.217743,0.428709
1.264765,-0.186640,0.333971
1.184900,-0.182771,0.313706
0.601174,-0.173221,0.620538
2.032495,-0.215997,0.338394
1.780129,-0.164976,-0.667932
1.977358,-0.214935,0.363498
2.090986,-0.152970,-1.246478
2.139022,-0.211253,0.124847
0.875596,-0.169758,0.283136
1.263177,-0.165182,-0.185773
1.444454,-0.178987,-0.017765
1.795794,-0.155344,-0.916339
2.391961,-0.237716,0.534143
2.103950,-0.215868,0.269301
2.066019,-0.175551,-0.674965
0.656468,-0.177719,0.678761
0.272054,-0.157100,0.532779
0.623927,-0.164717,0.392986
2.159494,-0.158691,-1.170757
0.737166,-0.189396,0.887913
2.111623,-0.144765,-1.464835
0.681114,-0.185999,0.857144
2.467397,-0.221589,0.072788
1.103073,-0.184765,0.437682
1.327430,-0.163104,-0.295558
1.437363,-0.210914,0.764261
1.197698,-0.160261,-0.244848
1.721814,-0.203727,0.327144
1.632786,-0.165143,-0.527873
1.404087,-0.203727,0.620410
1.826487,-0.187707,-0.158613
1.940944,-0.145593,-1.287180
1.882251,-0.214768,0.447232
1.636058,-0.200777,0.334625
2.282879,-0.210789,-0.019223
2.127515,-0.176378,-0.711631
1.576209,-0.192313,0.184299
2.253565,-0.171609,-0.943810
0.152135,-0.159072,0.691364
0.324011,-0.154111,0.412212
1.979111,-0.145426,-1.326455
2.231843,-0.179247,-0.738256
0.929907,-0.197752,0.912965
0.665237,-0.176086,0.630998
2.256811,-0.234611,0.583462
1.046995,-0.171737,0.172984
1.492906,-0.166964,-0.354523
0.763600,-0.193657,0.967012
0.760680,-0.154047,0.007597
0.278687,-0.167883,0.788553
0.585144,-0.156979,0.240829
2.046781,-0.155881,-1.134979
1.673761,-0.148069,-0.980407
1.817656,-0.162868,-0.753785
2.210728,-0.223923,0.366395
0.824472,-0.160728,0.110983
1.266671,-0.167822,-0.124863
1.356311,-0.190275,0.337758
1.735609,-0.221523,0.746649
1.979025,-0.194525,-0.133796
1.740860,-0.149107,-1.017140
2.332797,-0.172040,-1.006490
1.577971,-0.208456,0.574778
1.236242,-0.190022,0.442440
0.351619,-0.168380,0.733314
1.570097,-0.198271,0.334654
1.496412,-0.144521,-0.902898
1.544113,-0.215148,0.768569
2.180600,-0.172076,-0.865129
1.293632,-0.196162,0.538611
0.180321,-0.157095,0.617318
1.851614,-0.190811,-0.106404
2.028475,-0.184019,-0.434632
1.988534,-0.200489,0.002300
1.842653,-0.215768,0.508062
2.059633,-0.147956,-1.339344
2.382087,-0.202854,-0.303535
1.105648,-0.150095,-0.406827
2.194510,-0.152772,-1.346847
1.703894,-0.188084,-0.036286
0.555406,-0.176059,0.731739
2.100751,-0.201450,-0.077937
0.973208,-0.179729,0.435226
0.740301,-0.183258,0.735916
2.099801,-0.148089,-1.373173
0.772074,-0.174874,0.502964
1.936124,-0.176397,-0.534520
2.415499,-0.228092,0.278659
1.367629,-0.153174,-0.573835
2.066374,-0.139493,-1.551129
-0.244588,-0.159707,1.072977
2.271352,-0.197787,-0.324393
1.809089,-0.145413,-1.169833
2.170027,-0.232080,0.602099
2.084832,-0.194496,-0.232155
-0.215692,-0.165845,1.195389
1.091786,-0.187162,0.506319
1.709852,-0.179374,-0.253337
1.626801,-0.151335,-0.857741
2.319345,-0.208276,-0.113913
1.889016,-0.157873,-0.940968
2.229589,-0.235334,0.626166
2.223868,-0.164116,-1.098420
1.068830,-0.171153,0.138645
-0.203188,-0.565442,1.056225
-0.310806,-0.563094,1.098523
-0.572486,-0.555523,1.156167
1.124800,-0.608181,0.868546
-0.132447,-0.565612,0.995048
-0.355514,-0.560445,1.075464
-0.481883,-0.553869,1.032372
0.090429,-0.574537,1.006123
-0.065965,-0.571156,1.068360
1.198206,-0.608470,0.807806
-0.623588,-0.551916,1.115723
1.399804,-0.614402,0.765815
1.544824,-0.619235,0.749342
1.044299,-0.605658,0.881566
2.350959,-0.256588,0.611194
2.300190,-0.408536,0.610110
2.015210,-0.266911,0.690182
0.794330,-0.317829,0.976246
1.030201,-0.321575,0.919802
0.037429,-0.223713,1.164483
1.933997,-0.351463,0.702180
2.174935,-0.381518,0.642251
-0.116186,-0.198141,1.203247
0.819320,-0.218559,0.978900
1.995353,-0.457858,0.678365
2.472782,-0.252428,0.582570
0.504590,-0.213131,1.054251
1.558844,-0.516937,0.777102
0.890484,-0.284110,0.956290
-0.456624,3.737429,1.271885
-0.719925,3.973198,-0.288228
-0.546073,3.820640,0.741835
-0.745114,3.832925,-0.435087
-0.755788,3.894061,-0.499087
-0.720943,3.914067,-0.293379
-0.653773,3.788544,0.105581
-0.465261,3.725382,1.220996
-0.491557,3.750698,1.065161
-0.735215,3.790132,-0.375935
-0.853652,4.363557,1.205215
-0.576506,4.376006,1.107849
-0.574888,4.395736,1.077546
-1.113241,2.984907,0.965553
-1.144641,2.428308,0.788092
-1.220450,1.609967,0.351926
-1.188709,1.751721,0.537496
-1.115925,2.721283,0.953557
-1.309284,3.407343,-0.199663
-1.359729,3.059995,-0.492799
-1.257154,1.378338,0.138329
-1.293431,1.666232,-0.080372
-1.349630,1.615344,-0.411872
-1.259221,2.874998,0.104126
-1.353568,2.186719,-0.443545
-1.155447,3.372500,0.710338
-1.310348,1.954037,-0.184612
-1.227679,3.052094,0.288007
-1.314885,2.012159,-0.212287
-1.311203,0.744245,-0.171897
-1.369502,2.266712,-0.538923
-1.282787,2.168935,-0.024825
-1.309718,3.002798,-0.196289
-1.255544,0.967855,0.153880
-1.262352,2.081346,0.097275
-1.187166,3.344106,0.523230
-1.238089,2.538922,0.233998
-1.074906,3.154084,1.189706
-1.140212,3.099325,0.804419
-1.227923,1.445828,0.310156
-1.281098,0.707990,0.006615
-1.368891,0.507585,-0.509474
-1.310140,1.389718,-0.175093
-1.215772,1.788514,0.376959
-1.289685,2.886793,-0.076149
-1.325511,3.705679,-0.299979
-1.204901,1.958131,0.438737
-1.335557,2.806399,-0.346165
-1.297745,2.015377,-0.111001
-1.269450,3.551430,0.033719
-1.181231,3.042019,0.562753
-1.227972,2.877568,0.288838
-1.348837,3.322273,-0.432256
-1.045925,3.369118,1.357885
-1.146888,2.939574,0.767299
-1.113774,3.366128,0.956806
-1.349431,3.775801,-0.442428
-1.232176,1.801284,0.279789
-1.375959,0.153279,-0.546055
-1.349634,0.854704,-0.400726
-1.240363,1.525803,0.235435
-1.382003,-0.236280,-0.576067
-1.127153,3.057574,0.882237
-1.216099,2.250224,0.368243
-1.200607,2.668333,0.453693
-1.035761,3.537218,1.415510
-1.332353,2.452633,-0.322025
-1.231594,3.668187,0.255810
-1.171706,2.618367,0.625289
-1.279131,2.765736,-0.011973
-1.286119,3.589479,-0.065388
-1.319747,3.297136,-0.259905
-1.244201,1.873098,0.207641
-1.339338,0.914763,-0.340734
-1.295011,0.516491,-0.072825
-1.290487,1.046551,-0.053864
-1.358380,2.124044,-0.471077
-1.338786,0.796200,-0.335728
-1.096613,3.435301,1.057246
-1.199579,2.357224,0.464341
-1.341366,0.402127,-0.345196
-1.257448,1.445883,0.135600
-1.333343,0.786409,-0.303406
-1.330230,0.498415,-0.280777
-1.110091,3.188767,0.981180
-1.205811,2.733293,0.421971
-1.284161,3.052017,-0.045917
-1.293033,0.868691,-0.066301
-1.062641,2.879387,1.266251
-1.322032,0.388424,-0.230692
-1.374241,0.224870,-0.536950
-1.283252,2.538875,-0.033010
-1.212558,3.469020,0.371280
-1.069311,3.014795,1.224830
-1.297473,2.715557,-0.119676
-1.053961,3.380282,1.310215
-1.320512,2.301611,-0.249802
-1.192584,3.730243,0.485526
-1.123987,3.397855,0.895960
-1.241734,3.660317,0.195977
-1.305937,2.656699,-0.168851
-1.120741,2.300918,0.931262
-1.102526,3.433856,1.022305
-1.060701,3.432053,1.269606
-0.981284,3.690374,1.735330
-1.383645,-0.041796,-0.588630
-1.230931,3.284248,0.265372
-1.171757,2.380493,0.628482
-1.380716,-0.159527,-0.569589
-1.300989,2.310700,-0.134518
-1.249228,2.802577,0.164270
-1.337934,1.849724,-0.346167
-1.374578,0.761339,-0.546823
-1.278788,2.299623,-0.003101
-1.276252,3.474084,-0.005355
-1.212209,1.990756,0.395051
-1.356727,0.419537,-0.436265
-1.367580,3.109719,-0.539943
-1.222525,3.190179,0.316449
-1.348013,0.685002,-0.388647
-1.276312,2.862114,0.003275
-1.369337,1.146833,-0.521500
-1.330991,0.853102,-0.290484
-1.346096,1.241537,-0.385492
-1.373238,0.813301,-0.539667
-1.278033,3.375269,-0.014438
-1.196084,2.285881,0.486050
-1.048743,3.153367,1.344392
-1.177917,2.068619,0.596645
-1.290101,2.985584,-0.080062
-1.265272,0.892943,0.097467
-1.363167,1.526703,-0.490600
-1.103227,2.911729,1.025829
-1.039912,3.115809,1.397155
-1.119608,2.796540,0.930678
-1.355190,1.642007,-0.445137
-1.163656,3.207711,0.664225
-1.261928,1.576171,0.107203
-1.151815,3.727665,0.726591
-1.150509,2.488307,0.752517
-1.254977,3.622217,0.118246
-1.137082,2.540297,0.831136
-1.280841,1.946908,-0.010057
-1.324387,1.406064,-0.259560
-1.204104,2.207914,0.439778
-1.300022,1.553648,-0.117683
-1.247708,1.278722,0.195639
-1.335084,1.230285,-0.320223
-1.162161,3.045658,0.675443
-1.250870,2.263340,0.162481
-1.318313,3.102711,-0.248572
-1.273204,0.905687,0.050382
-1.314637,1.344222,-0.201009
-1.266293,3.685680,0.050410
-1.255784,3.499854,0.115271
-1.359789,0.224340,-0.451501
-1.334803,1.636910,-0.324530
-1.260281,1.684784,0.115342
-1.127028,3.702132,0.873508
-1.354226,2.641016,-0.454108
-1.290209,2.315387,-0.070855
-1.196029,3.175641,0.473305
-0.998691,3.604218,1.633680
-1.065851,3.452916,1.238850
-1.235155,3.019127,0.244288
-1.090493,2.670899,1.104655
-1.294088,0.582514,-0.068338
-1.186894,3.041790,0.529278
-1.095448,3.385958,1.064858
-1.351522,2.410303,-0.434732
-1.167115,3.076441,0.645702
-1.138987,2.876859,0.814928
-1.068152,3.167841,1.229433
-1.157110,3.255526,0.702222
-1.357631,2.416313,-0.470939
-1.300514,0.666694,-0.107565
-1.174049,3.222542,0.602566
-1.243351,3.748291,0.185128
-1.232242,3.717599,0.251257
-1.301852,1.407870,-0.126363
-1.224956,1.843332,0.321855
-1.298020,1.378369,-0.103272
-1.103196,3.620665,1.015604
-1.161393,3.507812,0.673196
-1.310409,0.422905,-0.162486
-1.327344,3.595724,-0.309203
-1.197524,3.257681,0.463265
-1.370390,1.429742,-0.531882
-1.188180,3.618746,0.513204
-1.370915,1.673355,-0.538562
-1.236696,1.362174,0.259515
-1.145603,3.263654,0.770132
-1.078493,3.073796,1.169682
-1.174600,1.844383,0.619545
-1.338996,3.393399,-0.375116
-1.310756,3.628806,-0.211619
-1.137114,3.270058,0.820230
-1.195863,3.614582,0.467839
-1.298052,2.584335,-0.121175
-1.098058,3.123493,1.053284
-1.337220,2.478028,-0.351172
-1.357808,0.746749,-0.447465
-1.202084,1.840324,0.457123
-1.292719,0.667610,-0.061495
-1.320649,3.458485,-0.267608
-1.351795,0.100571,-0.402425
-1.203285,2.045516,0.447004
-1.174893,3.728264,0.590150
-1.190448,2.383182,0.517940
-1.191124,2.523553,0.511880
-1.203734,1.717447,0.449168
-1.347775,0.145129,-0.379315
-1.336996,0.479942,-0.320504
-1.284412,2.228381,-0.035305
-1.167795,3.420701,0.636627
-1.130069,3.008629,0.865715
-1.185444,2.369439,0.547726
-1.184506,3.433558,0.537645
-1.355816,2.035589,-0.454616
-1.173874,3.479257,0.599828
-1.328398,2.959471,-0.306089
-1.212915,3.131809,0.374117
-1.259847,1.294903,0.123632
-1.027521,3.483094,1.465019
-1.339199,1.418064,-0.347309
-1.168275,2.805309,0.642830
-0.583750,3.793507,1.594471
-0.675185,3.785552,1.622158
-0.634800,3.742760,1.634928
-1.153172,1.029338,0.758199
-1.143457,0.595873,0.822002
-1.114120,1.242716,0.985943
-1.386064,-0.439454,-0.597095
-1.080915,0.819690,1.188465
-1.147138,0.895395,0.795844
-1.024922,2.270828,1.498187
-1.152757,1.318698,0.756406
-1.278992,-0.162643,0.031855
-1.150604,0.528277,0.780746
-1.310236,-0.268928,-0.151301
-1.232009,0.352029,0.302061
-1.085911,0.544490,1.162974
-1.266004,-0.070630,0.107289
-1.262694,0.078271,0.124672
-1.131991,1.476626,0.876855
-1.285995,-0.466343,-0.005088
-1.174628,0.384673,0.640823
-1.127712,0.722503,0.913227
-1.292425,0.181883,-0.052622
-1.203067,-0.098969,0.479791
-1.134699,1.785849,0.856307
-1.346313,-0.459763,-0.361784
-1.102022,0.378279,1.070164
-1.191782,0.411919,0.539003
-1.084404,1.047513,1.164497
-1.063901,2.005197,1.271643
-1.221666,0.477606,0.361366
-1.167460,0.922461,0.675299
-1.061282,0.734151,1.305797
-1.196126,-0.313285,0.523975
-1.154427,0.427571,0.759618
-1.173762,0.287150,0.647373
-1.212095,-0.484899,0.432083
-1.248053,0.091202,0.211040
-1.287819,0.550825,-0.030811
-1.182700,0.567024,0.590421
-1.145977,-0.366124,0.821236
-1.257656,0.852295,0.143088
-1.345169,-0.126205,-0.359921
-1.101077,1.961073,1.052506
-1.080992,2.103642,1.169151
-1.120899,2.053208,0.933965
-1.212893,0.687284,0.410151
-1.190801,-0.084083,0.552093
-1.064165,1.015323,1.284617
-1.050901,2.915658,1.335125
-1.079019,1.891261,1.183937
-1.339137,-0.341016,-0.321104
-1.046555,2.569829,1.365899
-1.150321,1.661973,0.765765
-1.179624,1.579488,0.593737
-1.019562,3.289192,1.514920
-1.364146,-0.202911,-0.470988
-1.112332,0.941045,1.000945
-1.017251,2.871861,1.534712
-1.136036,0.188580,0.871859
-1.089670,0.618481,1.139665
-1.206213,1.122782,0.443249
-1.082881,-0.013330,1.189076
-1.113813,0.076141,1.004896
-1.253024,0.018918,0.182714
-1.162594,1.483312,0.695832
-1.162140,-0.512801,0.727833
-1.159448,1.647597,0.712019
-1.333930,-0.342482,-0.290302
-1.205380,-0.052628,0.465434
-1.067819,0.554090,1.269790
-1.014894,2.389952,1.555724
-1.098380,2.141464,1.065802
-1.215339,-0.108813,0.407386
-1.044885,2.833953,1.371894
-1.081202,1.265838,1.180216
-1.207449,1.347933,0.432637
-1.185346,1.459581,0.561667
-1.015162,3.006627,1.545079
-1.130093,-0.429801,0.916079
-1.172496,0.455396,0.652389
-1.213155,0.125779,0.416849
-1.139093,0.420571,0.850379
-1.270492,0.057836,0.078871
-1.167322,-0.146358,0.691813
-1.346758,-0.080604,-0.369986
-1.144833,0.958562,0.808539
-1.119281,1.118897,0.957252
-1.156678,1.859715,0.725276
-1.174299,0.578709,0.639916
-1.086999,0.376408,1.159011
-1.260429,-0.301186,0.143634
-1.088836,-0.253402,1.157396
-1.220179,-0.046423,0.377855
-1.176175,0.819699,0.625287
-1.124936,1.676062,0.915634
-1.178551,-0.038196,0.623842
-1.123748,0.470199,0.940367
-1.302116,-0.345649,-0.102166
-1.318432,0.028004,-0.204114
-1.226893,0.159678,0.335134
-1.283487,-0.400123,0.008770
-1.105684,1.119788,1.037622
-1.227009,1.173148,0.319564
-1.127075,0.345650,0.922530
-1.172764,-0.430013,0.663804
-1.082579,2.001984,1.161262
-1.264991,0.579148,0.103734
-1.109070,1.404534,1.013425
-1.339934,-0.019246,-0.330545
-0.998500,3.195635,1.640814
-1.101320,0.103405,1.078352
-1.102964,0.487836,1.062985
-1.214684,-0.193835,0.412502
-1.109537,-0.239958,1.034815
-1.078013,0.464293,1.210846
-1.091923,2.216547,1.102871
-1.312253,-0.356630,-0.161933
-1.074513,1.429768,1.217357
-1.280820,0.123917,0.016838
-1.202683,0.291218,0.476333
-1.202498,0.006301,0.481612
-1.184805,0.355898,0.581079
-1.227294,0.907025,0.321785
-1.239056,-0.452532,0.272219
-1.145172,0.169594,0.818122
-1.146571,1.630136,0.788403
-1.109275,2.283854,0.999297
-1.241916,-0.247302,0.252294
-1.229566,-0.310090,0.326228
-1.146628,1.121771,0.795533
-1.212969,1.230972,0.401720
-1.002478,2.980855,1.620450
-1.077629,0.296119,1.215581
-1.004925,2.830316,1.608194
-1.266726,0.265062,0.098090
-1.182675,-0.380567,0.604489
-1.218325,0.081437,0.386936
-1.151398,0.153865,0.781545
-1.094764,1.228364,1.100588
-1.050562,2.067831,1.349584
-1.092190,0.352773,1.128667
-1.118188,0.117379,0.978423
-1.065669,2.413472,1.255195
-1.113561,1.581479,0.984274
-1.033989,2.047935,1.447854
-1.027421,1.984415,1.487620
-1.166927,1.015514,0.677084
-1.126091,0.863621,0.920741
-1.228836,0.687375,0.315895
-1.250337,0.274712,0.194841
-1.182878,1.532676,0.575183
-1.123986,1.959158,0.917091
-1.135069,2.119512,0.849214
-1.316749,-0.198667,-0.190834
-1.244396,-0.138385,0.236032
-1.079591,0.129678,1.206427
-1.276984,0.078648,0.040184
-1.153729,1.079582,0.754169
-1.089563,2.169013,1.117519
-1.076501,1.757987,1.200783
-1.293160,-0.057514,-0.053453
-1.176176,1.163768,0.620224
-1.093390,1.163732,1.109664
-1.154975,0.553104,0.754539
2.366026,-4.815290,0.073335
2.231913,-4.809242,0.050218
2.496159,-4.818587,0.033303
-0.686835,-2.010755,1.181988
-0.806992,1.223873,1.490796
-0.741690,-3.305323,1.082888
-0.831309,-0.214356,1.371986
-0.726021,-3.885301,1.028916
-0.783484,-0.814463,1.308619
-0.839946,0.578186,1.442700
-0.801314,0.213954,1.401954
-0.726670,-4.182956,1.003284
-0.700854,-0.297380,1.333755
-0.721368,-2.399418,1.156533
-0.857682,0.150599,1.409877
-0.770673,-0.049440,1.371846
-0.697314,-1.481229,1.230354
-0.860894,0.793564,1.466342
-0.821669,-1.286227,1.276834
-0.924294,2.029722,1.588516
-0.657663,-0.416403,1.313168
-0.705861,-0.065788,1.355009
-0.951204,3.010972,1.679926
-0.792283,0.680236,1.440200
-0.677543,-1.434148,1.229729
-0.846772,-0.466201,1.353847
-0.881617,1.123435,1.499850
-0.795269,-0.496107,-0.081373
-0.945871,-0.506191,0.302563
0.052916,-0.532970,0.031117
-0.432920,-0.532470,0.467414
0.749248,-0.560684,0.061523
0.025971,-0.529907,-0.018432
-0.088680,-0.525367,-0.022861
0.738405,-0.558078,0.008238
-0.465823,-0.506586,-0.130929
-0.096917,-0.537459,0.278440
-0.848961,-0.494795,-0.063687
1.190141,-0.595759,0.506518
-0.242817,-0.545080,0.598217
0.516499,-0.548900,-0.009872
1.022912,-0.579124,0.256819
-0.682372,-0.511986,0.200105
-0.630688,-0.507999,0.055564
0.628806,-0.571002,0.423328
0.081772,-0.547749,0.363435
0.183845,-0.536939,0.006651
-0.612300,-0.509810,0.082591
0.131320,-0.563488,0.700004
0.228931,-0.536196,-0.053007
-0.187323,-0.523837,0.031016
1.606308,-0.608041,0.420697
-0.630021,-0.501034,-0.114223
-0.643257,-0.537673,0.787932
0.309731,-0.569229,0.674764
0.328340,-0.548987,0.165924
-0.799324,-0.502538,0.078589
1.223502,-0.593398,0.418366
-0.599639,-0.536149,0.710648
-0.020393,-0.539599,0.259778
-0.731619,-0.500907,-0.023542
0.857612,-0.575576,0.323216
-0.971205,-0.506762,0.339830
-1.230278,-0.469026,-0.337617
0.859413,-0.580922,0.451400
1.002652,-0.584701,0.410978
0.452201,-0.550650,0.091978
0.031742,-0.560695,0.724073
-0.454629,-0.534799,0.544011
0.005019,-0.565477,0.864904
0.078853,-0.564256,0.767092
-0.347051,-0.525197,0.211493
0.404714,-0.574147,0.706546
0.297404,-0.537699,-0.079700
0.789826,-0.572872,0.320115
0.046371,-0.525894,-0.134714
-0.876654,-0.477241,-0.464498
0.645913,-0.574136,0.483660
-0.844431,-0.523366,0.626121
-1.017597,-0.480341,-0.259109
-0.934264,-0.481663,-0.303919
1.534400,-0.599022,0.268018
-0.505219,-0.536385,0.629234
-0.152798,-0.538896,0.364934
-0.677663,-0.530510,0.645699
0.529057,-0.559799,0.243267
0.259072,-0.535058,-0.108466
-0.871366,-0.516571,0.485931
1.814589,-0.610280,0.282826
-0.339483,-0.504581,-0.296242
1.112062,-0.590972,0.462323
1.734664,-0.607393,0.286481
-0.803516,-0.509169,0.243499
-0.113980,-0.528105,0.066990
-0.638196,-0.492473,-0.314611
1.419445,-0.604943,0.517933
0.110592,-0.534905,0.024864
0.503393,-0.552862,0.098462
0.311673,-0.543636,0.051346
-1.008223,-0.473013,-0.445736
-0.255736,-0.540259,0.493041
-0.439167,-0.545832,0.797731
-0.422121,-0.517997,0.105903
-0.593871,-0.533802,0.648320
-0.952823,-0.476910,-0.402218
-0.225198,-0.511647,-0.230111
1.067824,-0.576596,0.153972
-1.088869,-0.479785,-0.206827
0.148518,-0.568909,0.815801
0.470912,-0.545320,-0.054738
0.905896,-0.572736,0.209659
0.120040,-0.552528,0.444201
1.822434,-0.614855,0.386729
-0.211255,-0.518781,-0.069694
-0.371019,-0.546955,0.762093
-0.456427,-0.508259,-0.098979
-0.436669,-0.553504,0.981774
0.252203,-0.543038,0.091700
-1.037748,-0.486605,-0.088343
0.661584,-0.578891,0.584672
1.310792,-0.599147,0.477451
-0.716035,-0.528489,0.632027
-0.236145,-0.527078,0.154803
0.681255,-0.573569,0.437253
0.424747,-0.546496,0.016424
-0.791326,-0.516204,0.403125
-0.922724,-0.503162,0.207641
0.267974,-0.559838,0.485209
-0.346366,-0.546480,0.727817
-0.440358,-0.521172,0.199847
-0.251629,-0.538628,0.449631
-0.389648,-0.533110,0.443007
-0.044220,-0.537676,0.235067
-1.146165,-0.483874,-0.054607
-0.589603,-0.496637,-0.258346
-0.677941,-0.540582,0.890610
-0.370198,-0.507477,-0.197548
2.298281,-4.021973,0.033969
2.187182,-4.685650,0.002907
2.217846,-4.210471,0.036777
2.413699,-3.278845,0.070887
2.226947,-4.382580,0.019701
2.255304,-4.129388,0.034889
2.495410,-2.678961,0.103415
2.366306,-4.454426,-0.019680
2.451524,-2.387851,0.139075
2.301670,-2.846009,0.135038
2.463613,-2.838598,0.097150
2.349129,-4.514183,-0.020770
2.471900,-4.553308,-0.053369
2.400966,-2.665625,0.127040
2.400884,-2.506800,0.140819
2.308922,-3.344578,0.090121
2.196735,-4.546855,0.012658
2.401907,-3.509432,0.053716
2.428236,-3.366729,0.059815
2.466636,-1.577713,0.205663
2.350551,-4.182158,0.007656
2.280138,-4.455422,0.000736
2.510270,-1.329651,0.216772
2.229645,-4.735441,-0.011510
2.275724,-4.798898,-0.027970
2.457931,-3.542622,0.037512
-1.306502,4.070458,-0.192954
