0.223544,-0.013797,0.124480
0.052604,-0.035698,0.046503
0.227390,-0.035698,0.051428
-0.193849,0.240518,0.205582
-0.195062,0.047887,0.209447
-0.169259,0.601929,0.135164
-0.221717,0.101842,-0.047237
-0.164276,0.525411,0.300761
-0.189946,0.525411,0.279126
-0.177007,0.525411,0.310575
-0.140879,0.525411,0.272988
-0.273001,0.207156,-0.035926
-0.385173,0.652266,0.155132
-0.399495,0.555628,0.108528
-0.248903,-0.062675,0.063572
-0.265991,0.401095,-0.026549
-0.249585,-0.004287,0.047033
0.315729,-0.035698,0.000561
0.272137,-0.035698,0.014732
-0.205784,0.229151,-0.168218
-0.296644,0.525411,0.104209
-0.222153,0.107658,0.171387
-0.225657,-0.037327,-0.033142
-0.234448,0.476514,0.048719
-0.233179,0.410454,-0.150202
-0.407869,-0.096719,0.018957
-0.402186,-0.090808,0.016323
-0.299827,0.525411,0.062966
-0.400310,0.525411,0.078027
-0.392088,0.525411,0.070638
0.492636,-0.167345,0.163639
-0.155865,-0.655649,0.180007
-0.316441,0.654899,0.034416
0.301881,-0.137034,-0.321937
0.253571,-0.148723,-0.321937
0.485096,-0.114584,-0.321937
0.004371,-0.145748,-0.321937
0.399882,-0.142584,-0.321937
-0.081222,-0.147207,-0.321937
-0.237839,0.109628,0.099472
-0.374071,-0.061084,-0.038200
0.110026,-0.035698,0.128269
0.421139,-0.182425,0.240252
-0.247539,0.000885,-0.073778
-0.155675,-0.248354,0.211095
-0.363860,-0.070840,0.095778
0.456698,-0.251574,0.233431
-0.255552,0.090968,-0.020998
-0.255931,0.429701,-0.021149
-0.250608,0.654899,-0.144424
-0.265385,0.140622,-0.026113
0.440368,-0.671240,0.226611
-0.275369,0.001908,-0.048582
0.268121,-0.035698,-0.066920
-0.243276,0.407631,0.210622
0.322019,-0.035698,0.030286
0.304211,-0.035698,0.036405
-0.221906,0.147139,-0.045456
-0.162325,0.525411,0.157273
-0.261009,0.525411,0.161062
-0.269306,-0.055343,0.084127
-0.179754,-0.211051,-0.203494
0.363243,-0.089861,0.276152
0.223676,-0.090846,0.277137
0.375046,-0.099295,0.285568
0.354112,-0.100546,0.286818
0.379858,-0.068908,0.255180
0.275794,-0.097590,0.283882
0.472195,-0.106798,0.293070
-0.028821,-0.109336,0.295608
0.428508,-0.074156,0.260428
0.105498,-0.100262,0.286534
0.191887,-0.101872,0.288144
0.049081,-0.094995,0.281267
-0.358631,0.525411,-0.074100
-0.371665,0.525411,-0.082569
-0.246819,0.525411,-0.045929
-0.139496,-0.298482,0.192529
0.466530,-0.032932,0.064576
0.459729,-0.069438,-0.197299
0.468804,-0.078494,-0.240285
0.502033,-0.111723,-0.228065
0.490837,-0.100527,0.126658
0.460639,-0.070348,-0.243865
0.481497,-0.091206,0.054592
0.458479,-0.068169,-0.252788
0.484149,-0.093839,-0.271638
0.467080,-0.076789,-0.198208
0.487843,-0.097534,-0.068000
-0.158498,0.560800,0.143803
-0.243731,0.046144,-0.020695
-0.249604,0.252510,0.099832
0.468198,-0.474953,0.238831
0.465451,-0.448525,0.238831
0.474942,-0.507746,0.238831
-0.208569,-0.007489,-0.191407
-0.203492,0.631426,0.088977
-0.261122,0.525411,0.054270
-0.158517,-0.161094,-0.192809
-0.100337,0.561330,0.175612
-0.083969,0.654880,0.184080
0.448116,-0.746774,-0.236136
0.448116,-0.783280,-0.239773
-0.150276,-0.333492,-0.220089
-0.150276,-0.497080,-0.235169
-0.150276,-0.322087,-0.230376
-0.150276,-0.385022,-0.222211
0.293375,-0.035698,0.140355
-0.224161,-0.035698,0.235837
-0.208872,-0.035698,-0.177672
-0.223441,-0.035698,0.108490
-0.215370,-0.035698,0.147535
-0.213249,-0.035698,0.179344
-0.206220,-0.035698,-0.128131
-0.150276,-0.537603,-0.252315
-0.150276,-0.519056,-0.236628
-0.150276,-0.380683,-0.262488
-0.150276,-0.591861,-0.232309
-0.234315,0.654899,0.085870
-0.341032,0.654899,0.084260
-0.257826,0.464787,-0.178108
-0.253677,0.077346,0.048378
-0.231000,-0.062675,-0.030906
-0.155486,-0.198377,0.265808
0.462912,-0.065820,-0.113089
-0.155865,-0.709414,-0.219786
0.224832,-0.017548,0.057869
-0.162950,-0.736809,0.190616
0.425193,-0.211051,0.256942
0.469164,-0.269685,-0.278780
0.424302,-0.209043,-0.294959
-0.207281,0.552066,-0.018611
-0.268852,0.552748,-0.240626
-0.267279,0.605169,-0.241895
0.027578,-0.035698,0.140658
-0.100981,-0.035698,0.129424
-0.037478,-0.035698,-0.109073
-0.013854,-0.035698,0.012061
0.103320,-0.035698,0.197929
0.294720,-0.035698,0.176388
0.140433,-0.035698,0.006472
-0.111420,-0.035698,0.087632
0.008255,-0.035698,0.037598
0.300062,-0.035698,0.147914
0.035459,-0.035698,0.114079
-0.015521,-0.035698,-0.068455
-0.163973,-0.035698,-0.023972
0.197078,-0.035698,0.181390
0.122094,-0.035698,0.191639
-0.059473,-0.035698,0.156534
-0.042063,-0.035698,0.098393
0.084470,-0.035698,0.010318
-0.199381,-0.035698,0.076075
-0.176344,-0.035698,-0.160773
-0.114432,-0.035698,-0.075749
-0.203473,-0.035698,0.144410
0.036122,-0.035698,0.098203
0.176333,-0.035698,0.152006
-0.028328,-0.035698,0.090076
-0.190666,-0.035698,-0.117901
-0.089861,-0.035698,0.200922
-0.166644,-0.035698,0.017991
0.221782,-0.035698,0.150131
-0.142395,-0.035698,-0.204119
-0.138132,-0.035698,0.232655
0.263991,-0.035698,0.212081
0.108094,-0.035698,0.234227
0.132078,-0.035698,0.040023
-0.144460,-0.035698,0.191639
-0.072261,-0.035698,0.096725
-0.140387,-0.035698,0.216116
-0.124890,-0.035698,-0.108049
-0.063376,-0.035698,-0.094106
-0.159028,-0.035698,0.200789
-0.171456,-0.035698,-0.128870
-0.156963,-0.035698,-0.012908
-0.178977,-0.035698,0.154071
-0.192258,-0.035698,0.030002
0.162655,-0.035698,0.183114
-0.165261,-0.035698,-0.052522
-0.195668,-0.035698,-0.030565
-0.063963,-0.035698,0.105364
-0.107101,-0.035698,-0.050078
-0.075179,-0.035698,0.146986
-0.056726,-0.035698,-0.080523
-0.102819,-0.035698,-0.135690
0.153903,-0.035698,0.127719
0.088107,-0.035698,0.133516
-0.182122,-0.035698,-0.029769
0.223639,-0.035698,0.163070
-0.158517,-0.035698,-0.192430
-0.200404,-0.035698,-0.220279
0.356309,-0.035698,0.196565
-0.005632,-0.035698,0.175119
0.347898,-0.035698,0.179761
0.014184,-0.035698,0.232370
-0.062921,-0.035698,0.049761
0.018636,-0.035698,0.045669
-0.097230,-0.035698,-0.055250
0.194388,-0.035698,0.163165
0.091612,-0.035698,0.016873
-0.013589,-0.035698,0.104966
0.205319,-0.035698,0.196659
0.055749,-0.035698,0.223239
-0.054908,-0.035698,0.183133
-0.092873,-0.035698,-0.137869
0.273577,-0.035698,0.197436
0.005659,-0.035698,-0.048241
0.154888,-0.035698,0.024318
0.102316,-0.035698,0.057642
0.018466,-0.035698,-0.088745
-0.026130,-0.035698,-0.000064
-0.064456,-0.035698,0.179723
-0.011278,-0.035698,0.139711
0.052813,-0.035698,-0.000481
0.071474,-0.035698,0.204010
-0.120949,-0.035698,-0.063643
-0.243409,0.505538,-0.020752
0.309838,-0.035698,0.119971
0.448116,-0.417986,0.191165
0.448116,-0.448695,0.200638
0.448116,-0.320666,0.192207
-0.167914,-0.251839,-0.225167
0.283296,-0.035698,0.150415
-0.229882,0.076835,-0.150145
0.187492,-0.035698,-0.088688
-0.147245,0.654899,-0.200330
-0.138170,0.654899,-0.175910
-0.131445,0.654899,-0.153290
-0.076599,0.654899,-0.141639
-0.203985,0.654899,-0.163691
-0.191822,0.654899,-0.249624
-0.127864,0.654899,-0.163842
-0.213703,0.654899,-0.237556
-0.239904,0.654899,-0.196920
-0.246610,0.654899,-0.159087
-0.146051,0.654899,-0.152343
-0.203378,-0.211051,0.248265
0.477443,-0.280806,0.179836
-0.210502,0.154698,-0.194078
-0.162287,-0.206504,-0.294959
-0.172347,-0.252881,0.216097
-0.194152,0.167846,0.189385
0.227371,-0.017454,0.090815
0.217652,-0.033405,-0.103654
-0.267412,0.525411,0.027292
-0.150295,-0.801259,0.233564
-0.150295,-0.783905,0.237694
-0.264646,0.472877,-0.068474
-0.216886,0.579309,-0.270615
-0.218837,0.530905,-0.269611
0.437431,-0.649965,-0.243638
-0.186328,-0.668323,-0.237140
-0.204723,-0.200688,-0.236363
-0.238559,0.293583,-0.022229
-0.147662,-0.273399,0.179836
-0.126614,0.647965,0.161990
-0.319169,0.525411,-0.108826
-0.361170,0.525411,-0.112824
-0.195365,0.525411,-0.119435
0.486081,-0.646328,-0.241251
-0.256954,0.212878,-0.072585
-0.177746,-0.750108,0.192226
-0.177746,-0.711726,0.190824
-0.233747,0.322834,-0.150221
0.324311,-0.035698,0.071396
-0.179963,0.635651,-0.063340
-0.201370,0.223241,0.217821
-0.169486,-0.328888,-0.267982
-0.159559,-0.334515,-0.267982
-0.232516,0.363508,-0.068341
-0.155675,-0.251555,-0.262374
-0.073682,-0.149007,-0.282475
0.016249,-0.149007,-0.288026
-0.026623,-0.149007,-0.295528
-0.050683,-0.149007,-0.281054
-0.237271,-0.149007,-0.271392
0.003954,-0.149007,-0.295414
0.475416,-0.440322,-0.219786
0.471816,-0.486699,-0.219786
0.036198,-0.035698,-0.018061
0.215947,-0.035698,-0.076677
0.486366,-0.287797,0.194253
-0.234240,-0.035698,-0.233824
-0.275899,-0.035698,-0.183393
-0.232951,0.117453,-0.203702
-0.261331,-0.062675,-0.060176
-0.214575,0.084981,-0.155696
-0.183259,-0.627118,-0.273286
-0.147586,-0.318942,-0.219028
0.452985,-0.057295,0.246731
0.452985,-0.048580,0.029547
0.452985,-0.058526,-0.009650
-0.268151,0.453629,0.060787
0.452549,-0.265006,-0.223348
-0.257902,0.100383,-0.174470
-0.249774,0.499324,0.047090
0.502564,-0.210843,-0.255838
0.174420,-0.035698,0.195182
-0.188526,-0.311838,0.213312
-0.230697,0.267325,-0.027117
-0.181383,-0.318942,0.205848
0.180558,-0.035698,0.075280
-0.123298,-0.186101,0.215282
-0.256613,0.300611,-0.168635
-0.188526,-0.295394,-0.224447
-0.272546,-0.039941,0.206359
-0.266938,-0.035698,-0.056595
-0.297042,-0.035698,0.114325
-0.221925,-0.035698,-0.191786
-0.294200,-0.035698,0.044779
-0.254113,-0.035698,-0.025791
0.267193,-0.035698,-0.017133
0.226026,-0.035698,-0.020695
-0.160468,-0.403000,0.238831
-0.165924,-0.390970,0.238831
-0.213703,0.199200,-0.197393
0.479223,-0.664174,0.181030
0.502564,-0.161984,0.212971
0.243910,-0.135935,0.298526
0.480796,-0.138966,0.298526
0.424757,-0.118373,0.298526
0.394597,-0.130005,0.298526
0.364001,-0.123659,0.298526
-0.080426,-0.148647,0.298526
-0.102630,-0.143778,0.298526
-0.146676,0.548808,-0.283574
-0.120381,0.569211,-0.232839
-0.104600,0.560705,-0.202414
-0.153061,0.608768,-0.295888
-0.100224,0.572621,-0.193964
-0.097533,0.545777,-0.188755
-0.224331,-0.057977,0.224755
-0.212150,0.568776,-0.002792
-0.210521,-0.076978,0.261697
-0.410540,-0.141751,-0.108296
-0.162742,-0.714378,0.238831
-0.210180,0.364001,-0.159939
0.224207,-0.014366,-0.114510
-0.207546,0.340244,0.222121
0.491784,-0.172764,-0.192809
-0.269969,0.436427,0.082119
0.243531,-0.035698,0.029888
-0.316422,0.525411,0.106387
0.063517,-0.035698,0.023238
-0.199097,0.234778,0.180992
-0.242026,0.195486,-0.201429
0.468122,-0.064986,0.146740
-0.334477,-0.066123,-0.165926
0.502564,-0.119737,0.020245
0.502564,-0.131577,0.178984
0.502564,-0.116497,0.247053
0.502564,-0.114451,-0.063586
0.502564,-0.136996,0.212346
0.502564,-0.127485,0.159224
-0.256879,0.406456,-0.169715
-0.260914,-0.112292,-0.298710
-0.187787,-0.661256,-0.251367
-0.139496,-0.277642,0.246598
0.439894,-0.634582,0.196565
-0.246307,0.486441,0.197209
-0.139496,-0.310834,-0.254039
-0.182634,0.654899,-0.066882
0.485437,-0.654986,-0.209139
-0.169448,-0.432706,-0.219786
-0.168937,-0.476260,-0.219786
-0.216337,0.204087,0.171576
-0.176211,0.525411,-0.093879
-0.154160,-0.211051,-0.210560
0.446941,-0.265802,-0.208988
0.189329,-0.149007,-0.192354
0.035781,-0.149007,-0.109357
-0.191727,-0.149007,-0.035434
0.136776,-0.149007,-0.151376
0.257777,-0.149007,-0.213610
-0.292533,-0.149007,0.028846
-0.014176,-0.149007,-0.076374
0.055370,-0.149007,-0.139479
-0.377463,-0.149007,0.067948
-0.053487,-0.149007,-0.082322
0.114592,-0.149007,-0.150315
0.307280,-0.149007,-0.239754
-0.038956,-0.149007,-0.061540
-0.073170,-0.149007,-0.051745
-0.125288,-0.149007,-0.064306
-0.285428,-0.149007,0.009806
0.091441,-0.149007,-0.137262
-0.150863,-0.158555,-0.294959
-0.173313,-0.186878,-0.294959
-0.206239,-0.043901,-0.166608
-0.123507,-0.151830,0.265808
-0.254037,0.503473,-0.020676
0.448116,-0.770398,-0.251481
0.448116,-0.702462,-0.236988
-0.166284,0.654899,-0.089616
-0.127788,0.654899,-0.103901
-0.252749,-0.033159,0.099169
-0.196861,0.072743,0.183966
0.459104,-0.171532,0.265808
-0.211544,0.186222,-0.158613
-0.277434,-0.087569,-0.257771
-0.302422,-0.111572,-0.268493
-0.216488,0.477518,0.171576
-0.279575,0.525411,0.183910
-0.335879,0.525411,0.193799
-0.239582,0.525411,0.177374
-0.305491,0.525411,0.185198
-0.250096,0.464181,-0.020259
-0.274440,0.420040,-0.039223
0.209525,-0.022114,0.150567
-0.278059,0.531549,0.294301
-0.307708,0.547065,0.270488
-0.293253,0.554870,0.282101
-0.365054,-0.105263,-0.191691
-0.199324,0.189841,0.215907
-0.238332,0.502052,0.217328
0.230383,-0.016241,-0.007604
0.308663,-0.035698,0.080509
-0.260213,-0.060193,0.051788
-0.326425,0.654899,-0.003853
-0.374924,0.654899,-0.009802
-0.387465,0.654899,0.022632
-0.304411,-0.111856,0.243851
-0.255003,0.494228,-0.164846
0.237411,-0.032306,-0.045285
0.465413,-0.506060,-0.219786
0.474715,-0.545598,-0.219786
-0.238407,0.441031,-0.202660
-0.096738,0.654899,-0.133890
-0.133377,0.654899,-0.122258
0.456092,-0.465120,-0.219786
-0.276903,-0.146980,0.266433
-0.252578,0.528063,-0.252125
-0.195062,0.298092,0.187376
-0.253544,0.221289,-0.162232
0.262930,-0.040585,-0.272377
0.307223,-0.036664,-0.272377
-0.027627,-0.051801,-0.272377
0.035516,-0.042120,-0.272377
-0.182425,0.617407,-0.060365
-0.183941,-0.645097,0.249193
-0.158403,-0.203113,0.163639
-0.223062,0.180312,-0.202433
0.421139,-0.160222,0.247261
0.421139,-0.163140,0.167219
-0.231852,-0.057219,-0.067849
-0.075179,0.612595,0.188646
-0.139496,-0.280825,0.209466
-0.346204,0.525411,0.093940
-0.337546,0.525411,0.097976
-0.262429,0.281022,0.053342
0.479716,-0.050512,0.143690
-0.153743,0.637526,0.364397
-0.181194,0.654596,0.350188
-0.354009,-0.035698,0.033791
-0.275804,-0.035698,-0.102139
-0.367782,-0.035698,0.042297
-0.229087,-0.035698,-0.223291
-0.214594,0.584936,0.010242
-0.177746,-0.395744,-0.226341
-0.177746,-0.451404,-0.227554
-0.177746,-0.379547,-0.224068
-0.177746,-0.429201,-0.235264
-0.194910,-0.058015,0.208974
-0.218098,0.325675,0.077345
-0.141789,-0.211051,0.188191
-0.260592,0.438511,0.095172
0.442508,-0.627326,0.190275
-0.357248,0.525411,0.095664
-0.269496,0.525411,0.094073
-0.212642,0.412215,0.172372
-0.158877,-0.779415,-0.267982
-0.189871,-0.175435,-0.192809
-0.369449,-0.147434,0.174816
-0.265991,0.416270,0.057320
-0.206012,0.012271,0.221307
-0.228045,-0.128584,0.292350
-0.150276,-0.820545,-0.242065
0.083200,-0.035698,0.082327
0.468823,-0.496228,-0.267982
-0.375038,-0.064892,0.027236
-0.420960,-0.137791,0.044191
0.224529,-0.028745,0.024148
-0.333397,0.654899,-0.035339
-0.180322,-0.211051,0.177696
-0.206732,0.197400,-0.188091
-0.244261,0.654899,0.119080
-0.371343,0.654899,0.099434
0.450977,-0.265006,-0.274688
0.337535,-0.149007,-0.254228
-0.335992,-0.149007,0.058343
-0.121063,-0.149007,-0.041572
-0.215977,-0.149007,-0.021339
-0.095052,-0.149007,-0.055648
0.079809,-0.149007,-0.148554
0.296955,-0.149007,-0.222817
-0.357817,-0.149007,0.051807
-0.361833,-0.149007,0.038205
0.175784,-0.149007,-0.167309
-0.201181,-0.149007,-0.002906
-0.150086,-0.149007,-0.034562
-0.063565,-0.149007,-0.047388
-0.250002,-0.149007,-0.008930
-0.204591,0.001340,-0.181139
0.210586,-0.035698,-0.129514
0.464674,-0.032401,-0.139896
0.213276,-0.035698,-0.036931
0.441599,-0.629581,0.206454
-0.224540,0.458138,-0.202850
-0.218288,0.479166,0.068024
-0.380191,0.606855,0.166348
-0.363368,0.611345,0.197398
-0.244659,0.008766,0.100344
-0.244129,0.521129,-0.153536
-0.254226,0.422862,-0.190365
-0.140387,-0.660897,-0.209689
-0.177746,-0.763464,-0.255952
-0.177746,-0.745220,-0.247578
-0.245682,0.525089,0.046825
-0.274819,-0.002279,-0.041250
-0.238142,0.465867,-0.022400
0.246410,-0.019064,0.055179
-0.241836,0.336985,0.213388
-0.222020,0.654899,0.087727
-0.314244,0.571712,-0.202414
-0.333795,0.629835,-0.178960
-0.181668,-0.623803,0.211039
-0.235585,-0.008985,-0.203361
-0.215427,0.325031,-0.155014
-0.236191,0.251260,0.177146
-0.139496,-0.272110,-0.255232
-0.243371,-0.050266,0.185804
-0.220145,0.281913,0.062397
-0.224028,-0.035698,-0.047540
-0.242462,-0.035698,-0.021282
-0.281829,-0.035698,0.179552
-0.227552,-0.035698,-0.076601
-0.268605,-0.035698,0.091516
-0.228158,-0.105699,-0.308315
0.239798,-0.014366,0.105554
0.299626,-0.035698,0.085889
-0.209630,0.400621,0.173300
-0.244924,0.220607,0.207420
-0.150750,-0.686358,-0.268493
-0.159881,-0.273171,-0.278780
-0.084480,0.639326,-0.122751
-0.218440,0.356063,0.079012
0.465867,-0.845003,0.211266
-0.258792,0.254897,-0.071770
0.445104,-0.166663,0.265808
0.461302,-0.260156,-0.262583
-0.123298,-0.179925,-0.233824
-0.123298,-0.196899,-0.201315
-0.179280,0.654899,0.170705
-0.238009,0.390145,0.178832
0.216326,-0.035698,-0.137888
-0.153838,-0.317048,0.179836
-0.336485,-0.065271,0.137040
0.494645,-0.211051,-0.215903
-0.257239,0.257095,-0.182825
-0.307802,0.654899,0.156610
-0.199798,0.607272,-0.034752
-0.336409,-0.047728,-0.155165
-0.219254,-0.060004,0.082649
-0.192352,-0.149007,-0.116632
0.318552,-0.149007,-0.271657
-0.034277,-0.149007,-0.177823
-0.357627,-0.149007,-0.086149
-0.302668,-0.149007,-0.094940
0.150909,-0.149007,-0.218668
-0.141542,-0.149007,-0.115571
-0.152796,-0.149007,-0.136770
-0.127694,-0.149007,-0.139327
-0.247406,-0.149007,-0.107349
-0.297951,-0.149007,-0.106136
-0.051649,-0.149007,-0.170738
-0.410711,-0.149007,-0.036324
-0.164276,-0.149007,-0.141771
-0.325307,-0.149007,-0.087968
-0.240188,0.481383,-0.151698
-0.116516,0.525411,0.307752
-0.144384,0.525411,0.349469
-0.160392,0.525411,0.344126
-0.256557,-0.006163,0.097502
0.157881,-0.035698,0.001944
-0.250418,0.232505,-0.073797
-0.259777,-0.094427,-0.279235
-0.154292,-0.734080,0.190616
0.470187,-0.223631,0.226573
-0.207167,0.125921,-0.164808
0.444611,-0.318506,0.249610
-0.292893,0.525411,0.257908
-0.306400,0.525411,0.259026
-0.261084,0.525411,0.222557
-0.257845,0.525411,0.243548
-0.255723,-0.028025,-0.021074
-0.335159,-0.035698,-0.067129
-0.256272,-0.035698,-0.182503
-0.371609,-0.035698,0.026762
-0.211335,0.381904,0.223788
-0.299334,0.654899,-0.087589
-0.229844,0.411799,0.051068
-0.252654,0.300119,0.048037
-0.221736,0.220759,0.171387
-0.275179,0.291707,-0.043580
-0.220959,-0.007565,-0.151964
-0.249717,-0.062675,-0.171988
-0.261046,0.587455,0.307960
-0.294749,0.651527,0.280888
-0.204345,0.443607,-0.176971
-0.229105,0.149564,-0.028405
-0.189416,0.623261,0.113056
-0.250494,0.372242,-0.195385
-0.152815,0.573891,-0.295433
-0.123336,0.561652,-0.238542
-0.108521,0.582567,-0.209954
-0.117066,0.543730,-0.226455
-0.074269,0.531113,-0.143874
0.484206,-0.668171,0.244609
-0.242689,0.011816,0.184724
-0.267033,-0.106343,0.265467
-0.162022,-0.513922,0.238831
-0.175151,-0.536599,0.238831
-0.187313,-0.664458,0.221117
-0.253487,0.467629,0.048302
-0.256727,0.384404,-0.184587
-0.231815,0.385693,0.097123
-0.273057,0.372185,-0.058054
0.464655,-0.065971,0.108585
-0.226756,0.220645,-0.031645
0.502564,-0.140425,-0.260290
0.502564,-0.147851,-0.240834
0.502564,-0.146165,0.106785
0.502564,-0.142187,-0.223443
0.502564,-0.121101,-0.175948
-0.269439,0.137837,0.083729
-0.177879,-0.686965,-0.222988
-0.172934,0.553051,-0.293387
-0.206258,-0.031340,-0.166532
-0.204515,0.050236,-0.172576
-0.335822,0.605642,0.237599
-0.321897,0.646904,0.254309
-0.351508,0.621404,0.218806
-0.224293,0.322000,0.055861
0.440690,-0.638731,-0.277284
-0.316574,-0.149007,-0.221245
0.027408,-0.149007,-0.260593
0.268386,-0.149007,-0.291720
-0.155239,-0.149007,-0.247559
-0.085636,-0.149007,-0.250155
-0.106267,-0.149007,-0.238087
0.137743,-0.149007,-0.274291
0.052661,-0.149007,-0.260461
-0.278457,-0.149007,-0.225640
-0.249225,0.525411,-0.081091
0.238169,-0.013797,0.049666
-0.224483,0.217500,0.091156
-0.180607,-0.149007,-0.237613
-0.147889,-0.149007,-0.257827
0.118665,-0.149007,-0.275749
0.210377,-0.149007,-0.284994
-0.167989,-0.149007,-0.233445
0.063138,-0.149007,-0.274973
-0.000100,-0.149007,-0.266997
-0.157058,-0.149007,-0.260082
-0.254681,-0.149007,-0.216035
0.479489,-0.051763,-0.115514
-0.150276,-0.806544,-0.250742
-0.150276,-0.713582,-0.266959
-0.204307,0.079127,-0.179832
-0.203587,0.265525,0.219867
-0.252464,-0.140917,-0.303106
-0.150276,-0.712521,-0.253110
-0.150276,-0.739688,-0.236173
-0.280616,0.654899,0.022992
-0.246251,0.654899,0.009049
-0.235945,0.008368,0.219526
0.475586,-0.689238,-0.225735
0.475586,-0.805294,-0.219843
0.437336,-0.297837,-0.267527
0.439629,-0.668645,0.184611
-0.123298,-0.175397,0.197986
-0.169922,-0.405236,0.190616
-0.176022,-0.485998,0.190616
0.453515,-0.264191,-0.254948
-0.216034,0.175803,0.224849
-0.204250,0.461624,0.176275
-0.314850,-0.068605,0.172448
-0.204723,-0.208854,0.200202
-0.204723,-0.202564,0.184364
-0.264400,0.635215,-0.244206
-0.299940,0.533671,-0.215656
-0.366247,-0.071314,-0.113051
-0.167914,0.654899,0.346134
-0.157210,0.654899,0.331092
-0.147302,0.654899,0.340981
0.468406,-0.064911,-0.135671
-0.224938,0.490666,-0.059513
-0.139439,-0.149007,0.237012
-0.175302,-0.149007,0.241862
-0.248069,0.654899,0.284905
-0.280522,0.654899,0.285246
-0.249357,0.654899,0.305251
-0.111231,0.654899,0.223940
-0.134609,0.653971,0.157841
-0.148950,0.640899,0.150415
-0.240302,0.057700,0.215206
-0.241420,0.259368,0.046900
-0.159407,-0.845003,-0.245684
-0.096226,-0.085409,-0.295111
-0.173161,-0.081753,-0.291436
0.296084,-0.072943,-0.282645
0.082367,-0.073549,-0.283233
0.161405,-0.073663,-0.283346
0.061471,-0.068529,-0.278231
-0.002184,-0.072356,-0.282039
-0.158725,-0.085636,-0.295319
-0.075690,-0.067639,-0.277322
-0.180929,-0.094389,-0.304072
0.018655,-0.063111,-0.272794
-0.246288,0.010225,0.046863
-0.345237,0.586167,-0.165244
-0.339289,0.607688,-0.172386
-0.346791,0.569325,-0.163387
-0.176590,-0.634715,0.182356
-0.167345,-0.789873,0.238831
-0.130194,-0.171911,-0.192809
0.474317,-0.664496,0.248379
-0.239980,0.111295,-0.202262
-0.260668,0.282386,0.095096
-0.332184,-0.122257,-0.243221
-0.163424,-0.149007,0.228127
-0.225601,0.481137,-0.150732
-0.405482,-0.098348,0.053948
0.162314,-0.035698,0.064860
-0.125439,0.557466,0.162597
0.208729,-0.033671,0.130978
0.502564,-0.181251,-0.280789
-0.253127,0.278919,-0.161455
0.483903,-0.093612,-0.261503
0.497013,-0.106703,-0.006486
0.495611,-0.105301,0.075753
0.491007,-0.100697,-0.234563
0.487957,-0.097647,-0.162857
0.458555,-0.068264,-0.226038
0.485722,-0.095412,0.074427
0.482766,-0.092456,-0.216225
0.440519,-0.211051,0.204881
0.484869,-0.208437,0.265808
0.119423,-0.149007,-0.123660
-0.323204,-0.149007,0.083199
-0.067089,-0.149007,-0.030167
-0.327694,-0.149007,0.146190
0.194804,-0.149007,-0.156567
-0.194683,-0.149007,0.060086
-0.177557,-0.149007,0.033260
-0.208948,-0.149007,0.082460
-0.282833,-0.149007,0.075052
-0.271807,-0.149007,0.109399
0.145567,-0.149007,-0.121046
-0.027930,-0.149007,-0.063529
0.089661,-0.149007,-0.119454
-0.202715,-0.149007,0.025152
0.099758,-0.149007,-0.102196
0.039305,-0.149007,-0.096512
0.052017,-0.149007,-0.100888
-0.365110,0.525411,0.076208
-0.379906,0.525411,0.069805
-0.380929,0.525411,0.085396
-0.384718,-0.149007,-0.102101
-0.270614,-0.149007,-0.146432
-0.208493,-0.149007,-0.144746
-0.174772,-0.149007,-0.143060
-0.408570,-0.149007,-0.097554
-0.036872,-0.149007,-0.205256
-0.402887,-0.149007,-0.121330
0.101823,-0.149007,-0.216149
0.014146,-0.149007,-0.215202
0.090286,-0.149007,-0.229334
0.081761,-0.149007,-0.229183
0.256356,-0.149007,-0.259874
-0.244564,0.310974,-0.153801
-0.233785,-0.062675,0.082195
0.409203,-0.133055,-0.321937
0.154926,-0.147965,-0.321937
0.385693,-0.132752,-0.321937
0.128839,-0.133036,-0.321937
0.434419,-0.129740,-0.321937
-0.176060,-0.211051,0.223580
-0.251176,0.395885,-0.159182
-0.134817,-0.149007,0.168223
-0.194967,-0.149007,0.246977
-0.187218,0.600395,-0.285998
-0.220902,0.525411,0.063022
0.468633,-0.609272,-0.267982
0.468103,-0.442065,-0.267982
-0.249452,0.161821,-0.157401
0.474279,-0.843032,0.238831
-0.320590,0.654899,-0.012473
-0.385912,0.654899,0.008556
0.440368,-0.290335,0.249610
-0.150295,-0.580324,0.226971
-0.150295,-0.558443,0.193079
-0.150295,-0.505359,0.211209
-0.150295,-0.616926,0.205109
0.458744,-0.495622,0.238831
0.462003,-0.484672,0.238831
-0.221471,0.224908,0.060105
0.178379,-0.035698,0.108452
-0.114887,0.525411,0.236804
-0.203303,0.525411,0.283237
-0.138322,0.525411,0.251505
0.502564,-0.204307,-0.193832
0.502564,-0.156774,-0.219521
-0.227438,0.100724,-0.063302
-0.201275,-0.113353,0.298526
-0.037725,-0.116384,0.298526
-0.201408,-0.140936,0.298526
0.328138,-0.116914,0.298526
-0.179470,-0.139610,0.298526
-0.098007,-0.135385,0.298526
-0.118941,-0.139440,0.298526
-0.204723,-0.184472,-0.228615
0.229227,-0.018515,0.065410
-0.332071,0.525411,0.006377
-0.316858,0.525411,0.013785
-0.296549,0.525411,-0.012094
-0.187957,-0.318942,-0.256255
0.478541,-0.055741,-0.102821
0.043681,-0.035698,0.105667
0.475586,-0.832347,-0.239034
0.475586,-0.717276,-0.266485
0.044534,-0.035698,0.057415
0.265810,-0.149007,0.243491
0.328953,-0.149007,0.265448
0.481914,-0.149007,0.040175
0.200469,-0.149007,0.247981
0.362012,-0.149007,-0.078003
0.420589,-0.149007,0.162066
-0.123450,-0.149007,0.169777
0.463026,-0.149007,0.248417
-0.068680,-0.149007,0.213767
0.090589,-0.149007,0.180499
0.286839,-0.149007,0.044419
0.079392,-0.149007,0.242847
0.317037,-0.149007,-0.043277
0.084318,-0.149007,0.233507
0.496350,-0.149007,-0.267262
0.158127,-0.149007,0.034169
-0.036739,-0.149007,0.193268
0.453023,-0.149007,0.106956
0.455372,-0.149007,-0.148800
0.323440,-0.149007,-0.059172
0.343294,-0.149007,0.177734
0.247225,-0.149007,0.231215
0.396851,-0.149007,0.030286
-0.122957,-0.149007,0.236065
0.461453,-0.149007,0.085396
0.350455,-0.149007,0.061242
0.425970,-0.149007,-0.109470
0.479830,-0.149007,-0.066674
0.204409,-0.149007,-0.052977
0.042999,-0.149007,0.155909
0.130335,-0.149007,0.093334
0.161272,-0.149007,0.133175
0.304779,-0.149007,-0.042065
0.244554,-0.149007,0.033014
-0.017927,-0.149007,0.158523
0.110367,-0.149007,-0.015921
0.474601,-0.149007,-0.013098
0.248229,-0.149007,0.196432
0.493129,-0.149007,-0.160527
0.483050,-0.149007,0.284791
0.452189,-0.149007,0.275299
0.023695,-0.149007,0.096782
0.301256,-0.149007,0.054819
-0.153516,-0.149007,0.178662
0.472763,-0.149007,0.269635
0.424378,-0.149007,-0.258623
0.158392,-0.149007,0.281400
0.322455,-0.149007,0.187301
0.244307,-0.149007,-0.110323
0.145510,-0.149007,-0.024237
0.034493,-0.149007,0.237770
-0.047083,-0.149007,0.205582
0.227598,-0.149007,0.254062
0.286668,-0.149007,0.256184
-0.026263,-0.149007,0.166537
0.339373,-0.149007,-0.161038
0.452758,-0.149007,0.256222
0.263101,-0.149007,0.201907
0.487540,-0.149007,0.136737
0.109515,-0.149007,0.153011
0.088334,-0.149007,0.162616
0.416478,-0.149007,0.090909
0.395563,-0.149007,-0.186386
0.274070,-0.149007,-0.077113
0.396093,-0.149007,0.071642
0.026025,-0.149007,0.244723
0.473616,-0.149007,0.164074
-0.036683,-0.149007,0.202419
-0.172972,-0.149007,0.194405
0.101937,-0.149007,0.094433
0.496217,-0.149007,0.223542
0.296747,-0.149007,-0.032270
0.004693,-0.149007,0.186297
0.354604,-0.149007,0.044078
0.274846,-0.149007,0.133535
0.222540,-0.149007,0.225020
0.335584,-0.149007,0.222178
-0.054263,-0.149007,0.144315
0.243891,-0.149007,0.130978
0.441732,-0.149007,-0.147568
0.409961,-0.149007,-0.172329
-0.068302,-0.149007,0.248057
0.306655,-0.149007,-0.107841
0.478295,-0.149007,0.215699
-0.146032,-0.149007,0.218522
0.273956,-0.149007,0.264918
0.257701,-0.149007,-0.100206
0.432505,-0.149007,0.116750
-0.035072,-0.149007,0.229642
-0.024463,-0.149007,0.262360
0.446657,-0.149007,-0.181120
0.181714,-0.149007,0.145357
0.223203,-0.149007,0.110479
0.380729,-0.149007,0.068460
0.229985,-0.149007,0.090246
0.072402,-0.149007,0.113586
0.226404,-0.149007,0.169682
0.289927,-0.149007,0.010261
0.349982,-0.149007,0.092103
0.178531,-0.149007,-0.013477
0.106521,-0.149007,0.272894
0.413087,-0.149007,0.031896
0.216269,-0.149007,0.201964
0.314650,-0.149007,-0.034221
0.068594,-0.149007,0.190938
0.478939,-0.149007,-0.165964
0.060429,-0.149007,0.154848
0.380862,-0.149007,-0.057031
0.156384,-0.149007,0.088750
0.423071,-0.149007,0.060105
0.308815,-0.149007,-0.091643
0.417065,-0.149007,-0.138285
-0.225525,0.317321,-0.060858
0.212973,-0.034390,0.152499
-0.169107,0.647927,-0.074214
-0.154520,-0.625432,-0.215069
0.482766,-0.671752,-0.275560
-0.204723,-0.172252,-0.239280
-0.204723,-0.167497,-0.254361
-0.357684,-0.077471,-0.146943
0.437336,-0.298747,0.229301
0.229038,-0.034637,0.144258
-0.144555,-0.676697,0.243662
0.475586,-0.706857,-0.223537
0.475586,-0.701116,-0.260025
-0.195005,0.342366,0.187490
-0.239241,0.654899,0.037731
0.470244,-0.766362,-0.267982
0.474658,-0.061235,-0.214652
-0.147965,-0.298690,-0.208988
0.018144,-0.035698,0.027861
-0.123298,-0.168709,-0.266542
0.453307,-0.062846,0.045896
-0.157418,0.561008,-0.083611
-0.170831,-0.163954,0.163639
-0.183088,-0.194361,0.163639
0.448116,-0.321670,-0.247578
0.448116,-0.406467,-0.260233
0.448116,-0.365016,-0.256634
-0.230640,0.587796,0.324556
-0.241211,0.574971,0.319081
-0.219860,0.534637,0.330145
-0.246838,0.622352,-0.255099
-0.243617,0.648382,-0.256767
-0.364353,0.629134,-0.134496
-0.237687,-0.035698,0.073821
-0.252332,-0.035698,0.207515
-0.245758,-0.035698,0.174134
-0.261842,-0.035698,0.201528
-0.218951,-0.035698,-0.105985
0.421139,-0.157039,-0.281205
0.421139,-0.186252,-0.286567
-0.223024,0.425950,-0.055212
-0.085541,0.650390,0.250141
-0.128092,0.600376,0.332229
-0.067260,0.643305,0.214884
-0.101512,0.648041,0.280964
-0.118486,0.628888,0.313701
0.162674,-0.035698,-0.090412
-0.141410,-0.667129,-0.232252
0.474070,-0.643695,-0.209632
-0.343400,0.654899,-0.164732
0.159605,-0.035698,-0.050211
-0.228404,0.428603,0.223485
-0.275066,0.333594,-0.051480
0.501105,-0.211051,-0.240948
0.475624,-0.159578,-0.192809
-0.149992,-0.686718,0.207155
-0.237555,0.293431,-0.071391
-0.271333,-0.015275,0.075071
-0.155675,-0.231284,-0.234582
-0.132449,0.654899,0.292312
0.464390,-0.576914,0.190616
0.471248,-0.604403,0.190616
-0.341960,-0.035698,-0.056084
-0.293215,-0.035698,-0.122220
0.476098,-0.059720,0.097540
-0.180701,-0.149007,0.222538
-0.169770,-0.149007,0.202210
-0.308541,-0.035698,0.020112
-0.285315,-0.035698,-0.002792
-0.343040,-0.035698,0.090189
-0.303464,-0.035698,-0.021490
0.240727,-0.018496,-0.065973
-0.177822,-0.149007,-0.263985
-0.156604,-0.149007,-0.275636
-0.271447,0.374761,0.072836
-0.238748,0.525411,-0.179547
0.347462,-0.060118,0.248966
-0.132146,-0.054226,0.248966
-0.108540,-0.051725,0.248966
0.200886,-0.054036,0.248966
-0.244697,0.209866,-0.073475
-0.231019,0.404656,0.174020
-0.225714,0.396093,0.092520
-0.198112,0.198082,0.214316
-0.081298,-0.106324,-0.316026
0.082935,-0.112254,-0.321937
0.350986,-0.074819,-0.284502
0.464977,-0.094730,-0.304432
0.222805,-0.104733,-0.314416
0.170650,-0.091547,-0.301249
0.390694,-0.098595,-0.308278
0.418695,-0.097382,-0.307065
0.305423,-0.104922,-0.314605
0.328915,-0.098386,-0.308069
-0.066237,-0.110340,-0.320042
0.480209,-0.109848,0.296139
0.392380,-0.090448,0.276720
0.038301,-0.106873,0.293164
0.137231,-0.090751,0.277023
0.096215,-0.109791,0.296082
0.363414,-0.110909,0.297181
0.338520,-0.083420,0.269711
0.311031,-0.103236,0.289527
0.128175,-0.111666,0.297958
0.351592,-0.087588,0.273879
-0.150276,-0.752893,-0.232744
-0.150276,-0.771440,-0.226568
0.480228,-0.211051,-0.276640
-0.279499,0.525411,-0.032308
-0.234959,-0.062675,-0.163236
-0.209232,0.489776,-0.161398
-0.153932,-0.265006,0.223069
-0.242121,0.066491,-0.201391
-0.177746,-0.560489,0.201945
-0.177746,-0.597621,0.196773
-0.177746,-0.611072,0.233962
0.463480,-0.265006,-0.222079
-0.126368,0.525411,0.272723
-0.167951,-0.657316,-0.209253
-0.193792,0.501635,0.191014
0.444157,-0.677056,0.244382
-0.255874,0.142725,-0.072945
-0.370491,-0.149007,-0.189096
-0.313410,-0.149007,-0.173674
0.174022,-0.149007,-0.264780
0.057701,-0.149007,-0.242046
-0.381100,-0.149007,-0.154824
-0.074250,-0.149007,-0.209367
-0.335443,-0.149007,-0.168351
-0.040926,-0.149007,-0.237803
-0.330271,-0.149007,-0.184018
-0.133415,-0.149007,-0.231115
-0.192864,0.011096,0.199293
0.456982,-0.033727,-0.214576
0.385105,-0.130858,0.298526
0.329067,-0.138454,0.298526
0.299967,-0.125477,0.298526
0.173473,-0.141239,0.298526
-0.192997,-0.148514,0.298526
0.237393,-0.144744,0.298526
0.331624,-0.148363,0.298526
-0.257220,0.125921,-0.171117
0.217444,-0.023251,0.066698
-0.242689,0.426121,0.211740
0.225211,-0.063168,0.249459
-0.094351,-0.081165,0.267437
0.183362,-0.077736,0.264008
-0.073284,-0.074686,0.260958
-0.081317,-0.071712,0.258003
0.294890,-0.069571,0.255843
-0.167156,-0.096302,0.282593
0.272194,-0.064172,0.250444
-0.064247,-0.088364,0.274636
0.233130,-0.074932,0.261205
0.421139,-0.165129,0.233052
0.421139,-0.205140,0.164813
-0.212586,0.283675,-0.196238
-0.223441,0.233433,0.057055
-0.352569,-0.042745,0.101954
-0.407888,0.604259,0.011492
-0.407717,0.526074,0.009863
0.475586,-0.794647,-0.236325
0.475586,-0.727185,-0.267092
-0.215787,0.594275,0.022215
0.483865,-0.654114,0.249516
0.437583,-0.211051,-0.250742
0.475586,-0.566134,-0.267470
0.475586,-0.583981,-0.256767
0.475586,-0.507595,-0.237632
-0.322769,0.543333,0.253248
-0.314622,0.534542,0.263004
-0.310530,0.621253,0.267930
-0.222948,0.497713,-0.151376
0.242962,-0.029597,0.053683
-0.389076,0.525411,0.017422
-0.283458,0.525411,-0.006183
-0.123298,-0.197733,-0.293974
-0.211525,-0.041135,-0.268493
-0.188526,-0.153762,0.265808
-0.246667,-0.062675,-0.051026
-0.246251,0.054821,-0.154805
-0.150276,-0.423044,-0.246006
-0.150276,-0.410389,-0.233635
-0.150276,-0.343078,-0.224977
-0.150276,-0.364978,-0.236552
0.502564,-0.130554,-0.250003
0.502564,-0.142187,0.080262
0.502564,-0.144062,0.140299
0.502564,-0.143911,-0.084577
0.502564,-0.143930,-0.060119
-0.408399,-0.105358,-0.091738
-0.268170,0.007743,-0.028614
0.499646,-0.149007,0.201036
0.453383,-0.149007,0.239986
-0.185854,-0.670179,0.197285
-0.254094,0.439913,-0.163217
0.462609,-0.417493,0.238831
0.456793,-0.330801,0.238831
0.448116,-0.719701,0.234928
0.448116,-0.754730,0.233810
-0.198642,0.525411,-0.061294
-0.233235,0.195392,-0.025071
0.448116,-0.532829,-0.251538
0.448116,-0.336125,-0.220260
0.448116,-0.516821,-0.238731
-0.256197,0.654899,-0.108807
-0.242518,0.654899,-0.113146
-0.305832,0.654899,-0.124702
0.193080,-0.035698,-0.005368
-0.069666,0.654899,0.198705
-0.199627,0.654899,0.225626
-0.122654,0.654899,0.207591
-0.097496,0.654899,0.204389
-0.362269,-0.099371,0.161043
-0.390250,-0.107177,0.125768
0.197627,-0.035698,-0.049453
0.010225,-0.035698,-0.172007
0.452568,-0.035698,0.111673
0.369950,-0.035698,-0.099467
0.011134,-0.035698,-0.136732
0.180937,-0.035698,-0.221567
0.078218,-0.035698,-0.080864
-0.099807,-0.035698,-0.225185
0.360439,-0.035698,0.170553
0.335470,-0.035698,0.004483
0.020019,-0.035698,-0.267584
0.160931,-0.035698,-0.253584
0.053192,-0.035698,-0.243410
0.363660,-0.035698,0.012345
-0.004742,-0.035698,-0.128188
0.377528,-0.035698,0.086798
0.339581,-0.035698,0.025966
-0.016317,-0.035698,-0.141961
0.208767,-0.035698,-0.054587
0.270716,-0.035698,-0.256217
0.272554,-0.035698,-0.229619
0.388534,-0.035698,-0.046611
-0.092835,-0.035698,-0.254512
-0.023308,-0.035698,-0.169241
0.073633,-0.035698,-0.139460
-0.179394,-0.035698,-0.270293
-0.052710,-0.035698,-0.261370
-0.002601,-0.035698,-0.185572
0.323080,-0.035698,0.044722
0.432240,-0.035698,-0.238807
0.235119,-0.035698,0.055009
0.433907,-0.035698,-0.168180
0.339051,-0.035698,-0.066712
0.221801,-0.035698,-0.260139
0.260505,-0.035698,-0.034998
0.256981,-0.035698,-0.187656
0.444554,-0.035698,-0.238769
0.221024,-0.035698,-0.069686
0.190220,-0.035698,0.032692
0.178000,-0.035698,-0.096038
0.445350,-0.035698,0.137154
0.359132,-0.035698,0.162161
0.061963,-0.035698,-0.244964
0.099872,-0.035698,-0.069989
0.350455,-0.035698,0.106501
0.429436,-0.035698,-0.093708
0.364228,-0.035698,0.045006
0.083522,-0.035698,-0.206487
-0.026888,-0.035698,-0.255895
0.373511,-0.035698,-0.263681
0.304609,-0.035698,-0.078363
0.237070,-0.035698,-0.256255
-0.006863,-0.035698,-0.208040
0.420513,-0.035698,-0.220923
0.177243,-0.035698,-0.122751
0.410548,-0.035698,-0.155544
0.395146,-0.035698,0.171273
0.212973,-0.035698,-0.192146
0.352710,-0.035698,-0.044452
0.055844,-0.035698,-0.080352
0.115293,-0.035698,-0.158386
0.103358,-0.035698,-0.113108
0.426557,-0.035698,-0.269346
0.244345,-0.035698,-0.185155
0.345056,-0.035698,0.083559
0.266264,-0.035698,-0.207036
0.096519,-0.035698,-0.062203
0.435158,-0.035698,-0.271941
0.260770,-0.035698,-0.196238
0.387701,-0.035698,0.065201
0.167922,-0.035698,-0.192032
0.161954,-0.035698,-0.080314
0.415588,-0.035698,-0.145996
0.199579,-0.035698,-0.150391
0.427580,-0.035698,0.203082
0.354320,-0.035698,0.061564
0.419282,-0.035698,-0.076961
0.127361,-0.035698,-0.094769
0.366028,-0.035698,-0.030035
0.186147,-0.035698,-0.151945
-0.240037,0.193781,0.215510
0.440046,-0.633938,-0.237954
-0.253203,0.479280,-0.073361
0.453515,-0.251934,0.224243
0.470187,-0.241495,0.217669
-0.254795,0.357370,-0.189418
-0.123298,-0.172612,-0.240095
-0.245512,0.160287,0.204806
-0.306078,0.652966,-0.210712
-0.275179,0.620779,-0.235548
-0.418952,-0.147112,-0.080883
-0.318771,0.525411,-0.196389
-0.263452,0.508607,0.092595
-0.264153,0.385238,0.091970
-0.229200,0.228962,0.051466
-0.247141,0.654899,-0.066219
-0.212718,0.617180,0.062018
-0.235168,0.169399,0.220018
0.439951,-0.312671,0.179836
-0.229200,0.193327,-0.065499
0.448116,-0.693160,0.213577
0.448116,-0.738930,0.204408
-0.331521,0.525411,-0.154275
-0.121025,0.525411,-0.117655
-0.192580,0.533065,0.344278
-0.178257,0.565801,0.351704
-0.142603,-0.293745,0.249610
-0.214745,0.072781,0.224565
-0.282738,0.654899,0.176142
-0.319586,0.654899,0.203669
-0.294617,0.654899,0.180954
-0.384567,-0.127239,0.146948
0.486366,-0.270841,-0.229031
-0.222285,0.360363,-0.051499
-0.221262,0.654899,-0.001238
0.219850,-0.023118,-0.035434
-0.267204,0.014052,0.058930
-0.154671,-0.318942,-0.277852
-0.150295,-0.780060,0.229605
-0.181402,-0.680978,0.220530
-0.380948,-0.090581,-0.130821
-0.252862,-0.035698,-0.118545
-0.282416,-0.035698,-0.012833
-0.326217,-0.035698,0.111787
-0.270367,-0.035698,-0.074555
0.479943,-0.049092,0.228582
-0.175738,-0.694562,0.238831
-0.052748,-0.149007,0.284848
-0.075444,-0.149007,0.290531
0.059841,-0.149007,0.281494
-0.093536,-0.149007,0.291099
-0.064778,-0.149007,0.284677
0.485475,-0.149007,-0.197772
0.464390,-0.149007,-0.197337
-0.261558,0.130183,0.052660
0.459369,-0.065498,-0.171950
-0.422570,-0.134931,-0.051385
-0.326236,0.654899,0.051561
-0.126368,0.654899,-0.241213
-0.205993,0.654899,-0.146583
-0.208929,0.654899,-0.210787
-0.109829,0.654899,-0.150050
-0.303180,0.654899,-0.155715
-0.176647,0.654899,-0.241270
-0.333624,0.654899,-0.169582
-0.089501,0.654899,-0.160413
-0.241533,0.654899,-0.233768
-0.232193,0.511335,-0.150183
-0.137147,-0.211051,-0.218877
-0.177746,-0.425014,0.196754
-0.177746,-0.344385,0.223788
-0.177746,-0.440113,0.203442
-0.177746,-0.366058,0.202760
-0.123298,-0.195611,0.255085
0.037714,-0.149007,-0.018402
-0.262524,-0.149007,0.154602
0.209089,-0.149007,-0.152210
-0.248751,-0.149007,0.145319
-0.195440,-0.149007,0.081077
-0.026547,-0.149007,-0.003550
-0.192220,-0.149007,0.097123
-0.308579,-0.149007,0.211967
-0.089425,-0.149007,0.029130
-0.153231,-0.149007,0.085946
-0.299978,-0.149007,0.150245
-0.019746,-0.149007,0.021817
-0.139231,-0.149007,0.091629
-0.069495,-0.149007,0.021514
-0.218136,-0.149007,0.108376
-0.059928,-0.149007,0.021135
-0.177746,-0.563956,-0.233673
-0.177746,-0.466390,-0.227232
-0.177746,-0.523906,-0.240531
-0.154008,-0.839736,0.238831
-0.177746,-0.824959,-0.230661
-0.177746,-0.808742,-0.248829
0.498130,-0.211051,0.252282
0.073273,-0.035698,0.005013
-0.245872,0.267344,0.192738
-0.339895,-0.132942,0.210565
-0.238521,-0.147150,0.286913
-0.139496,-0.307367,0.183417
-0.270708,0.234532,-0.031759
-0.188848,0.529730,0.113738
-0.160904,-0.240832,-0.225167
0.478655,-0.196596,-0.294959
-0.269591,-0.147055,0.270810
-0.326993,0.533936,0.248170
-0.318639,0.570026,0.258211
0.452985,-0.038994,0.231177
0.452985,-0.047443,0.146152
0.452985,-0.049054,0.114590
-0.263301,0.525411,0.124309
0.221517,-0.016317,-0.075332
-0.247368,0.290589,-0.198379
-0.257902,0.364645,-0.175095
0.437431,-0.654057,0.207856
-0.406221,0.609886,0.066300
-0.407509,0.590335,0.053361
0.475586,-0.584321,0.229453
0.475586,-0.616300,0.236008
0.475586,-0.414007,0.195807
0.475586,-0.425639,0.197815
0.461321,-0.805787,0.238831
0.432335,-0.170054,0.265808
0.448116,-0.774585,0.221799
0.448116,-0.838542,0.207894
-0.245038,0.496255,0.206909
-0.232913,0.525411,0.048094
-0.192087,0.527040,-0.048809
-0.268264,0.410624,-0.028727
-0.158725,-0.613061,0.238831
-0.165186,-0.527828,0.238831
-0.234088,0.654899,0.217726
-0.218174,0.654899,0.230798
-0.156566,0.654899,0.219772
-0.288138,-0.057238,0.193837
-0.153042,-0.401390,0.190616
-0.128546,-0.149007,-0.285752
-0.266067,0.418335,0.089640
-0.242992,0.045879,0.211190
-0.373749,0.654899,-0.031948
-0.238824,0.654899,-0.002640
0.452890,-0.411961,-0.267982
0.462836,-0.359105,-0.267982
0.475416,-0.211051,-0.294410
-0.380986,-0.071522,0.034586
-0.236570,0.496615,-0.071012
-0.385325,0.553790,0.154640
-0.391576,0.547463,0.134331
-0.367573,-0.035698,-0.069876
-0.249812,-0.035698,-0.207074
0.469808,-0.079498,0.148843
0.474828,-0.084518,0.156231
0.475472,-0.085163,0.074977
0.496766,-0.106457,0.277838
0.471608,-0.081298,0.202021
0.465091,-0.074781,0.000486
0.480834,-0.090543,0.265088
0.491121,-0.100811,0.185311
-0.390875,0.525411,0.119592
-0.288251,0.525411,0.126260
-0.358423,0.525411,0.118512
-0.318601,0.525411,0.124764
-0.392732,-0.102061,0.108130
-0.275653,-0.035698,-0.193851
-0.264324,-0.035698,-0.207718
-0.192978,0.184025,0.202153
-0.217947,0.032959,0.071661
-0.234959,0.360818,0.220151
-0.235016,0.466341,0.220113
0.474544,-0.795064,0.238831
-0.324663,-0.101872,-0.236041
-0.225563,0.009012,-0.060934
-0.371400,-0.085295,0.114647
-0.188526,-0.287494,0.209864
-0.207073,0.196434,0.174494
-0.298633,-0.123753,0.248985
-0.392997,-0.080370,0.003157
-0.157816,-0.781859,-0.219786
-0.192864,0.267628,0.199463
-0.230394,0.146988,-0.066807
-0.139534,-0.652769,-0.252485
-0.272811,0.564608,0.298526
-0.139496,-0.282189,-0.277985
-0.244811,0.173927,0.189252
-0.234618,0.222161,0.048643
0.236616,-0.034618,0.114268
-0.262600,0.525411,0.064519
-0.253620,0.317586,0.098980
-0.375625,0.619074,-0.113676
-0.370396,0.590998,-0.123338
-0.365755,0.574554,-0.131901
-0.243144,0.433396,-0.200822
-0.161681,-0.238976,-0.262583
-0.242045,0.525411,-0.069459
-0.271599,0.654899,-0.233294
0.448116,-0.785345,-0.230774
-0.407869,0.579764,0.049666
-0.408778,0.629854,0.040573
-0.406694,0.632013,0.061488
-0.219330,0.288259,-0.201050
-0.323186,0.595658,-0.191672
-0.248164,0.143729,0.100135
0.460127,-0.032818,0.090189
-0.229750,0.422048,-0.203645
0.129028,-0.149007,-0.293046
-0.300831,-0.149007,-0.257202
0.070943,-0.149007,-0.295547
-0.077831,-0.149007,-0.274347
0.240462,-0.149007,-0.299336
-0.216185,-0.149007,-0.291833
-0.155599,-0.817874,-0.219786
-0.185703,-0.295772,0.179836
-0.373636,-0.139421,-0.190516
-0.240264,0.654899,0.168564
-0.205784,0.501938,0.175309
-0.205102,0.489719,0.175744
0.458858,-0.845003,-0.237424
-0.170547,-0.195137,0.265808
-0.215446,0.529768,0.042278
-0.171058,-0.260175,-0.262583
-0.251820,0.458195,-0.194097
-0.274744,0.073235,-0.040814
0.371787,-0.116213,-0.321937
0.261964,-0.114281,-0.321937
0.012119,-0.116308,-0.321937
0.120749,-0.121631,-0.321937
-0.006087,-0.120286,-0.321937
0.215814,-0.125060,-0.321937
-0.366948,-0.052407,0.057945
-0.379073,0.527495,0.168394
-0.362060,0.534107,0.199804
0.229796,-0.033216,0.086798
-0.216602,0.590392,0.030797
-0.152663,-0.843316,-0.267982
-0.361625,-0.108673,0.178946
-0.303331,-0.071788,0.191203
-0.408930,0.531435,0.022083
-0.404383,0.529181,-0.023688
-0.238104,0.287596,0.047601
0.460809,-0.065630,-0.034259
-0.273247,0.005394,-0.057561
-0.155675,-0.212301,0.224660
-0.291150,0.654899,0.152556
-0.376458,0.654899,0.112582
-0.295185,0.654899,0.129064
-0.239184,-0.009971,-0.072016
-0.192618,-0.150503,-0.294959
-0.190742,0.525411,0.193211
-0.132885,0.525411,0.194557
-0.310076,0.525411,0.212384
-0.236551,0.525411,0.206208
-0.355354,0.525411,0.182280
-0.212112,0.525411,-0.172803
-0.107877,0.585807,-0.110626
-0.092513,0.568131,-0.118583
-0.263206,0.110992,-0.024522
-0.155202,-0.635662,-0.211261
-0.148003,-0.265006,-0.233199
-0.296057,0.654899,0.116807
0.123079,-0.035698,0.032521
0.475586,-0.432119,-0.259817
0.475586,-0.423953,-0.264458
0.475586,-0.550978,-0.238636
0.475586,-0.483023,-0.247389
-0.267128,0.266984,0.088011
0.453515,-0.212794,0.200240
-0.384908,0.648704,-0.094959
-0.385704,0.609924,-0.092363
-0.240037,0.234077,-0.151661
0.502564,-0.175151,0.201737
0.236692,-0.028044,0.086798
-0.204420,0.314005,-0.173049
-0.204345,0.493224,-0.177975
-0.209100,-0.015502,-0.161626
-0.307329,0.525411,0.230230
-0.215996,0.525411,0.212478
-0.148211,0.525411,0.218484
-0.220220,0.525411,0.242544
0.463935,-0.219292,-0.225167
-0.228063,-0.049527,-0.150107
-0.090183,0.598311,-0.174565
-0.134211,0.634552,-0.259532
-0.130952,0.629437,-0.253224
-0.091528,0.615191,-0.177179
-0.106570,0.622389,-0.206203
-0.107783,0.612121,-0.208552
-0.220580,0.359302,0.224963
-0.355108,-0.120836,0.192340
-0.341429,0.578153,0.230893
-0.322504,0.636106,0.253570
0.450011,-0.704792,0.190616
0.453099,-0.768219,0.190616
-0.370510,0.570897,-0.123130
-0.364561,0.564115,-0.134099
-0.172347,-0.247141,0.201888
0.305139,-0.036209,0.248966
0.365308,-0.047955,0.248966
-0.042574,-0.039202,0.248966
0.388800,-0.039013,0.248966
-0.234240,0.168282,-0.024275
-0.232459,0.020625,-0.025696
-0.274270,0.401322,-0.054928
-0.260762,0.387530,-0.070899
-0.237820,0.282311,0.178662
-0.230867,-0.041665,0.222728
0.280947,-0.035698,-0.063245
-0.260402,-0.091471,0.252168
-0.224521,0.654899,0.279827
-0.231777,0.654899,0.272571
-0.150882,0.654899,0.240195
-0.246061,0.085246,0.046844
-0.241268,-0.032913,0.214164
-0.158991,-0.496664,0.238831
-0.158991,-0.422267,0.238831
-0.207205,-0.019424,0.174418
0.164872,-0.035698,0.128079
-0.150295,-0.768295,0.199406
-0.150295,-0.807643,0.209163
0.305518,-0.116535,0.298526
0.076248,-0.128054,0.298526
0.163261,-0.119396,0.298526
-0.151413,-0.120457,0.298526
0.236142,-0.123829,0.298526
-0.165261,-0.115777,0.298526
0.065771,-0.149007,0.008708
0.361102,-0.149007,-0.226284
-0.146146,-0.149007,0.163279
-0.180663,-0.149007,0.163809
0.072023,-0.149007,-0.022930
-0.051005,-0.149007,0.072760
0.044894,-0.149007,-0.004308
0.425022,-0.149007,-0.270331
-0.210047,-0.149007,0.218787
-0.013039,-0.149007,0.054819
-0.058848,-0.149007,0.062359
0.197362,-0.149007,-0.098463
-0.275482,-0.149007,0.235061
-0.134627,-0.149007,0.116864
0.467080,-0.623291,-0.216092
-0.254851,0.485892,-0.189323
0.502564,-0.149916,-0.199818
0.443342,-0.265006,-0.258604
-0.240643,0.340528,-0.072585
-0.267298,0.050198,-0.066314
-0.193849,0.643134,0.106785
0.492561,-0.102251,-0.291360
0.223392,-0.031795,-0.007604
0.431691,-0.211051,-0.268702
-0.269913,0.077062,0.064292
-0.243219,0.209752,0.100268
0.357238,-0.039165,-0.272377
0.129483,-0.043332,-0.272377
0.235991,-0.037043,-0.272377
-0.075955,-0.040206,-0.272377
0.044269,-0.149007,0.031801
0.256981,-0.149007,0.243377
0.434514,-0.149007,-0.247105
0.398215,-0.149007,-0.134800
0.250749,-0.149007,0.086457
0.333879,-0.149007,0.030437
0.443342,-0.149007,-0.012814
0.118855,-0.149007,0.171823
0.127702,-0.149007,-0.015220
0.467686,-0.149007,-0.292724
0.115426,-0.149007,0.207818
0.349034,-0.149007,-0.013287
0.321167,-0.149007,0.119023
0.362220,-0.149007,0.066868
0.284035,-0.149007,-0.137338
0.498471,-0.149007,-0.291549
0.053097,-0.149007,0.072590
0.484471,-0.149007,-0.135955
0.141721,-0.149007,0.210508
0.383192,-0.149007,0.161593
0.087633,-0.149007,0.098089
0.330961,-0.149007,-0.187940
0.498737,-0.149007,-0.172632
0.372678,-0.149007,-0.073437
0.374269,-0.149007,0.112601
0.501919,-0.149007,-0.016470
0.341911,-0.149007,-0.192468
0.293697,-0.149007,0.277630
0.231614,-0.149007,-0.023878
-0.017075,-0.149007,0.142951
0.436654,-0.149007,-0.187182
0.124595,-0.149007,0.068422
-0.159767,-0.149007,0.215225
0.463840,-0.149007,-0.039450
0.139732,-0.149007,0.018635
0.463139,-0.149007,0.233109
0.129596,-0.149007,-0.003815
0.016041,-0.149007,0.257700
0.223487,-0.149007,0.037845
0.339600,-0.149007,0.250709
0.366369,-0.149007,0.274504
0.129653,-0.149007,0.018578
0.319481,-0.149007,0.173054
0.167221,-0.149007,-0.019407
0.353846,-0.149007,-0.177028
0.343351,-0.149007,-0.173693
-0.008038,-0.149007,0.228373
0.065752,-0.149007,0.060635
0.424549,-0.149007,0.210527
-0.049811,-0.149007,0.177506
0.434760,-0.149007,-0.108049
0.315881,-0.149007,0.288011
0.326736,-0.149007,-0.108788
0.317738,-0.149007,-0.164259
-0.117236,-0.149007,0.150680
0.382150,-0.149007,0.151192
0.078009,-0.149007,0.176843
0.090930,-0.149007,0.014126
0.271152,-0.149007,0.278975
0.338312,-0.149007,0.259291
0.170631,-0.149007,0.037466
0.337724,-0.149007,0.044172
0.228564,-0.149007,0.068119
-0.072640,-0.149007,0.143387
0.142327,-0.149007,0.116636
0.200014,-0.149007,0.070240
0.289055,-0.149007,0.231423
0.369703,-0.149007,0.089943
0.058894,-0.149007,0.110650
0.109553,-0.149007,0.038584
0.391509,-0.149007,0.199501
-0.097552,-0.149007,0.153768
0.371655,-0.149007,0.045574
0.144487,-0.149007,0.163676
0.489226,-0.149007,-0.231892
0.161196,-0.149007,0.046218
0.378456,-0.149007,-0.109110
0.306750,-0.149007,0.274295
-0.021773,-0.149007,0.104758
0.357825,-0.149007,0.131792
0.236142,-0.149007,-0.094523
0.430365,-0.149007,-0.217399
0.047414,-0.149007,0.209011
0.396529,-0.149007,-0.212189
-0.088554,-0.149007,0.264899
0.402213,-0.149007,-0.100661
0.416952,-0.149007,0.224755
0.435177,-0.149007,0.269938
-0.108900,-0.149007,0.158050
0.415171,-0.149007,0.252452
0.100023,-0.149007,-0.002129
0.300195,-0.149007,0.153768
0.392115,-0.149007,-0.086812
0.165743,-0.149007,0.163468
0.007402,-0.149007,0.076720
0.408256,-0.149007,0.164074
0.420457,-0.149007,-0.230263
0.254860,-0.149007,0.264804
0.483353,-0.149007,-0.058395
0.492561,-0.149007,-0.241251
0.243057,-0.149007,0.252982
0.366180,-0.149007,-0.086339
0.101747,-0.149007,0.203840
0.295553,-0.149007,-0.121633
0.378986,-0.149007,-0.130007
0.413940,-0.149007,-0.114604
0.188609,-0.149007,0.187528
-0.177746,-0.813535,0.191658
-0.177746,-0.726521,0.214922
-0.106494,0.654899,0.197531
-0.351319,0.654899,0.213293
-0.246402,0.654899,0.183076
-0.240075,0.654899,0.196508
-0.228651,0.440993,-0.064817
-0.164712,-0.684597,0.240403
-0.224578,0.295212,0.055615
-0.287399,-0.085845,0.224129
0.240727,-0.030450,-0.053773
-0.236683,0.183021,0.177620
-0.011505,-0.149007,-0.135008
-0.132960,-0.149007,-0.085126
-0.396616,-0.149007,0.041880
0.315900,-0.149007,-0.257922
-0.346204,-0.149007,0.014865
0.290343,-0.149007,-0.250553
-0.064702,-0.149007,-0.105227
-0.288441,-0.149007,-0.046289
0.257796,-0.149007,-0.237860
-0.025543,-0.149007,-0.122182
-0.415371,-0.149007,-0.013268
-0.131596,-0.149007,-0.107216
-0.344423,-0.149007,-0.006486
0.313627,-0.149007,-0.248942
-0.387522,-0.149007,0.030892
-0.218042,-0.042859,0.069899
-0.091604,0.616649,-0.119056
-0.077850,0.596662,-0.126199
-0.222361,-0.013646,-0.051992
-0.222418,-0.046894,-0.052333
-0.259701,0.393441,-0.022608
-0.205481,0.103225,-0.184738
0.280113,-0.052653,-0.272377
0.369836,-0.059398,-0.272377
0.327475,-0.058185,-0.272377
0.152728,-0.062201,-0.272377
0.447169,-0.045719,-0.272377
0.502564,-0.195327,0.240517
0.502564,-0.149802,0.246124
-0.301740,0.525411,-0.159958
-0.188260,0.525411,-0.200235
-0.197089,0.525411,-0.187599
-0.084992,0.525411,-0.161758
-0.084708,0.525411,-0.148516
-0.151810,0.525411,-0.186008
-0.123185,0.525411,-0.233635
-0.224786,0.525411,-0.189039
-0.254889,0.525411,-0.150656
-0.228537,0.525411,-0.244130
-0.143645,0.525411,-0.160072
-0.275426,0.488033,-0.048108
-0.204610,0.182073,-0.181214
0.485267,-0.265006,-0.255099
-0.288422,0.541211,0.285984
-0.305889,0.572640,0.271946
-0.210407,0.180747,-0.193964
-0.244261,0.466530,0.187547
-0.263433,0.300725,-0.069440
0.439231,-0.282549,-0.208988
-0.102478,0.582454,0.282840
-0.136067,0.540737,0.347631
-0.065384,0.621063,0.211247
-0.063527,0.592191,0.207685
-0.081070,0.542556,0.241502
-0.088686,0.600186,0.256222
-0.229219,-0.045663,0.235913
0.240822,-0.029503,0.013747
0.475586,-0.748782,0.229623
-0.326993,0.525411,-0.024124
-0.283496,0.525411,0.285227
-0.226851,0.525411,0.282063
-0.178314,0.525411,0.255180
-0.179716,0.543030,-0.289882
-0.174127,0.525866,-0.292781
-0.219065,0.465242,0.065675
-0.217757,0.267420,0.075716
0.079051,-0.035698,0.062833
0.421139,-0.209289,-0.241326
0.466303,-0.815259,-0.267982
0.214659,-0.033822,0.164415
-0.150295,-0.837993,0.207629
-0.147491,-0.665178,0.248208
-0.204875,0.654899,0.294225
-0.148779,0.654899,0.258704
-0.134609,0.654899,0.274523
0.486366,-0.294825,-0.245475
0.216534,-0.035698,0.016153
0.459578,-0.032875,-0.068417
-0.228063,-0.062675,0.066148
-0.175719,-0.149007,-0.215675
-0.158157,-0.149007,-0.216319
-0.218553,-0.131066,0.297257
-0.212661,0.215397,0.172372
0.278560,-0.035698,0.097047
-0.188526,-0.304695,0.234492
-0.269799,-0.009042,-0.030622
-0.373048,-0.066672,-0.075085
-0.241211,-0.062675,-0.036571
-0.387882,-0.075766,-0.031399
-0.251271,0.357635,-0.073665
-0.281962,0.525411,0.056809
-0.304809,0.525411,0.050708
-0.204174,0.583723,0.338272
-0.230413,0.635139,0.324670
0.478087,-0.149007,-0.223897
0.450067,-0.149007,-0.199496
-0.237138,0.525411,-0.253356
-0.252862,0.525411,-0.017133
-0.092002,-0.149007,-0.169677
0.028014,-0.149007,-0.207302
-0.102137,-0.149007,-0.176876
-0.086167,-0.149007,-0.182238
-0.333151,-0.149007,-0.149671
-0.304430,-0.149007,-0.115457
-0.257580,-0.149007,-0.122031
0.116865,-0.149007,-0.231627
-0.234713,-0.149007,-0.155184
-0.303104,-0.149007,-0.154976
-0.366645,-0.149007,-0.140862
-0.144971,-0.316043,-0.208988
0.452454,-0.211051,-0.208552
-0.207622,0.412310,-0.164069
-0.324872,-0.097174,0.205052
0.427712,-0.191614,-0.294959
0.452435,-0.174203,-0.294959
-0.242935,0.428622,0.100249
-0.235698,0.488412,0.098771
-0.331180,0.568529,-0.182105
0.479773,-0.624371,-0.243410
0.469126,-0.158498,0.163639
-0.216905,-0.003359,-0.199572
-0.377273,-0.127504,0.160399
-0.215579,0.525411,-0.067091
-0.290487,0.525411,-0.080561
-0.177746,-0.815259,0.202684
-0.177746,-0.729742,0.236103
-0.153838,-0.285789,-0.278780
0.469675,-0.299050,-0.208988
-0.150295,-0.491151,0.232939
-0.150295,-0.326236,0.208007
-0.150295,-0.326293,0.230419
-0.150295,-0.392675,0.203404
-0.313827,0.525411,0.030305
0.466076,-0.737112,-0.267982
0.454974,-0.688480,-0.267982
0.081306,-0.035698,-0.021737
-0.003378,-0.035698,-0.027534
0.030704,-0.035698,0.149619
-0.136067,-0.035698,-0.115419
-0.001748,-0.035698,0.045726
0.122284,-0.035698,0.046806
-0.203852,-0.035698,-0.186273
0.060201,-0.035698,0.208633
-0.027551,-0.035698,-0.117617
0.043227,-0.035698,0.199103
0.212992,-0.035698,0.244325
-0.201143,-0.035698,0.161138
0.018655,-0.035698,0.172694
0.111239,-0.035698,0.161915
0.042298,-0.035698,0.131641
-0.170130,-0.035698,0.111427
0.020834,-0.035698,-0.020733
-0.037668,-0.035698,0.181769
0.002571,-0.035698,0.144523
-0.087663,-0.035698,0.229870
0.407574,-0.035698,0.214449
0.024793,-0.035698,0.119364
0.076058,-0.035698,0.179817
-0.096094,-0.035698,0.040819
-0.081790,-0.035698,-0.031418
0.068329,-0.035698,0.185084
0.092427,-0.035698,0.004350
-0.089993,-0.035698,-0.007566
0.150151,-0.035698,0.177184
0.204012,-0.035698,0.082630
0.200488,-0.035698,0.111370
0.272630,-0.035698,0.140374
0.156422,-0.035698,0.150699
-0.153193,-0.035698,0.093448
0.102808,-0.035698,-0.014689
0.188723,-0.035698,0.143083
-0.152114,-0.035698,0.018294
0.350531,-0.035698,0.226933
-0.173483,-0.035698,-0.097630
0.003405,-0.035698,0.024148
0.106294,-0.035698,0.114287
0.152235,-0.035698,0.208595
-0.152644,-0.035698,-0.168086
-0.052369,-0.035698,0.031063
-0.149499,-0.035698,-0.041629
0.092445,-0.035698,0.113852
-0.014877,-0.035698,0.047620
-0.190382,-0.035698,-0.196522
-0.112860,-0.035698,0.247867
0.042943,-0.035698,0.090246
-0.180019,-0.035698,0.163260
-0.153421,-0.035698,-0.140104
0.075622,-0.035698,0.119327
0.085568,-0.035698,-0.005747
-0.141542,-0.035698,-0.092287
-0.183183,-0.035698,0.198346
-0.069476,-0.035698,0.087859
0.097769,-0.035698,0.093675
0.049838,-0.035698,0.150718
0.095003,-0.035698,0.214164
-0.138625,-0.035698,0.166367
0.029586,-0.035698,-0.063775
-0.035205,-0.035698,0.085131
-0.108086,-0.035698,-0.174319
0.039836,-0.035698,0.225740
0.333632,-0.035698,0.187111
-0.131596,-0.035698,0.105421
-0.198547,-0.035698,0.175650
-0.045056,-0.035698,-0.020562
0.088789,-0.035698,0.026838
-0.122673,-0.035698,-0.199402
0.224832,-0.035698,0.130030
-0.015635,-0.035698,0.222027
0.019015,-0.035698,0.054800
-0.210407,0.584822,0.069540
-0.264892,0.153448,-0.068265
0.477405,-0.057579,-0.235264
0.421139,-0.185551,-0.219180
-0.226264,0.085947,0.224148
0.241409,-0.035698,0.071093
-0.202052,0.589994,-0.030603
0.481648,-0.628387,0.232787
-0.162950,-0.387409,-0.267982
-0.175738,-0.388166,-0.267982
-0.217170,0.223392,-0.199743
-0.322219,-0.107461,0.223902
-0.080294,0.548183,0.185993
-0.095431,0.531871,0.178150
0.471361,-0.042385,0.248966
-0.165792,-0.495015,-0.267982
-0.153497,-0.504090,-0.267982
-0.398378,-0.149007,-0.031493
-0.165110,-0.149007,-0.118090
-0.238976,-0.149007,-0.108940
-0.023251,-0.149007,-0.171268
-0.288895,-0.149007,-0.093973
0.351175,-0.149007,-0.271449
0.172734,-0.149007,-0.231286
0.006227,-0.149007,-0.174944
-0.326785,-0.149007,-0.050249
-0.228878,-0.149007,-0.127601
-0.270462,-0.149007,-0.095338
-0.336220,-0.149007,-0.057467
-0.347037,-0.149007,-0.054114
-0.166474,-0.149007,-0.104791
-0.396199,-0.149007,-0.082171
-0.288460,-0.101872,0.243851
0.447491,-0.618081,-0.263454
-0.149651,0.650466,-0.289333
-0.078494,0.554984,-0.152020
-0.101000,0.623109,-0.195461
-0.113352,0.652322,-0.219294
-0.097496,0.650276,-0.188679
0.473654,-0.797678,0.190616
-0.272053,0.525411,-0.042121
-0.399836,0.626520,0.107448
-0.397374,0.604013,0.115462
-0.218667,0.217576,0.080035
0.476268,-0.038975,-0.219919
-0.260857,-0.000991,-0.023044
-0.200177,0.525411,0.145338
-0.236399,0.525411,0.150131
-0.337243,0.525411,0.156970
0.477367,-0.211051,-0.196351
0.166444,-0.053051,-0.272377
0.331226,-0.050039,-0.272377
-0.002051,-0.060724,-0.272377
0.012915,-0.055135,-0.272377
-0.158252,-0.647199,-0.278534
-0.266294,0.196358,0.089299
-0.406846,-0.140633,0.096896
0.438170,-0.661920,0.192757
-0.217227,0.044591,-0.154010
-0.261747,0.181979,-0.070444
0.460411,-0.711309,-0.267982
0.445710,-0.683233,-0.241876
-0.253317,-0.010179,-0.020600
-0.223441,0.333310,-0.038048
-0.212870,0.654899,0.303717
-0.180057,0.654899,0.281040
-0.088573,0.654899,0.217707
-0.229977,0.043587,-0.027704
-0.262467,0.255352,-0.023972
-0.238142,0.585296,0.320672
-0.204363,0.525809,0.338177
-0.246838,0.536816,0.316164
-0.286698,-0.083893,-0.245627
-0.197487,-0.149007,-0.234904
-0.199570,-0.149007,-0.212227
-0.222399,0.630176,0.328819
-0.130763,0.588383,-0.098767
-0.111098,0.633813,-0.108959
0.489454,-0.207849,0.163639
0.450219,-0.211051,-0.266656
-0.243181,-0.054453,-0.152949
-0.230507,-0.001616,0.173755
0.237885,-0.016014,0.118739
0.486366,-0.300376,0.241445
0.309610,-0.065271,-0.274973
-0.194986,-0.104695,-0.314378
-0.174828,-0.101474,-0.311176
0.072989,-0.076372,-0.286055
0.235290,-0.065308,-0.275010
0.194994,-0.074762,-0.284445
-0.112822,-0.086849,-0.296532
0.059311,-0.079763,-0.289465
-0.052066,-0.075974,-0.285676
0.104854,-0.079024,-0.288708
0.470717,-0.064229,-0.017815
-0.162647,-0.621245,-0.217229
0.125277,-0.035698,0.075337
-0.387143,-0.087190,0.075678
-0.253146,0.004863,-0.020581
-0.142641,-0.265006,0.192567
-0.149082,-0.205159,-0.192809
-0.141012,0.620552,0.357179
-0.094616,0.622712,0.267627
-0.114110,0.636049,0.305251
-0.126803,0.628869,0.329766
-0.111458,0.644536,0.300155
-0.125288,0.594124,0.326811
-0.237536,0.444118,0.047715
-0.239904,0.083124,-0.021623
-0.238464,0.111636,-0.022267
0.502564,-0.116630,-0.044300
0.502564,-0.129797,0.223751
0.502564,-0.137924,0.267475
0.502564,-0.125060,0.065334
0.502564,-0.140823,0.241502
-0.151394,-0.786160,0.190616
0.462552,-0.596143,0.238831
0.450427,-0.449756,0.238831
0.469221,-0.845003,-0.256520
-0.133112,-0.207376,0.163639
-0.151375,-0.637140,0.247716
-0.164655,-0.155827,0.163639
-0.227874,0.378569,-0.063851
-0.265214,0.651394,-0.243562
-0.292817,0.615513,-0.221378
0.477518,-0.040964,0.226952
0.115331,-0.035698,0.137135
-0.177746,-0.431380,0.238357
-0.177746,-0.580343,0.230703
-0.177746,-0.481167,0.220189
-0.177746,-0.524721,0.215169
-0.228689,0.525411,-0.170226
-0.247899,0.525411,-0.164676
-0.216886,0.525411,-0.219862
-0.099580,0.525411,-0.180059
-0.117009,0.525411,-0.187125
-0.155675,0.525411,-0.278023
-0.264494,0.525411,-0.187599
-0.293234,0.525411,-0.196673
-0.315968,0.525411,-0.157837
-0.193925,0.525411,-0.216755
-0.186233,0.525411,-0.270331
-0.188545,0.525411,-0.185458
-0.156622,-0.430110,0.190616
-0.153212,-0.499486,0.190616
0.446222,-0.149007,-0.254474
0.440197,-0.149007,-0.278117
-0.150276,-0.402167,-0.259002
-0.150276,-0.614179,-0.230301
-0.150276,-0.467451,-0.265064
-0.150276,-0.347719,-0.265027
-0.193148,0.285418,0.193837
0.465621,-0.368445,0.190616
0.449291,-0.483857,0.190616
-0.192826,0.053286,0.198535
-0.205860,0.020872,0.221231
0.471001,-0.576365,-0.219786
0.453023,-0.580589,-0.219786
-0.221774,0.434741,0.059650
0.149886,-0.035698,-0.102991
-0.418876,-0.110947,-0.075161
-0.183202,-0.677246,-0.224807
-0.227685,-0.035053,0.094433
-0.188526,-0.297800,0.194500
0.247566,-0.035698,0.161915
0.294682,-0.035698,-0.103522
0.444801,-0.681698,0.201793
-0.402868,0.621689,-0.036514
-0.393471,0.572243,-0.067072
-0.208512,0.522872,-0.191331
-0.259285,0.064748,0.096119
-0.231095,0.654899,0.026554
-0.317483,-0.079631,-0.209916
-0.225980,0.139523,-0.203266
0.445672,-0.149007,0.187831
0.428281,-0.149007,0.172637
-0.172347,-0.263301,0.225077
-0.189132,-0.211051,-0.270293
-0.255818,0.109950,-0.187732
0.227579,-0.033576,0.114306
-0.158896,0.654899,0.166878
-0.177234,-0.701552,-0.267982
-0.150295,-0.580741,0.193098
-0.150295,-0.605824,0.229453
0.502564,-0.182596,-0.242558
-0.199608,0.288013,0.180424
-0.227438,-0.149007,0.163165
-0.125326,-0.149007,0.099434
-0.244337,-0.149007,0.192321
-0.116838,-0.149007,0.127643
-0.092399,-0.149007,0.095873
0.049270,-0.149007,0.013917
-0.153667,-0.149007,0.168583
-0.143835,-0.149007,0.142723
-0.249509,-0.149007,0.229264
-0.285334,-0.149007,0.231139
-0.298879,-0.149007,0.223144
0.177659,-0.149007,-0.099695
-0.229693,-0.149007,0.204351
0.448874,-0.149007,-0.285544
-0.396199,0.576391,-0.058225
0.486366,-0.267791,0.216457
-0.222494,0.185787,0.058533
0.254045,-0.035698,0.138120
-0.228575,0.509554,0.172846
0.470376,-0.211051,0.256298
0.448116,-0.514225,0.206890
0.448116,-0.456728,0.207003
-0.325288,-0.035698,0.005620
-0.339364,-0.035698,0.023106
-0.346848,-0.035698,0.060957
-0.195687,0.318495,0.210470
-0.222115,0.415341,-0.050400
-0.153080,-0.845003,0.218200
-0.391349,0.632298,-0.073968
-0.395650,0.624682,-0.060005
-0.220959,0.332155,-0.201826
-0.423915,-0.114717,0.014524
-0.371931,0.624303,0.181579
-0.373200,0.571902,0.179230
-0.234315,0.356972,-0.203664
0.256944,-0.035698,-0.012075
0.287956,-0.035698,-0.030224
-0.267545,0.048626,0.087386
-0.404099,0.554340,0.087594
-0.405747,0.587777,0.071017
-0.131577,0.525411,0.228089
-0.282151,0.525411,0.266642
-0.147851,0.525411,0.247129
-0.225904,-0.094692,-0.297081
-0.364182,-0.145995,-0.204858
-0.222247,0.654899,0.074295
-0.100603,0.579839,0.175479
-0.100584,0.640425,0.175479
-0.272887,-0.004609,-0.058471
-0.229390,-0.037933,-0.259229
-0.206694,-0.061879,-0.188035
-0.118278,0.579669,-0.105246
-0.130725,0.630403,-0.098785
0.448116,-0.709755,0.208254
-0.188355,-0.655876,0.237031
-0.245284,0.523592,0.100363
0.123686,-0.035698,0.057358
-0.221869,0.525411,0.031688
0.440576,-0.653091,0.179874
0.482728,-0.318942,-0.273400
-0.230185,0.519462,0.096062
-0.204496,-0.211051,-0.224541
-0.371533,0.654899,-0.108959
-0.266313,0.654899,-0.124569
-0.284330,0.654899,-0.121500
-0.230110,0.310974,0.222955
-0.139496,-0.290582,-0.210560
0.437336,-0.295848,-0.236799
0.485475,-0.662185,-0.250268
-0.360299,0.654899,0.136794
-0.310265,0.654899,0.133687
-0.173427,0.654899,0.145868
-0.389587,0.654899,0.136510
-0.206277,0.327646,-0.166494
-0.233311,0.332836,0.175233
-0.146449,-0.265006,-0.260063
-0.167686,-0.149007,0.290834
0.029757,-0.149007,0.282745
-0.228272,-0.149007,0.281930
-0.074743,-0.149007,0.278747
0.486366,-0.273114,-0.262336
-0.301020,-0.035698,0.069426
-0.318563,-0.035698,0.129746
-0.259720,-0.035698,-0.033994
-0.289066,-0.035698,0.104228
0.470187,-0.237441,-0.258168
0.475586,-0.567650,0.208936
0.475586,-0.476052,0.209068
0.475586,-0.579642,0.200088
0.475586,-0.446668,0.198137
-0.407926,0.644044,0.011966
-0.405368,0.618316,-0.013780
-0.404099,0.594730,-0.026454
-0.197430,0.608730,0.100192
0.448116,-0.466314,0.215813
0.448116,-0.591805,0.222974
0.448116,-0.606449,0.226801
0.448116,-0.455572,0.229074
0.110860,-0.149007,-0.317390
0.282879,-0.149007,-0.315401
-0.010501,-0.149007,-0.306213
-0.123014,-0.149007,-0.309869
0.100914,-0.149007,-0.321387
-0.023838,-0.149007,-0.316121
0.461643,-0.712237,0.190616
-0.270292,0.387966,0.081134
0.223373,-0.149007,-0.169942
0.281629,-0.149007,-0.203645
-0.291396,-0.149007,0.081645
-0.143588,-0.149007,-0.003322
-0.221319,-0.149007,0.031763
-0.074591,-0.149007,-0.015447
-0.298330,-0.149007,0.134842
0.233982,-0.149007,-0.170018
-0.348212,-0.149007,0.144220
-0.296360,-0.149007,0.124517
-0.187503,-0.149007,0.030191
-0.329532,-0.149007,0.130997
0.227920,-0.149007,-0.186405
0.474639,-0.037137,0.030532
0.465034,-0.065877,-0.088555
0.463386,-0.453829,0.190616
0.469240,-0.506477,0.190616
-0.177746,-0.396730,0.207117
-0.177746,-0.459153,0.207420
-0.158934,-0.211051,0.255616
0.116221,-0.054301,0.248966
0.147253,-0.057219,0.248966
0.050558,-0.052521,0.248966
-0.144801,-0.211051,0.179325
-0.347946,-0.035698,-0.131636
-0.282340,-0.112936,-0.285487
-0.245947,0.242867,0.192946
-0.141940,-0.634980,0.185027
0.458687,-0.841649,-0.219786
-0.177746,-0.776422,-0.240190
0.452985,-0.055817,-0.144045
0.452985,-0.045189,-0.240171
0.452985,-0.043295,-0.109054
0.452985,-0.040964,0.052754
0.228015,-0.035698,-0.118147
0.398272,-0.035698,0.197379
0.377414,-0.035698,0.129614
0.186999,-0.035698,-0.181063
0.352842,-0.035698,-0.261692
0.378569,-0.035698,-0.106401
0.413409,-0.035698,0.189366
0.286005,-0.035698,-0.156491
0.091707,-0.035698,-0.260821
0.358242,-0.035698,0.124044
0.235024,-0.035698,-0.178695
0.124993,-0.035698,-0.197924
0.114687,-0.035698,-0.061710
0.253193,-0.035698,-0.044262
0.335527,-0.035698,-0.252864
0.020663,-0.035698,-0.190327
0.304211,-0.035698,0.109191
0.285493,-0.035698,-0.237481
0.419130,-0.035698,0.201737
0.290476,-0.035698,0.098374
-0.112140,-0.035698,-0.259855
0.021042,-0.035698,-0.215239
0.412860,-0.035698,-0.205634
0.220607,-0.035698,-0.269782
-0.080275,-0.035698,-0.226493
0.213882,-0.035698,-0.019331
0.112015,-0.035698,-0.095868
0.351781,-0.035698,0.033677
0.322512,-0.035698,-0.174034
0.430649,-0.035698,0.040156
0.299096,-0.035698,0.008196
0.442319,-0.035698,-0.084577
0.441106,-0.035698,-0.247446
0.256773,-0.035698,-0.001788
0.295875,-0.035698,-0.181878
0.054650,-0.035698,-0.097459
0.229492,-0.035698,-0.038446
0.375576,-0.035698,0.164624
-0.015976,-0.035698,-0.263928
0.198537,-0.035698,-0.025431
0.127986,-0.035698,-0.019577
-0.007527,-0.035698,-0.137111
0.140982,-0.035698,-0.262261
0.259084,-0.035698,-0.141563
0.429531,-0.035698,0.026269
0.249839,-0.035698,-0.266220
0.207706,-0.035698,-0.154995
0.292162,-0.035698,-0.223537
0.364853,-0.035698,-0.256426
0.305575,-0.035698,0.022651
0.028241,-0.035698,-0.172121
0.069409,-0.035698,-0.232498
-0.147321,-0.035698,-0.246233
0.293545,-0.035698,-0.214557
0.214318,-0.035698,0.003327
0.327740,-0.035698,-0.060422
0.444062,-0.035698,0.209428
0.355627,-0.035698,-0.248128
0.130449,-0.035698,-0.104867
0.331927,-0.035698,-0.117863
0.350039,-0.035698,0.046162
0.252226,-0.035698,-0.211962
0.033565,-0.035698,-0.251784
0.399731,-0.035698,-0.046782
0.345511,-0.035698,0.126829
0.358962,-0.035698,-0.152267
0.336986,-0.035698,-0.088063
-0.081847,-0.035698,-0.180210
0.314763,-0.035698,-0.182351
0.438132,-0.035698,0.146285
0.207251,-0.035698,-0.093140
0.149469,-0.035698,-0.013496
0.381695,-0.035698,0.186429
0.414508,-0.035698,-0.032194
-0.189852,0.525411,-0.279254
-0.147529,-0.621586,0.212194
-0.197164,-0.133908,-0.321937
0.148068,-0.112993,-0.321937
0.026252,-0.114205,-0.321937
-0.117956,-0.128281,-0.321937
-0.143323,-0.128849,-0.321937
0.062986,-0.126349,-0.321937
-0.196634,0.612576,-0.040568
-0.416205,-0.149007,0.017138
-0.118183,-0.149007,-0.074309
-0.221281,-0.149007,-0.035661
-0.385666,-0.149007,0.013804
-0.174298,-0.149007,-0.048638
-0.248126,-0.149007,-0.029826
-0.400045,-0.149007,-0.007244
-0.032515,-0.149007,-0.129078
-0.351565,-0.149007,0.025171
-0.230564,-0.149007,-0.065045
-0.252711,-0.149007,-0.019236
0.180691,-0.149007,-0.208381
-0.212945,-0.149007,-0.062260
-0.287645,0.525411,-0.043978
-0.250286,0.525411,-0.062525
-0.261406,0.525411,-0.045077
0.479546,-0.680334,0.207666
-0.177746,-0.518337,-0.264363
-0.177746,-0.319056,-0.263018
-0.177746,-0.395384,-0.237594
-0.177746,-0.353744,-0.239792
0.260429,-0.035698,0.063420
-0.204723,-0.154766,0.265543
0.421139,-0.195156,0.236178
0.421139,-0.205822,0.235989
-0.314622,-0.074800,0.182394
-0.275615,0.269977,-0.046365
-0.221982,0.296614,-0.044793
-0.186404,0.525411,0.163089
-0.375928,-0.098557,0.134122
-0.227192,0.429228,-0.031039
-0.204307,0.336303,-0.179926
-0.263699,0.203557,0.054763
-0.226586,0.279810,0.172391
-0.271807,0.073387,-0.060631
-0.239336,0.139372,-0.151452
-0.193489,0.249479,0.204370
0.475586,-0.494959,-0.222893
0.475586,-0.323735,-0.253129
0.475586,-0.368843,-0.235245
0.475586,-0.340842,-0.228160
-0.294541,0.654899,-0.029750
-0.411810,-0.123128,0.080755
0.491765,-0.101474,-0.305190
-0.242424,0.304817,-0.020903
0.421139,-0.179773,-0.280429
0.421139,-0.166910,-0.246101
-0.177746,-0.840702,0.219090
-0.271144,0.525411,-0.147625
-0.109298,0.525411,-0.125270
0.437336,-0.273796,0.215434
-0.169278,0.525411,0.178681
-0.227306,0.027881,-0.203588
0.470187,-0.238483,0.200032
-0.267980,0.037505,0.060465
-0.270178,0.353392,0.065087
-0.272698,0.050388,-0.035263
-0.243352,0.437393,0.185804
-0.187465,-0.656804,0.249383
-0.153781,0.654899,0.147649
-0.215124,0.091688,0.171633
-0.255477,0.492371,0.098033
0.222350,-0.149007,-0.320308
0.096045,-0.149007,-0.310343
0.269220,-0.149007,-0.313809
-0.249604,-0.149007,-0.300359
-0.146544,-0.149007,-0.317220
0.000809,-0.149007,-0.312938
-0.382293,-0.147018,-0.174546
-0.199722,0.525411,0.184023
-0.270974,0.285531,0.068857
-0.210521,-0.107158,0.293430
-0.165508,-0.082567,0.268839
0.145377,-0.083420,0.269692
-0.081298,-0.099201,0.285492
-0.136029,-0.079707,0.265979
-0.063092,-0.080389,0.266661
-0.032155,-0.088156,0.274428
-0.169903,-0.103672,0.289963
0.037922,-0.081506,0.267797
-0.177746,-0.791370,-0.257297
-0.177746,-0.691909,-0.236439
-0.257580,0.105877,0.050064
-0.362022,0.564134,0.199861
-0.377709,0.546667,0.170932
-0.366493,0.579517,0.191601
-0.188317,0.654899,0.119838
-0.248657,0.654899,-0.048544
-0.345105,0.654899,-0.046005
-0.380304,0.654899,-0.043902
-0.237460,0.179364,0.047734
0.478333,-0.211051,0.204825
-0.150295,-0.375511,0.236841
-0.150295,-0.472850,0.222083
-0.150295,-0.339743,0.200903
0.182036,-0.035698,-0.005577
-0.265214,0.446468,0.056449
-0.268568,0.399162,-0.065083
-0.157683,-0.213779,0.233431
-0.111174,0.525411,0.185027
-0.285940,0.525411,0.165723
0.473426,-0.193072,-0.192809
0.426500,-0.176136,-0.192809
0.319784,-0.090581,-0.300283
0.335963,-0.092892,-0.302594
0.356328,-0.091661,-0.301344
0.379934,-0.085655,-0.295338
-0.054093,-0.106589,-0.316291
0.400981,-0.071825,-0.281509
0.043549,-0.094919,-0.304602
0.282595,-0.102516,-0.312218
0.335243,-0.085011,-0.294694
-0.044014,-0.103785,-0.313487
0.452985,-0.040718,-0.150334
0.452985,-0.047576,0.016740
0.452985,-0.042347,-0.227459
0.452985,-0.054661,-0.206297
-0.140955,-0.638902,-0.267755
-0.246592,0.128497,-0.020259
-0.246402,0.179648,0.199918
-0.178276,0.574535,-0.065348
0.479546,-0.046913,0.078690
-0.232762,-0.047462,0.049591
0.258289,-0.035698,0.011928
-0.224616,-0.051706,-0.034960
0.479015,-0.054339,0.104038
0.479129,-0.044696,-0.088006
-0.169884,-0.373996,-0.219786
-0.163253,-0.320439,-0.219786
-0.271447,0.173700,0.073025
-0.154842,-0.368255,-0.219786
0.478371,-0.042385,0.145470
-0.217795,0.065070,0.074484
-0.217814,0.516147,0.073992
-0.292097,-0.035698,-0.173883
-0.197846,0.654804,-0.280485
-0.165545,0.627940,-0.297233
0.475586,-0.354388,0.200884
0.475586,-0.490734,0.227142
0.475586,-0.462279,0.228070
-0.247880,0.149337,-0.073816
-0.244110,0.401019,-0.073418
-0.405008,0.654899,0.041217
-0.375473,0.654899,0.082403
-0.345124,0.654899,0.055804
-0.327562,-0.149007,-0.161379
-0.246175,-0.149007,-0.183620
-0.008417,-0.149007,-0.226417
-0.048713,-0.149007,-0.242236
-0.153250,-0.149007,-0.225508
0.204656,-0.149007,-0.266409
0.311770,-0.149007,-0.285316
-0.265764,-0.149007,-0.188698
-0.077225,-0.149007,-0.229353
0.234778,-0.149007,-0.281205
-0.230166,-0.149007,-0.215164
0.437336,-0.307196,-0.231210
-0.165583,-0.598151,-0.219786
-0.172839,-0.547834,-0.219786
-0.345237,-0.088781,-0.190933
-0.197752,0.344507,0.213748
0.459748,-0.402224,-0.267982
0.229227,-0.032913,0.076189
-0.141770,-0.635681,-0.219559
0.454841,-0.784038,-0.219786
-0.204723,-0.176249,0.212554
0.479470,-0.046572,-0.147701
0.498604,-0.211051,0.262436
0.473692,-0.061955,0.074238
-0.367839,-0.139515,-0.200481
0.446146,-0.171324,-0.192809
-0.123298,-0.190704,-0.286832
-0.157664,0.541192,0.144485
0.237298,-0.035698,-0.079897
-0.242746,0.216401,0.184819
-0.209725,0.537668,-0.010692
-0.227325,-0.017492,0.053152
0.475586,-0.792772,0.211076
0.475586,-0.807245,0.227236
0.440159,-0.267166,-0.278780
-0.273436,0.496103,-0.036949
0.456850,-0.498217,0.190616
0.453080,-0.530821,0.190616
0.214166,-0.035698,-0.112975
-0.219709,-0.053259,0.240839
0.455334,-0.063831,0.020794
0.448116,-0.456387,-0.237879
0.448116,-0.561985,-0.238958
0.448116,-0.546583,-0.255403
-0.218174,0.447566,0.225039
-0.221243,0.498623,0.224925
-0.403815,0.624095,0.090417
-0.405330,0.534031,0.075147
-0.271428,0.089623,0.073385
0.437336,-0.275142,-0.233048
-0.139856,-0.265006,0.249535
-0.233387,0.292711,0.098014
-0.214821,0.182471,0.171709
-0.176552,-0.818991,-0.219786
0.479356,-0.630376,0.245632
0.437336,-0.292192,0.190635
-0.252957,0.026157,0.099131
-0.369657,-0.046364,0.049098
0.302733,-0.149007,-0.192259
0.077877,-0.149007,-0.077795
-0.007716,-0.149007,-0.008570
0.271853,-0.149007,-0.181840
0.313286,-0.149007,-0.202603
-0.205349,-0.149007,0.095039
-0.192068,-0.149007,0.129102
-0.101986,-0.149007,0.071775
-0.158763,-0.149007,0.059707
0.264446,-0.149007,-0.175114
0.149716,-0.149007,-0.101646
-0.140387,-0.149007,0.049894
-0.059170,-0.149007,0.044324
0.158487,-0.149007,-0.102707
0.271228,-0.035698,0.179533
0.482577,-0.153819,-0.294959
-0.195365,0.292617,0.209978
-0.195497,0.069446,0.210186
-0.257598,0.525411,-0.115230
-0.237782,0.525411,-0.128756
-0.309678,0.525411,-0.118052
-0.351925,0.525411,-0.101267
0.453932,-0.035243,-0.093708
-0.218913,-0.050702,0.066110
-0.219178,-0.035698,0.038072
-0.204951,-0.035698,-0.109660
-0.218496,-0.035698,0.089091
-0.204686,-0.035698,0.001471
-0.214158,-0.035698,0.201471
-0.270765,0.505803,-0.062051
-0.365849,-0.130024,0.179439
-0.404724,0.564077,-0.020164
-0.405823,0.651603,-0.009082
-0.257636,0.085208,-0.172803
-0.246232,0.328309,0.201680
0.472403,-0.035451,-0.136334
-0.137924,0.528063,-0.095072
-0.142433,0.558413,-0.092723
-0.244830,0.395468,-0.199894
0.448116,-0.393452,-0.232422
0.448116,-0.387181,-0.253716
0.448116,-0.361037,-0.228292
0.448116,-0.369847,-0.237575
-0.220182,0.271360,0.084468
-0.201541,0.561501,-0.031550
-0.211979,0.164284,-0.158197
-0.257580,0.525411,-0.096398
0.142536,-0.035698,0.117167
-0.163405,0.562581,0.359396
-0.174563,0.540548,0.353618
-0.234372,-0.013930,0.175782
0.440481,-0.671544,-0.235018
-0.257371,0.501351,-0.182389
0.422446,-0.211051,0.214600
-0.250778,0.009277,-0.195101
0.412026,-0.046629,0.248966
0.424473,-0.056935,0.248966
-0.222361,0.374193,-0.041307
0.160344,-0.035698,-0.102139
0.237904,-0.035698,0.021476
-0.256557,0.525411,0.095911
0.282803,-0.035698,-0.046365
-0.245796,-0.062675,-0.196484
-0.164617,0.590411,0.138897
-0.226207,0.125277,0.093088
-0.203094,0.525411,-0.044376
-0.257447,0.525411,-0.027231
-0.204723,-0.168653,-0.263075
-0.391633,0.525998,0.134141
-0.388375,0.533860,0.144751
-0.170073,-0.265006,-0.220298
0.465356,-0.032591,0.083237
-0.380967,0.649651,-0.103825
-0.169088,-0.249433,0.233431
-0.260705,0.332628,0.052110
-0.268719,0.104134,-0.064874
-0.152758,-0.388659,-0.267982
-0.161624,-0.520193,-0.267982
0.303245,-0.035698,-0.062487
-0.204723,-0.158081,0.202646
-0.204723,-0.171172,0.219545
0.475586,-0.369714,-0.221397
0.475586,-0.456349,-0.230509
0.475586,-0.451575,-0.222855
-0.090998,0.562372,0.260655
-0.111060,0.563812,0.299378
-0.074004,0.597022,0.227881
-0.059890,0.632544,0.200657
-0.068718,0.536399,0.217669
-0.201124,-0.211051,0.234208
-0.363235,-0.091718,-0.166570
-0.401466,-0.137716,-0.137831
-0.361492,0.654899,-0.068739
-0.262789,0.654899,-0.059323
-0.167307,-0.211051,-0.281224
0.463026,-0.626853,0.185236
0.430365,-0.149007,0.189214
-0.133586,0.532439,0.158372
-0.138057,0.559530,0.156061
0.465754,-0.075444,0.062132
0.455713,-0.065422,0.031081
0.458952,-0.068643,-0.068853
0.453496,-0.063187,-0.154900
0.467459,-0.077149,0.023788
0.473805,-0.083495,0.175972
0.478068,-0.087758,0.108983
0.095022,-0.035698,-0.036779
0.169437,-0.035698,-0.024124
-0.404914,-0.094142,-0.045816
0.502431,-0.149007,0.257397
0.435840,-0.149007,0.252016
-0.211165,0.643721,0.067058
-0.229503,0.280795,0.095608
0.473559,-0.062050,-0.097024
-0.371552,-0.057124,0.039967
0.454860,-0.678743,-0.272718
0.479943,-0.149007,-0.266997
0.225836,-0.027968,0.126090
0.475586,-0.736941,0.228525
0.475586,-0.698047,0.194860
-0.211070,0.594181,-0.006335
-0.173749,-0.778033,-0.267982
-0.145994,0.545947,-0.090867
-0.177746,-0.348591,-0.227156
-0.177746,-0.452162,-0.245513
-0.177746,-0.493860,-0.258888
-0.177746,-0.411582,-0.260252
-0.123298,-0.191140,-0.262279
-0.225354,-0.098254,0.277971
-0.235982,-0.094010,0.267684
-0.223536,0.272497,0.224849
0.448116,-0.752533,-0.244680
-0.221338,0.141664,0.086760
-0.238805,0.525411,0.065788
-0.248031,-0.062675,0.097313
-0.251479,0.362750,-0.159523
-0.176893,-0.339213,0.190616
-0.153193,-0.334155,0.190616
0.437336,-0.291396,0.235042
0.475586,-0.843241,0.229150
0.475586,-0.765453,0.190730
-0.177973,-0.617418,0.197152
-0.223308,0.486081,-0.038351
-0.179394,0.606457,0.125086
0.207744,-0.015067,-0.007604
-0.230166,0.150360,-0.203645
-0.275312,0.350360,-0.044433
0.475586,-0.326349,0.224300
0.475586,-0.362837,0.227918
-0.178542,0.565062,0.126090
-0.241439,0.609052,-0.257903
-0.228670,0.640236,-0.264515
0.332268,-0.035698,0.021685
-0.270898,0.187624,0.068460
-0.148609,0.573379,0.367068
-0.160070,0.622276,0.361120
0.475226,-0.037573,-0.245684
0.475567,-0.037838,-0.194230
-0.103293,0.620211,-0.112994
0.052358,-0.035698,0.093543
-0.198320,0.554472,0.098525
0.448116,-0.467432,0.230817
0.448116,-0.533720,0.233716
0.448116,-0.569090,0.217707
0.115899,-0.035698,0.017953
-0.401712,-0.089671,-0.033123
0.458460,-0.265177,0.179836
-0.229958,0.525411,-0.089199
0.223544,-0.013797,0.124480
0.052604,-0.035698,0.046503
0.227390,-0.035698,0.051428
-0.193849,0.240518,0.205582
-0.195062,0.047887,0.209447
-0.169259,0.601929,0.135164
-0.221717,0.101842,-0.047237
-0.164276,0.525411,0.300761
-0.189946,0.525411,0.279126
-0.177007,0.525411,0.310575
-0.140879,0.525411,0.272988
-0.273001,0.207156,-0.035926
-0.385173,0.652266,0.155132
-0.399495,0.555628,0.108528
-0.248903,-0.062675,0.063572
-0.265991,0.401095,-0.026549
-0.249585,-0.004287,0.047033
0.315729,-0.035698,0.000561
0.272137,-0.035698,0.014732
-0.205784,0.229151,-0.168218
-0.296644,0.525411,0.104209
-0.222153,0.107658,0.171387
-0.225657,-0.037327,-0.033142
-0.234448,0.476514,0.048719
-0.233179,0.410454,-0.150202
-0.407869,-0.096719,0.018957
-0.402186,-0.090808,0.016323
-0.299827,0.525411,0.062966
-0.400310,0.525411,0.078027
-0.392088,0.525411,0.070638
0.492636,-0.167345,0.163639
-0.155865,-0.655649,0.180007
-0.316441,0.654899,0.034416
0.301881,-0.137034,-0.321937
0.253571,-0.148723,-0.321937
0.485096,-0.114584,-0.321937
0.004371,-0.145748,-0.321937
0.399882,-0.142584,-0.321937
-0.081222,-0.147207,-0.321937
-0.237839,0.109628,0.099472
-0.374071,-0.061084,-0.038200
0.110026,-0.035698,0.128269
0.421139,-0.182425,0.240252
-0.247539,0.000885,-0.073778
-0.155675,-0.248354,0.211095
-0.363860,-0.070840,0.095778
0.456698,-0.251574,0.233431
-0.255552,0.090968,-0.020998
-0.255931,0.429701,-0.021149
-0.250608,0.654899,-0.144424
-0.265385,0.140622,-0.026113
0.440368,-0.671240,0.226611
-0.275369,0.001908,-0.048582
0.268121,-0.035698,-0.066920
-0.243276,0.407631,0.210622
0.322019,-0.035698,0.030286
0.304211,-0.035698,0.036405
-0.221906,0.147139,-0.045456
-0.162325,0.525411,0.157273
-0.261009,0.525411,0.161062
-0.269306,-0.055343,0.084127
-0.179754,-0.211051,-0.203494
0.363243,-0.089861,0.276152
0.223676,-0.090846,0.277137
0.375046,-0.099295,0.285568
0.354112,-0.100546,0.286818
0.379858,-0.068908,0.255180
0.275794,-0.097590,0.283882
0.472195,-0.106798,0.293070
-0.028821,-0.109336,0.295608
0.428508,-0.074156,0.260428
0.105498,-0.100262,0.286534
0.191887,-0.101872,0.288144
0.049081,-0.094995,0.281267
-0.358631,0.525411,-0.074100
-0.371665,0.525411,-0.082569
-0.246819,0.525411,-0.045929
-0.139496,-0.298482,0.192529
0.466530,-0.032932,0.064576
0.459729,-0.069438,-0.197299
0.468804,-0.078494,-0.240285
0.502033,-0.111723,-0.228065
0.490837,-0.100527,0.126658
0.460639,-0.070348,-0.243865
0.481497,-0.091206,0.054592
0.458479,-0.068169,-0.252788
0.484149,-0.093839,-0.271638
0.467080,-0.076789,-0.198208
0.487843,-0.097534,-0.068000
-0.158498,0.560800,0.143803
-0.243731,0.046144,-0.020695
-0.249604,0.252510,0.099832
0.468198,-0.474953,0.238831
0.465451,-0.448525,0.238831
0.474942,-0.507746,0.238831
-0.208569,-0.007489,-0.191407
-0.203492,0.631426,0.088977
-0.261122,0.525411,0.054270
-0.158517,-0.161094,-0.192809
-0.100337,0.561330,0.175612
-0.083969,0.654880,0.184080
0.448116,-0.746774,-0.236136
0.448116,-0.783280,-0.239773
-0.150276,-0.333492,-0.220089
-0.150276,-0.497080,-0.235169
-0.150276,-0.322087,-0.230376
-0.150276,-0.385022,-0.222211
0.293375,-0.035698,0.140355
-0.224161,-0.035698,0.235837
-0.208872,-0.035698,-0.177672
-0.223441,-0.035698,0.108490
-0.215370,-0.035698,0.147535
-0.213249,-0.035698,0.179344
-0.206220,-0.035698,-0.128131
-0.150276,-0.537603,-0.252315
-0.150276,-0.519056,-0.236628
-0.150276,-0.380683,-0.262488
-0.150276,-0.591861,-0.232309
-0.234315,0.654899,0.085870
-0.341032,0.654899,0.084260
-0.257826,0.464787,-0.178108
-0.253677,0.077346,0.048378
-0.231000,-0.062675,-0.030906
-0.155486,-0.198377,0.265808
0.462912,-0.065820,-0.113089
-0.155865,-0.709414,-0.219786
0.224832,-0.017548,0.057869
-0.162950,-0.736809,0.190616
0.425193,-0.211051,0.256942
0.469164,-0.269685,-0.278780
0.424302,-0.209043,-0.294959
-0.207281,0.552066,-0.018611
-0.268852,0.552748,-0.240626
-0.267279,0.605169,-0.241895
0.027578,-0.035698,0.140658
-0.100981,-0.035698,0.129424
-0.037478,-0.035698,-0.109073
-0.013854,-0.035698,0.012061
0.103320,-0.035698,0.197929
0.294720,-0.035698,0.176388
0.140433,-0.035698,0.006472
-0.111420,-0.035698,0.087632
0.008255,-0.035698,0.037598
0.300062,-0.035698,0.147914
0.035459,-0.035698,0.114079
-0.015521,-0.035698,-0.068455
-0.163973,-0.035698,-0.023972
0.197078,-0.035698,0.181390
0.122094,-0.035698,0.191639
-0.059473,-0.035698,0.156534
-0.042063,-0.035698,0.098393
0.084470,-0.035698,0.010318
-0.199381,-0.035698,0.076075
-0.176344,-0.035698,-0.160773
-0.114432,-0.035698,-0.075749
-0.203473,-0.035698,0.144410
0.036122,-0.035698,0.098203
0.176333,-0.035698,0.152006
-0.028328,-0.035698,0.090076
-0.190666,-0.035698,-0.117901
-0.089861,-0.035698,0.200922
-0.166644,-0.035698,0.017991
0.221782,-0.035698,0.150131
-0.142395,-0.035698,-0.204119
-0.138132,-0.035698,0.232655
0.263991,-0.035698,0.212081
0.108094,-0.035698,0.234227
0.132078,-0.035698,0.040023
-0.144460,-0.035698,0.191639
-0.072261,-0.035698,0.096725
-0.140387,-0.035698,0.216116
-0.124890,-0.035698,-0.108049
-0.063376,-0.035698,-0.094106
-0.159028,-0.035698,0.200789
-0.171456,-0.035698,-0.128870
-0.156963,-0.035698,-0.012908
-0.178977,-0.035698,0.154071
-0.192258,-0.035698,0.030002
0.162655,-0.035698,0.183114
-0.165261,-0.035698,-0.052522
-0.195668,-0.035698,-0.030565
-0.063963,-0.035698,0.105364
-0.107101,-0.035698,-0.050078
-0.075179,-0.035698,0.146986
-0.056726,-0.035698,-0.080523
-0.102819,-0.035698,-0.135690
0.153903,-0.035698,0.127719
0.088107,-0.035698,0.133516
-0.182122,-0.035698,-0.029769
0.223639,-0.035698,0.163070
-0.158517,-0.035698,-0.192430
-0.200404,-0.035698,-0.220279
0.356309,-0.035698,0.196565
-0.005632,-0.035698,0.175119
0.347898,-0.035698,0.179761
0.014184,-0.035698,0.232370
-0.062921,-0.035698,0.049761
0.018636,-0.035698,0.045669
-0.097230,-0.035698,-0.055250
0.194388,-0.035698,0.163165
0.091612,-0.035698,0.016873
-0.013589,-0.035698,0.104966
0.205319,-0.035698,0.196659
0.055749,-0.035698,0.223239
-0.054908,-0.035698,0.183133
-0.092873,-0.035698,-0.137869
0.273577,-0.035698,0.197436
0.005659,-0.035698,-0.048241
0.154888,-0.035698,0.024318
0.102316,-0.035698,0.057642
0.018466,-0.035698,-0.088745
-0.026130,-0.035698,-0.000064
-0.064456,-0.035698,0.179723
-0.011278,-0.035698,0.139711
0.052813,-0.035698,-0.000481
0.071474,-0.035698,0.204010
-0.120949,-0.035698,-0.063643
-0.243409,0.505538,-0.020752
0.309838,-0.035698,0.119971
0.448116,-0.417986,0.191165
0.448116,-0.448695,0.200638
0.448116,-0.320666,0.192207
-0.167914,-0.251839,-0.225167
0.283296,-0.035698,0.150415
-0.229882,0.076835,-0.150145
0.187492,-0.035698,-0.088688
-0.147245,0.654899,-0.200330
-0.138170,0.654899,-0.175910
-0.131445,0.654899,-0.153290
-0.076599,0.654899,-0.141639
-0.203985,0.654899,-0.163691
-0.191822,0.654899,-0.249624
-0.127864,0.654899,-0.163842
-0.213703,0.654899,-0.237556
-0.239904,0.654899,-0.196920
-0.246610,0.654899,-0.159087
-0.146051,0.654899,-0.152343
-0.203378,-0.211051,0.248265
0.477443,-0.280806,0.179836
-0.210502,0.154698,-0.194078
-0.162287,-0.206504,-0.294959
-0.172347,-0.252881,0.216097
-0.194152,0.167846,0.189385
0.227371,-0.017454,0.090815
0.217652,-0.033405,-0.103654
-0.267412,0.525411,0.027292
-0.150295,-0.801259,0.233564
-0.150295,-0.783905,0.237694
-0.264646,0.472877,-0.068474
-0.216886,0.579309,-0.270615
-0.218837,0.530905,-0.269611
0.437431,-0.649965,-0.243638
-0.186328,-0.668323,-0.237140
-0.204723,-0.200688,-0.236363
-0.238559,0.293583,-0.022229
-0.147662,-0.273399,0.179836
-0.126614,0.647965,0.161990
-0.319169,0.525411,-0.108826
-0.361170,0.525411,-0.112824
-0.195365,0.525411,-0.119435
0.486081,-0.646328,-0.241251
-0.256954,0.212878,-0.072585
-0.177746,-0.750108,0.192226
-0.177746,-0.711726,0.190824
-0.233747,0.322834,-0.150221
0.324311,-0.035698,0.071396
-0.179963,0.635651,-0.063340
-0.201370,0.223241,0.217821
-0.169486,-0.328888,-0.267982
-0.159559,-0.334515,-0.267982
-0.232516,0.363508,-0.068341
-0.155675,-0.251555,-0.262374
-0.073682,-0.149007,-0.282475
0.016249,-0.149007,-0.288026
-0.026623,-0.149007,-0.295528
-0.050683,-0.149007,-0.281054
-0.237271,-0.149007,-0.271392
0.003954,-0.149007,-0.295414
0.475416,-0.440322,-0.219786
0.471816,-0.486699,-0.219786
0.036198,-0.035698,-0.018061
0.215947,-0.035698,-0.076677
0.486366,-0.287797,0.194253
-0.234240,-0.035698,-0.233824
-0.275899,-0.035698,-0.183393
-0.232951,0.117453,-0.203702
-0.261331,-0.062675,-0.060176
-0.214575,0.084981,-0.155696
-0.183259,-0.627118,-0.273286
-0.147586,-0.318942,-0.219028
0.452985,-0.057295,0.246731
0.452985,-0.048580,0.029547
0.452985,-0.058526,-0.009650
-0.268151,0.453629,0.060787
0.452549,-0.265006,-0.223348
-0.257902,0.100383,-0.174470
