2.150364,-4.270014,-2.042744
-1.682957,3.097709,-0.214075
-1.698360,3.425209,-0.146319
-1.010920,-1.452113,-0.870273
-1.306260,-3.609151,-0.968142
-0.979595,2.438709,1.433206
-1.338810,2.701893,0.993378
-1.175592,3.356692,0.436713
-1.180256,3.021203,0.489552
-1.751223,3.664713,0.527177
-0.996208,1.949924,1.380152
2.743264,-3.976354,-0.074723
-1.081894,2.801013,1.566615
-1.084507,2.617223,1.403561
-1.260150,2.487721,-0.446814
-0.581794,3.450366,1.667314
-1.097754,-3.708876,-1.233993
-1.175363,3.098700,0.545158
-1.172709,3.330716,0.499187
-1.597492,1.373915,0.456049
-1.352496,3.520226,0.144665
-1.266384,2.665163,-0.449213
-0.779992,-3.776236,0.906007
-0.984221,2.881263,-0.642818
-1.423294,-0.275566,0.853509
2.572145,-0.712626,-1.584513
-1.434607,2.306587,-0.481783
-1.529966,-0.178811,-0.681402
2.455340,-4.320453,0.005148
-0.955296,-0.802112,1.124909
-1.547949,0.232062,-0.583861
-1.562659,0.219007,-0.025880
-1.102843,-4.071416,0.953882
-1.540514,1.057549,0.391494
-1.319114,1.959510,0.926243
-1.509201,0.059446,0.296650
-1.039230,-0.295261,0.933297
-1.055717,-0.293240,0.899133
1.610293,-0.331992,-1.109009
-0.455413,-0.305930,0.550619
0.085107,-0.310432,0.055760
-0.007088,-0.308845,0.118748
-0.887368,-0.301879,0.934255
0.709075,-0.321376,-0.365221
-1.035929,-0.298369,1.010827
-0.230039,-0.308518,0.362888
0.792747,-0.323469,-0.405330
-1.131861,-0.293543,0.993352
0.931086,-0.325757,-0.502267
-0.523537,-0.308167,0.686347
-1.136141,2.752661,1.568240
-0.970841,3.043353,1.469277
-0.843769,-4.053400,0.966493
-1.529020,2.846117,0.893804
-1.351617,-3.656763,-1.187462
-1.107880,-2.628434,-1.009309
-1.108982,-2.865723,-0.993774
-1.077217,-1.545021,-0.908550
-1.598420,1.739832,0.094092
2.758400,-4.045496,0.061597
-1.471680,1.344648,0.551336
-1.366721,-1.442624,-0.873429
-0.688123,3.576135,1.638787
-1.534581,3.632302,1.129261
2.522641,-2.280308,0.258938
2.517559,-2.401320,0.236581
2.502370,-2.916537,0.184596
2.536232,-1.988486,0.321793
-1.591704,3.315558,-0.331447
-1.607064,3.258564,-0.314457
-1.476805,1.708330,-0.050049
-1.193491,0.030222,1.330574
2.182458,-1.352444,-1.712677
2.174919,-1.217622,-1.776199
2.778993,-0.476378,-0.265078
2.800300,-0.491548,-0.217340
2.874649,-0.512508,0.299286
2.848117,-0.502395,0.142620
2.749517,-0.477191,-0.568566
2.754348,-0.527039,-1.066755
2.750287,-0.510559,-0.926742
2.106003,-3.931234,-2.009523
-1.481180,-0.198998,-0.569677
2.124250,-3.890600,-1.868472
-1.328640,-0.079283,-0.666637
-1.512352,0.989827,-0.112663
-1.422323,-0.241661,0.734780
-1.943813,-0.363228,-0.114851
2.725429,-3.562123,0.090315
-0.918471,3.667511,-0.489836
-0.994420,3.671222,-0.500813
-1.025464,1.002234,1.345985
-1.498107,3.028043,1.470544
-1.538363,3.004111,1.428496
-1.013113,-2.018838,1.154146
-1.012255,-2.073333,1.165158
-1.043424,-2.861005,1.032440
-1.028218,-2.438072,1.093456
-1.117824,3.449273,1.495507
-1.327578,0.004344,0.768313
-1.455517,2.636045,0.523852
-1.046601,-0.616720,1.352493
0.572197,-0.671496,0.950324
-1.078811,-0.612697,1.283781
-0.195305,-0.645992,1.153201
1.155529,-0.691857,0.821653
-0.676750,-0.630582,1.295849
0.985824,-0.688548,0.927478
1.107057,-0.691116,0.857226
1.048099,-0.689736,0.887952
-0.942838,-0.619537,1.308552
-1.175538,3.525635,0.468988
-1.126061,0.238754,1.192321
-1.017423,3.390273,0.964555
-1.469038,3.588127,1.416188
2.715990,-2.998552,0.188318
2.746108,-2.446029,0.233353
2.645384,-2.483432,0.254000
2.674854,-1.932791,0.299013
-1.459712,1.463998,1.025817
-1.986292,-0.448643,0.484582
-1.139186,3.662168,-0.099943
-1.148021,3.223904,0.674195
-1.143185,3.077900,0.697271
-1.224592,2.874403,1.050083
2.349814,-4.187580,-1.928653
2.626468,-1.585746,0.381642
2.615013,-1.641102,0.379156
-1.361206,-4.460527,-1.223675
-0.649391,3.538162,-0.585443
-1.095427,-3.843390,-1.042118
-1.662885,-0.095001,-0.146062
-0.006509,-0.577241,-0.858796
-0.457576,-0.562738,-0.726843
-1.358668,-0.535236,-0.424815
-0.630865,-0.556740,-0.687317
0.171771,-0.582227,-0.930446
-0.982471,-0.550001,-0.465038
-0.892276,-0.547628,-0.629320
-1.643773,-0.528205,-0.285560
-1.696193,-0.528843,-0.209464
-0.901441,-0.552251,-0.498032
0.767774,-0.596876,-1.222830
1.228189,-0.610725,-1.382486
-0.963026,3.162248,1.824335
-1.075427,2.802701,1.737237
-1.761600,3.295604,1.154772
-1.754366,3.391083,1.173336
-1.446836,-0.480244,1.279880
-1.328758,2.131249,0.940827
-1.523036,-0.577271,0.860784
-0.984562,-0.584861,0.448983
-0.347224,-0.592789,-0.066002
-1.474645,-0.575713,0.765194
-1.333455,-0.573358,0.543590
1.175466,-0.624917,-0.951572
-0.057412,-0.601473,-0.167368
-1.510020,-0.572933,0.732588
0.165942,-0.603402,-0.370063
0.478252,-0.611339,-0.516466
-0.166510,-0.595704,-0.194584
1.622534,-0.631818,-1.277791
-1.384109,-0.572993,0.591450
0.598260,-0.612771,-0.615019
-0.904608,-0.583164,0.314009
-1.661281,-0.568214,0.780623
-1.209360,2.099051,1.428206
-1.497771,3.305460,0.101032
-1.497592,1.029259,0.530176
2.513249,-2.785546,0.244820
2.520787,-2.477626,0.265576
2.487308,-3.478463,0.137973
2.493037,-3.293072,0.158443
-1.795845,2.854924,0.965865
-1.285275,2.835202,0.902983
2.230326,-4.434031,-1.930833
-1.569215,2.902650,0.679715
-1.418936,1.613999,-0.039127
2.613634,-0.669496,-1.668349
-1.426541,3.249414,-0.274220
-1.369732,2.666173,-0.319634
-1.223024,-0.802695,-0.758109
2.671131,-4.698051,-0.073438
-1.616991,1.424434,-0.018452
-0.859166,-4.292379,0.817528
-1.280417,-0.426614,1.360134
-1.003281,3.338768,0.982272
-0.988155,2.981668,0.986487
-0.990961,-0.540045,-0.715805
-1.185194,-0.531374,-0.722436
-1.885705,3.462512,0.412009
-1.894116,3.349236,0.446532
2.536867,-3.551483,0.020199
-1.029199,2.930690,0.925233
-1.672090,-0.571814,0.887015
-0.929918,-0.580581,0.275123
1.047757,-0.622121,-0.879942
-0.463539,-0.594001,0.097503
0.715348,-0.614119,-0.712466
-0.749361,-0.587018,0.238848
1.493241,-0.630239,-1.172553
-1.573795,-0.575975,0.884430
-1.312098,-0.577689,0.632644
-1.188408,-0.576711,0.466883
0.994504,-0.618965,-0.902121
1.105982,-0.620716,-0.982681
0.794267,-0.614994,-0.779026
2.190882,-2.905166,-1.903145
2.212516,-2.342551,-1.812561
2.199858,-2.689636,-1.863832
-1.116781,-0.706544,1.096362
-1.516865,-0.203326,0.872205
-1.434710,1.150330,0.507704
2.458537,-3.604198,-1.888504
-1.631397,0.851795,0.433691
-1.761444,-0.422196,-0.553523
-1.429231,2.582684,0.656866
-1.249373,-0.640804,-0.964032
-1.440112,2.326468,1.003532
2.765805,-3.863200,0.066723
-1.217387,2.043969,1.445207
-1.455162,3.660867,0.292193
-1.891992,3.352124,0.776736
-1.847543,3.491001,0.953602
-1.023807,2.596099,1.529041
2.441211,-3.718354,-1.879167
-1.033593,2.084143,1.360662
-1.196323,-0.644878,-0.917629
-0.792348,-1.405977,0.990477
-0.799053,3.633573,-0.484468
-1.458214,2.821836,0.196388
-1.316457,2.906894,-0.311909
2.263687,-3.210018,-1.975781
2.209860,-3.394148,-1.980274
2.392192,-2.430983,-1.932943
-0.682354,-0.710964,1.297081
-1.352678,-1.374493,-0.971974
-1.561372,2.429778,0.163323
-0.636564,3.500277,1.348647
2.288505,-0.651156,-1.526831
2.490494,-0.655152,-1.651278
2.478329,-0.768926,-1.838227
2.251844,-0.994577,-1.763363
-1.363487,0.280556,0.917939
-1.399069,2.876496,-0.047962
-1.135492,2.870250,-0.183366
-1.486362,1.582687,0.994988
-1.075989,3.049244,-0.023224
-1.042979,3.164583,-0.078505
-1.307842,-0.146808,0.784209
-0.647710,-0.727388,1.095971
-1.219078,2.865415,0.037826
-1.244400,2.870514,-0.066841
1.258395,-0.617768,-1.232510
-0.848209,-0.568782,-0.126056
1.218116,-0.617481,-1.194374
0.575806,-0.604276,-0.811729
-1.544508,-0.551116,0.201102
-0.559046,-0.578752,-0.193052
0.905934,-0.610905,-1.012533
-0.198566,-0.587893,-0.362537
-1.593349,-0.553067,0.307502
-0.109619,-0.585965,-0.513768
-1.896603,-0.544045,0.415244
-1.644358,-0.549475,0.271369
1.829554,-0.632327,-1.499099
-1.645345,-0.551770,0.332505
-0.019797,-0.588161,-0.558147
-1.091945,0.343095,1.204076
-1.154416,3.327003,0.250706
-1.152225,3.381912,0.253187
-1.029658,3.606132,1.241394
-1.527868,-0.555889,1.214957
-1.019867,-1.102699,1.260197
-1.462162,1.844489,0.453817
-1.140748,3.483104,-0.704275
-1.060409,3.429395,-0.690067
-1.116644,3.202029,-0.721670
-1.246650,2.949396,-0.772353
-1.406379,1.431804,1.035486
-1.183276,3.016161,0.436041
-1.186636,2.948624,0.404210
2.723684,-3.073020,0.094777
2.716657,-3.292012,0.068855
-1.513066,0.628664,-0.145265
-1.096483,3.527467,0.889530
-1.819082,3.276807,1.028522
-1.810495,3.466183,1.052594
-1.366037,3.022939,1.576491
-1.083153,3.308120,0.849803
-1.081695,3.421832,0.856166
-1.336695,3.536258,-0.395267
2.336535,-4.314094,-2.097715
-1.440064,0.079913,0.332695
-1.285476,-3.570293,-1.191651
-1.469577,3.027693,-0.332322
2.408549,-3.990314,0.039460
-0.886387,3.169632,1.866422
-1.369967,2.038768,1.087806
-1.479734,2.678492,-0.383863
-1.297345,0.979698,0.946916
-1.518717,1.145224,-0.490710
-1.488268,3.099582,1.484759
-1.560452,3.077308,1.410564
-1.889717,3.509756,0.777446
-1.896139,3.332401,0.733642
-1.385486,2.893964,-0.520210
-1.381559,2.891912,-0.470968
-0.912105,2.876985,-0.612680
0.884865,-0.294199,-1.275210
1.718414,-0.320279,-1.537883
-0.226904,-0.259640,-0.918945
-0.426102,-0.251671,-0.901581
1.217829,-0.305197,-1.364951
0.634925,-0.286922,-1.182225
-0.363612,-0.251654,-0.972862
-0.932071,-0.234760,-0.770402
2.128741,-3.812163,-1.837007
2.795630,-0.719981,-0.301662
0.807292,-0.654028,0.227021
2.174618,-0.669255,-0.924433
0.441669,-0.646196,0.436594
2.186013,-0.649780,-1.446675
1.273304,-0.664402,-0.029834
1.593436,-0.657237,-0.580044
2.941956,-0.751803,0.364692
2.307085,-0.673534,-0.962678
2.723186,-0.738109,0.254523
2.087262,-0.648576,-1.366240
0.434521,-0.627784,-0.036817
-0.255304,-0.625365,0.681753
1.427562,-0.669386,-0.074305
2.280945,-0.659779,-1.292766
0.051934,-0.651002,1.004006
2.969838,-0.753784,0.384920
1.989512,-0.696568,-0.000355
2.291274,-0.656352,-1.394088
0.917142,-0.681627,0.824313
0.629381,-0.629663,-0.208536
1.788979,-0.700890,0.339979
1.091748,-0.658589,0.023922
2.062113,-0.706597,0.179661
2.567110,-0.692409,-0.763740
-0.112995,-0.623003,0.458688
1.735024,-0.645455,-1.048633
2.604502,-0.723720,0.012738
2.579340,-0.651157,-1.856445
0.309909,-0.643558,0.516937
1.471458,-0.690039,0.416054
2.646302,-0.667081,-1.515881
1.884292,-0.650156,-1.094862
1.377822,-0.665726,-0.113653
0.223519,-0.623116,0.080246
2.116020,-0.705957,0.101816
1.735583,-0.665562,-0.523421
2.604096,-0.696123,-0.708542
2.341794,-0.654218,-1.507171
2.673270,-0.736564,0.270698
2.450300,-0.667081,-1.293753
1.397080,-0.680295,0.245520
1.340551,-0.666370,-0.054586
0.939929,-0.631226,-0.519632
0.702329,-0.638078,-0.071140
2.419238,-0.671256,-1.149343
1.392481,-0.664051,-0.174088
1.530796,-0.680348,0.095350
2.609602,-0.712825,-0.277992
1.603004,-0.666248,-0.355233
2.231041,-0.719112,0.315497
2.386752,-0.705917,-0.206064
0.700107,-0.665414,0.646288
1.020334,-0.640190,-0.376323
1.339970,-0.656490,-0.312296
2.804070,-0.747640,0.412114
-0.507371,-0.619327,0.809534
1.137135,-0.672312,0.331362
1.270537,-0.638184,-0.712363
2.682272,-0.728587,0.051870
2.132430,-0.664824,-0.992501
-0.084547,-0.647077,1.056041
1.847383,-0.650618,-1.040968
2.609751,-0.682379,-1.074372
2.273543,-0.656893,-1.359854
1.876363,-0.644679,-1.229124
2.649037,-0.722299,-0.074913
1.691385,-0.640033,-1.140983
1.431535,-0.689435,0.445518
-0.828792,-0.615316,1.068918
2.349338,-0.657543,-1.428758
0.865259,-0.637445,-0.272341
2.030691,-0.660447,-0.991653
2.904712,-0.752348,0.421177
2.436919,-0.670436,-1.190831
-0.369532,-0.618028,0.619327
2.616630,-0.705682,-0.472761
1.546102,-0.642056,-0.923403
1.478437,-0.662837,-0.303257
0.428429,-0.656681,0.725805
2.337950,-0.728322,0.435185
0.477498,-0.666142,0.917623
1.008556,-0.646434,-0.199684
2.658248,-0.666018,-1.557228
1.003396,-0.652895,-0.024854
1.061002,-0.632899,-0.613094
0.811886,-0.658053,0.327089
2.968762,-0.756132,0.447532
1.685241,-0.648552,-0.911225
-0.522322,-0.631070,1.133572
0.173183,-0.622979,0.133708
0.579645,-0.639966,0.117295
1.694796,-0.655550,-0.739051
0.131616,-0.635950,0.520033
2.519235,-0.715833,-0.096893
2.878240,-0.733443,-0.043239
2.116744,-0.711939,0.257447
1.832989,-0.657821,-0.836283
1.603965,-0.686396,0.170607
0.262030,-0.653018,0.818606
1.275384,-0.635225,-0.795244
0.294624,-0.624604,0.038571
2.533357,-0.717910,-0.058587
0.724967,-0.667836,0.681452
2.503502,-0.674849,-1.150892
2.676066,-0.716329,-0.261670
2.588020,-0.675662,-1.225420
-0.797817,-0.620845,1.178418
2.340908,-0.699091,-0.332619
1.279955,-0.660504,-0.139309
2.657321,-0.704771,-0.542701
2.496928,-0.736286,0.463274
1.577701,-0.690190,0.299583
1.886651,-0.663955,-0.736662
2.436438,-0.659159,-1.485222
2.584092,-0.696483,-0.676462
-0.009416,-0.621348,0.298019
2.832549,-0.742662,0.249641
2.869551,-0.722131,-0.329227
2.639205,-0.728995,0.111358
0.456779,-0.648781,0.487077
2.580878,-0.714794,-0.193924
1.766945,-0.695484,0.223547
1.710548,-0.691039,0.171223
1.494853,-0.677899,0.072063
2.054700,-0.722087,0.593143
1.627471,-0.694917,0.366796
1.419709,-0.654544,-0.453559
0.503890,-0.631739,-0.012021
2.198546,-0.672931,-0.855423
1.372129,-0.687656,0.466314
1.188722,-0.652542,-0.244119
0.435033,-0.624342,-0.127428
2.283030,-0.688992,-0.531144
0.374536,-0.631622,0.131540
1.382431,-0.673432,0.082643
0.496252,-0.624789,-0.185124
1.321844,-0.637238,-0.795255
-0.512814,3.494217,1.416862
-0.765234,2.955104,1.192546
-1.344693,-3.324998,-0.965044
-1.493538,2.536174,0.177516
-1.241231,2.883181,-0.401684
-1.362772,2.887666,-0.381223
-1.470587,2.140267,1.037847
2.545286,-4.459914,-0.061659
-1.069623,1.146054,1.274673
-1.308753,-4.095848,-1.047389
-1.273742,-0.392732,1.329919
-0.874130,-1.101605,1.066416
-1.329771,-2.171501,-0.952378
-1.319592,-1.678647,-0.931798
-1.323049,-1.784697,-0.944712
-1.465611,1.140149,0.031591
-1.415240,1.316817,0.001938
-1.184627,-1.302624,-0.776439
-1.288142,-1.250336,-0.746637
1.209866,-0.391491,-1.525717
-0.478417,-0.253789,-1.045127
1.393798,-0.317095,-1.500336
1.365265,-0.392982,-1.560123
2.318986,-0.407663,-1.776795
2.039750,-0.375862,-1.689503
1.178880,-0.359304,-1.491104
1.922963,-0.389254,-1.676117
-0.967904,3.417374,1.493479
-1.407842,2.872786,0.058991
-1.834504,2.887754,0.151123
-1.661741,2.881993,0.105979
2.249628,-4.360536,-1.928515
-1.829161,2.880753,0.328153
-1.505777,2.869144,0.265247
-1.027335,2.952632,1.568123
-1.301334,1.847161,-0.434149
-0.993427,-0.255189,-0.166587
0.145487,-0.285214,-0.672187
-1.376197,-0.247254,0.059708
-0.603599,-0.266489,-0.312898
-1.439477,-0.247166,0.129134
-1.290355,-0.248650,-0.001073
-1.759839,-0.235910,0.197843
-1.220793,-0.255730,0.105246
-0.655477,-0.268850,-0.192352
-1.758765,-0.238851,0.273537
-1.454922,-0.245009,0.090225
-0.706523,-0.265353,-0.225966
-1.371188,2.979308,1.171370
-1.434944,1.962118,1.075409
-0.972362,-0.949412,1.115073
-0.966178,-2.911319,1.080723
-0.994334,-1.684367,1.203549
-1.007902,-2.432724,1.136015
2.447988,-3.942944,-2.032559
2.566616,-1.366911,0.187627
2.310380,-4.448919,-2.104188
-1.437502,1.005957,0.493988
-1.113796,-3.815984,1.046697
-1.617985,1.208277,0.043999
2.155754,-4.133706,-2.051494
-1.307700,1.236090,-0.576931
-1.670682,0.056340,-0.099912
-1.474488,3.260905,0.090431
-1.627687,1.286656,0.512317
-1.328076,0.168485,-0.661298
-1.494221,0.173793,0.809707
2.643562,-1.608699,0.146278
2.656534,-1.555933,0.148155
2.237898,-1.383928,-1.835027
2.250674,-1.204960,-1.821165
2.542046,-1.330572,-1.687180
2.529271,-1.368822,-1.769065
-0.777720,-3.706611,0.937237
-0.654623,3.100767,1.275219
-0.627241,3.006706,1.283080
-1.928713,-0.496654,-0.213029
1.688450,-0.664590,-0.495440
1.613828,-0.676324,-0.103978
1.830234,-0.652655,-0.968237
2.138967,-0.648701,-1.421555
1.820114,-0.668495,-0.542538
1.886055,-0.655790,-0.949523
0.487511,-0.643263,0.307940
1.505209,-0.672524,-0.080255
1.034238,-0.651139,-0.105738
-0.230631,-0.615805,0.403762
0.363235,-0.652315,0.685528
1.380683,-0.686472,0.425660
1.448681,-0.648762,-0.637618
1.450083,-0.638738,-0.901359
-0.052481,-0.631912,0.623085
2.656047,-0.689976,-0.928178
1.854332,-0.647735,-1.124229
2.687465,-0.685087,-1.091631
0.037211,-0.633434,0.561235
0.984643,-0.632449,-0.538306
2.565618,-0.669351,-1.365076
2.767611,-0.741520,0.293381
2.407554,-0.662138,-1.374564
2.029441,-0.650684,-1.245568
1.108463,-0.677471,0.498770
-0.954399,-0.609953,1.071016
0.474367,-0.653989,0.603335
2.181527,-0.695026,-0.258301
1.316587,-0.643062,-0.636979
1.107390,-0.643855,-0.379145
1.351795,-0.670041,0.028673
0.830835,-0.630271,-0.420961
-0.001419,-0.636895,0.695532
2.748615,-0.709974,-0.510096
-1.015455,-0.612913,1.217639
1.416163,-0.639225,-0.850174
2.542232,-0.722561,0.052989
2.649010,-0.656445,-1.797113
1.415876,-0.673199,0.038640
1.756290,-0.661420,-0.655207
2.944762,-0.750160,0.318567
2.425503,-0.689588,-0.677038
2.358389,-0.718494,0.154988
-0.484211,-0.618224,0.754428
0.072410,-0.623838,0.270380
1.966727,-0.717855,0.582186
-0.159121,-0.627252,0.622087
1.462067,-0.683408,0.253285
1.238444,-0.647656,-0.428274
1.390180,-0.635884,-0.908116
2.046305,-0.676988,-0.576773
1.188944,-0.642983,-0.494364
2.084626,-0.657568,-1.128090
2.790632,-0.730696,-0.015778
2.175091,-0.691029,-0.355543
1.334591,-0.641493,-0.698426
1.756739,-0.668775,-0.463380
0.304055,-0.652746,0.763863
1.905246,-0.681022,-0.311412
2.055970,-0.716677,0.450236
2.228796,-0.710742,0.099141
1.502932,-0.669274,-0.162657
1.852806,-0.644923,-1.196048
2.432567,-0.723021,0.189314
1.531617,-0.650898,-0.675764
2.755758,-0.727512,-0.059536
1.725464,-0.697294,0.317919
1.269375,-0.673481,0.212066
2.314684,-0.722994,0.322224
2.333128,-0.664121,-1.238360
1.938654,-0.661447,-0.861202
-0.964777,-0.607362,1.015023
-0.332428,-0.625453,0.771455
2.308624,-0.709696,-0.018696
2.565598,-0.727998,0.168700
1.582928,-0.648921,-0.785605
2.506164,-0.738454,0.509506
-0.296568,-0.634831,0.976065
0.852538,-0.676804,0.771410
2.367970,-0.647939,-1.701051
1.167258,-0.665950,0.130841
0.282271,-0.641385,0.491431
-1.083294,-0.606245,1.120148
0.505765,-0.653484,0.554547
2.428370,-0.706871,-0.228278
1.522547,-0.665942,-0.272050
2.301166,-0.658876,-1.339297
2.265326,-0.701573,-0.182064
2.355824,-0.683107,-0.767543
0.413296,-0.654618,0.689000
1.923992,-0.664602,-0.762063
1.314515,-0.695168,0.728080
1.137876,-0.661904,0.058337
0.592661,-0.646417,0.271256
2.006324,-0.682211,-0.394857
2.385898,-0.724092,0.270219
-0.232235,-0.631348,0.812066
-0.247227,-0.626921,0.713274
1.460891,-0.642674,-0.810663
1.275217,-0.674867,0.241687
-0.116350,-0.633180,0.728651
2.097728,-0.712464,0.292721
1.387573,-0.699597,0.761094
2.755778,-0.734816,0.131470
0.594537,-0.669565,0.874480
0.727841,-0.642838,0.024432
1.688931,-0.650137,-0.873947
2.261408,-0.706715,-0.043136
0.198016,-0.628698,0.255138
1.013871,-0.681959,0.723367
2.720831,-0.699745,-0.746128
1.817650,-0.678094,-0.288710
0.864983,-0.659390,0.301883
1.376146,-0.684315,0.374388
0.943381,-0.676451,0.659215
0.220426,-0.655241,0.923905
2.830047,-0.713773,-0.503030
1.324502,-0.674688,0.181149
2.565829,-0.737984,0.429600
0.443347,-0.658997,0.769465
1.843783,-0.663181,-0.708332
2.489803,-0.693870,-0.637931
0.290555,-0.648291,0.662660
-0.606685,-0.628823,1.170415
1.042510,-0.684512,0.757678
2.619056,-0.422556,-1.277602
2.554171,-0.407541,-1.763323
2.708460,-0.456539,-0.753958
2.662185,-0.483568,-1.513339
2.724354,-0.439992,-0.413438
2.585804,-0.395378,-1.312122
2.653164,-0.465357,-1.404650
-1.639277,3.648013,0.837046
-1.533816,3.641380,0.890972
2.119595,-4.073960,-2.034906
2.195391,-3.400943,-1.825048
2.199844,-3.090924,-1.825162
2.196023,-3.199101,-1.840311
2.205326,-2.966515,-1.800457
-1.291210,-0.658909,-0.840160
2.588188,-4.269609,0.107451
2.736292,-4.068683,0.115554
-1.667868,3.464830,-0.189797
-1.580870,3.443667,-0.331873
-1.600121,1.442805,0.559247
-0.795882,-3.534533,0.955357
-1.300894,-0.864423,-0.885183
-1.482899,1.524916,-0.066267
-1.616054,0.512781,0.375599
-1.495026,0.965800,0.906961
-2.009201,-0.440647,0.201496
-1.548242,2.864376,0.438059
-1.499156,2.862764,0.424595
-0.987528,-0.902997,1.217763
-0.996896,-4.067597,0.806107
-1.368019,2.142568,-0.368517
-1.449702,-0.363999,1.188820
-0.874801,3.175746,1.118687
-1.526866,-0.251784,0.348940
-1.379928,2.898455,-0.643949
-1.228518,1.641521,1.410207
2.560758,-0.859074,0.425925
-1.481447,1.048070,0.383639
-1.452776,2.853503,0.614228
-1.511681,1.218641,0.057834
-0.738746,-1.111203,1.163984
-1.253467,-0.146727,1.206335
2.771374,-3.966264,0.109859
-1.517142,0.213397,0.843881
-1.414646,1.014835,0.852262
-0.925903,2.792862,1.602961
-0.583131,2.781402,1.514202
-1.462289,3.643335,0.758775
-0.874640,3.593964,1.383918
-1.048298,3.599968,1.423732
2.241099,-0.643068,-1.684643
2.401594,-0.647600,-1.748003
-1.631508,3.659666,0.523474
-0.727352,-1.107567,1.055996
-1.092554,3.142905,1.455288
-0.848271,-1.028529,1.230518
-1.350086,-0.371441,1.262235
-0.954262,-0.600289,-0.969877
2.378232,-4.377214,-2.093414
-1.066674,0.914723,1.257517
2.157704,-4.443564,-1.976805
-1.795746,3.149797,0.023027
-1.770332,3.130451,-0.035681
-1.494610,3.676454,-0.070719
-1.309911,-0.480507,1.370337
-0.805635,-2.820304,1.033946
-0.795381,-2.186392,1.041404
-0.784949,-2.028627,1.096048
-0.781587,-1.915942,1.107690
-0.653137,2.791207,1.337122
-0.904091,2.800083,1.389403
-1.222088,-0.650752,-0.734813
-1.898822,3.277076,0.709299
-1.903017,3.039231,0.728971
2.443360,-2.194057,-1.867997
2.460596,-2.036527,-1.767746
2.453095,-2.169066,-1.805197
2.426707,-3.219026,-1.880551
-1.428744,-3.869045,-1.128968
-1.497464,0.843110,0.511807
-0.813013,-2.712595,0.974118
-0.814070,-2.844940,0.979816
-0.825032,-2.945324,0.916078
2.675265,-3.326989,0.167027
2.555657,-2.615460,0.263056
2.548789,-2.262872,0.298059
-1.382763,1.183509,1.010967
-1.425569,1.151107,0.410395
-1.053356,-3.507951,1.062848
-1.275718,1.796187,1.019822
-1.746756,-0.327738,-0.502840
-0.987413,2.182136,1.435935
-0.823431,-4.119166,0.894802
-1.453573,0.840421,-0.478245
-1.032028,2.874801,0.918571
-1.165376,3.055235,0.246256
-1.174650,2.906388,0.276362
-0.977942,3.293693,-0.172059
-0.999374,3.238592,-0.144947
0.589410,-0.295771,-0.899229
0.443900,-0.288735,-0.918311
2.311275,-0.340541,-1.679902
-1.376701,-0.241047,-0.102053
-1.519726,-0.236874,-0.049087
-1.007807,-0.249174,-0.307601
-0.283759,-0.271532,-0.543496
-0.838746,-0.254140,-0.369347
-1.008327,-0.250922,-0.261307
-1.144391,-0.249476,-0.144911
-0.664443,-0.260840,-0.391683
1.225207,-0.310297,-1.239933
-0.963939,3.139089,-0.214904
-1.004022,2.873769,-0.185634
-1.343686,3.406318,0.634296
-0.677804,3.584167,1.417062
-0.961948,3.461654,1.569751
-1.140639,3.603264,1.442173
-0.924409,3.597633,1.344379
-1.418638,1.283514,0.879498
-1.661803,-0.067363,-0.076028
-0.685730,3.095586,-0.580800
-1.916929,2.928431,0.527277
-1.904773,3.361313,0.570346
2.538101,-1.532376,-1.694120
-0.353598,-0.264211,-0.655824
-1.623642,-0.227109,-0.186675
0.124148,-0.277689,-0.844797
0.841915,-0.298106,-1.124340
1.317582,-0.312441,-1.288567
-1.062014,-0.244647,-0.364554
-1.413282,-0.236741,-0.173202
-1.263059,-0.236123,-0.359620
-1.141014,-0.238274,-0.441694
-0.918395,-0.247439,-0.454321
0.710670,-0.293693,-1.091016
2.546541,-1.167229,0.249518
-1.248136,-1.382282,-0.997814
-1.237598,-1.306161,-0.993143
2.595269,-1.103303,0.243864
2.162228,-4.591439,-1.932222
-1.724125,-0.484173,-0.621376
-1.642529,0.493001,0.459231
-1.093065,2.858378,1.428362
-1.498924,2.163878,0.144320
-1.324932,1.544900,-0.448657
-0.796604,2.841549,1.771271
-0.748038,3.197924,1.772110
-0.704650,2.811473,1.695637
-0.475939,2.779264,1.512456
2.217345,-1.180185,-1.581730
2.204636,-1.237826,-1.584131
-1.633596,-0.257913,0.630187
1.418746,-0.323150,-1.123163
-0.934246,-0.274301,0.266158
-0.097489,-0.292381,-0.209376
0.534348,-0.303416,-0.636895
-1.606180,-0.255893,0.546306
-0.299321,-0.284466,-0.187607
-1.261121,-0.266614,0.435591
1.962172,-0.334211,-1.449779
-1.518684,-0.262414,0.617680
-0.546130,-0.282706,0.046092
1.611028,-0.325999,-1.266581
-1.134139,-0.268503,0.341087
0.815146,-0.310474,-0.770545
-1.486475,1.252906,-0.558663
2.681026,-4.441701,-0.058790
-1.838244,3.404430,0.189164
-1.832574,3.477677,0.182866
2.420136,-1.087574,-1.659844
-1.401359,2.568912,0.138659
-1.099285,2.879623,-0.469513
-1.845577,3.553336,0.878753
-1.398069,1.779978,0.474616
-1.915134,3.019315,0.522253
-1.896131,3.527487,0.656972
-1.633551,2.861355,0.613767
-0.943834,-0.548760,-0.904998
2.749483,-3.873639,-0.044360
-1.297877,1.562725,0.898060
-1.451049,3.508986,-0.327037
-0.559830,2.811668,1.581933
-0.498798,2.828411,1.535785
-0.728813,2.846254,1.718517
-1.458080,1.405764,0.417433
-0.276254,-0.566947,-0.822284
0.636547,-0.593261,-1.168639
-0.774157,-0.551878,-0.652052
-1.038998,-0.546231,-0.499564
-1.682880,-0.525758,-0.305237
1.831180,-0.627501,-1.627166
-1.464628,-0.536466,-0.272549
1.689830,-0.624466,-1.546338
1.173106,-0.607812,-1.396228
1.177543,-0.610362,-1.334562
-1.909578,2.880998,0.426765
-1.915136,2.937282,0.490895
-0.717847,-1.247393,1.073233
-0.705582,-1.204088,1.151211
2.261754,-1.001262,-1.613649
-1.407086,2.225656,0.604053
-1.380586,2.298233,0.064184
-1.380015,3.654383,0.376612
-1.521080,1.683119,0.595614
-0.938445,-4.526045,0.768590
-1.715410,3.194844,-0.146649
-1.737167,3.490494,-0.054992
-1.203901,-4.441763,-1.259671
2.178089,-4.219317,-2.050704
-1.911258,3.087721,0.505786
-1.903956,2.906752,0.388212
-1.494324,0.455538,-0.517000
-0.926001,-0.564776,-0.783988
-1.442363,0.410384,0.430066
-1.600902,3.663635,0.384987
-0.848941,3.206664,-0.363330
-0.920234,3.233931,-0.270981
-0.790720,3.331612,-0.420840
2.202509,-1.390712,-1.598083
2.324860,-1.476538,-1.635581
-1.093704,2.869748,-0.217576
-0.979374,-1.097629,1.081722
-1.188214,3.580497,0.794936
-1.042059,0.562767,1.246949
2.182369,-0.336740,-1.685976
1.634010,-0.317047,-1.551713
1.837467,-0.380486,-1.650251
1.249561,-0.337768,-1.487544
0.875335,-0.349591,-1.417762
-1.106943,3.648397,-0.081744
-1.351067,3.085085,0.614497
-1.851405,3.103173,0.947274
-1.898297,2.935781,0.760939
-1.455277,0.258267,-0.677346
-1.528773,3.169454,0.722288
-1.389199,2.313349,-0.349131
-1.339108,-2.977777,-0.937052
-1.339202,-2.920848,-0.943178
-1.350857,-3.195137,-0.994764
-1.304795,-1.680005,-0.832536
-1.257773,2.560459,-0.408288
-1.456575,1.525095,1.031971
-1.042736,2.898579,-0.118708
-1.038325,3.330930,-0.064086
-1.087136,-3.640777,-1.155660
-1.295664,3.630666,0.901248
-1.603717,3.642453,0.942128
-1.336359,-0.281310,0.905206
0.837420,-0.318572,-0.584029
-1.019562,-0.285227,0.648599
-0.440227,-0.300842,0.400363
-0.521125,-0.293079,0.289009
-0.258649,-0.299680,0.164176
-1.054114,-0.286239,0.714204
-1.088847,-0.291135,0.881634
0.034212,-0.304283,-0.047374
2.339870,-0.342896,-1.650732
0.345863,-0.310144,-0.247315
1.342441,-0.326048,-0.960875
-0.705717,-0.291431,0.455125
0.747502,-0.315289,-0.567961
2.477351,-1.224140,0.250407
2.469807,-1.486878,0.225243
-1.252752,3.488023,1.065374
2.755412,-4.002354,0.016746
-0.669285,2.781041,1.621293
-0.885375,2.784647,1.771892
2.185234,-1.533892,-1.676551
2.177960,-1.427280,-1.735580
-1.559494,0.058533,0.452483
-1.372756,-1.157903,-0.941361
-1.341696,-1.036388,-0.745026
-1.300752,3.156359,1.633691
-1.299270,2.958560,1.621385
-0.771946,-0.835115,1.230487
-1.224639,2.843551,0.615912
-1.417614,2.849411,0.681363
2.211327,-2.558851,-1.901610
2.310999,-1.828023,-1.856408
2.352940,-1.913122,-1.874529
2.184291,-3.183304,-1.954189
-1.130232,3.010843,1.722757
-1.261457,2.813420,1.637221
-1.436002,0.350308,-0.124410
-1.521250,0.298297,0.874309
-1.285377,3.646447,-0.586482
-1.271921,3.295333,1.178822
-1.286976,2.851024,-0.450086
-1.473457,1.603939,1.024259
-1.424686,0.985040,0.995962
2.664952,-1.222214,0.209520
-1.503108,3.546145,1.433853
2.310344,-2.102818,-1.729521
2.446065,-1.753814,-1.729095
2.362176,-2.592970,-1.788333
-1.407138,-0.216428,-0.711404
-1.351506,-1.057521,-0.808703
-1.355304,-1.029634,-0.836838
-1.140947,1.145733,1.277848
-0.947166,3.367341,1.057077
-1.019012,-4.194644,0.972010
-1.565984,2.751097,0.186142
-0.679259,3.500430,-0.539350
-0.823326,3.412831,-0.370129
-0.905651,3.111522,-0.304092
-1.432746,3.201092,1.102067
-1.445021,3.069512,-0.554269
-1.558304,3.189791,-0.398030
-1.131779,-0.706895,-0.923682
-1.504973,3.362333,0.109997
-1.133780,3.017709,0.730947
-1.118204,3.012128,0.764860
-1.551126,2.274658,0.021635
-1.287440,0.643676,0.850044
-0.050921,-0.581396,-0.699777
-0.226573,-0.573974,-0.694814
-1.097989,-0.553806,-0.234623
-1.287660,-0.546929,-0.199499
-0.388515,-0.570672,-0.597615
-1.034130,-0.549784,-0.412178
-0.734430,-0.559880,-0.487815
-1.172823,-0.551567,-0.208355
0.253002,-0.588505,-0.858340
1.354811,-0.616552,-1.373603
-1.992878,-0.530257,0.163778
-0.436529,-0.568985,-0.587318
-0.803034,-0.561735,-0.361547
0.944635,-0.606196,-1.179541
-1.820590,-0.284687,0.590028
2.503952,-0.756674,0.222219
-1.394884,2.566861,1.134464
0.124341,-0.592298,-0.613300
1.563615,-0.625557,-1.374745
2.145241,-0.639401,-1.671885
-1.024962,-0.569860,0.102484
0.172886,-0.594542,-0.609658
-0.328999,-0.583856,-0.320297
0.254185,-0.597296,-0.629771
-1.591044,-0.557172,0.412222
-1.763167,-0.545732,0.308139
-0.800970,-0.573039,-0.068266
-1.173642,-0.563987,0.117396
0.478219,-0.599561,-0.824441
2.231275,-0.366314,-0.915214
-0.488830,-0.321562,0.997310
-0.602724,-0.318133,1.036716
0.842262,-0.374793,0.880798
2.354672,-0.391084,-0.407278
1.646246,-0.395053,0.499431
2.352875,-0.395859,-0.280359
1.104592,-0.341155,-0.296213
0.807750,-0.371876,0.843623
2.312224,-0.376262,-0.746806
1.676996,-0.400832,0.615723
0.442389,-0.357009,0.868924
2.170751,-0.404420,0.149944
2.264839,-0.379180,-0.616785
2.560070,-0.425324,0.255401
1.885887,-0.367051,-0.504494
-0.019557,-0.338919,0.919380
0.384436,-0.340197,0.494927
2.474940,-0.428690,0.439915
2.070902,-0.378954,-0.402888
0.987669,-0.366962,0.511211
2.492604,-0.393303,-0.505569
1.079288,-0.367689,0.426369
2.261804,-0.354468,-1.259620
0.274062,-0.327010,0.275161
1.573715,-0.361430,-0.297689
1.331787,-0.356297,-0.157712
2.723209,-0.432899,0.268607
-0.118409,-0.328958,0.770916
1.215584,-0.372827,0.406281
0.177714,-0.343294,0.810216
1.355242,-0.362634,-0.018576
1.532625,-0.372613,0.041361
0.991021,-0.369160,0.564885
0.726062,-0.351816,0.411599
0.130876,-0.335429,0.657615
1.240027,-0.368777,0.272662
1.078538,-0.348265,-0.080764
2.576190,-0.393466,-0.596052
0.646151,-0.365689,0.864981
1.813839,-0.345710,-0.980936
0.962948,-0.362017,0.409899
2.112208,-0.384812,-0.296496
2.494045,-0.365758,-1.227562
2.157279,-0.408012,0.259164
1.620055,-0.364623,-0.266695
1.078112,-0.370376,0.497988
0.891110,-0.338651,-0.119764
-0.551984,-0.318470,0.988042
1.224077,-0.350866,-0.177670
2.209661,-0.405168,0.125417
2.102038,-0.415762,0.524448
1.301669,-0.388417,0.716433
2.551053,-0.416082,0.023916
2.311904,-0.375028,-0.778696
1.966022,-0.390399,0.015290
1.276574,-0.365351,0.141646
1.294728,-0.350076,-0.278413
1.438217,-0.383425,0.431100
0.074728,-0.347613,1.039893
-0.263402,-0.322607,0.769145
1.097823,-0.351444,-0.019475
2.497345,-0.369262,-1.139663
2.286274,-0.407334,0.095216
0.642070,-0.362479,0.785659
2.047915,-0.351444,-1.096282
1.142871,-0.335791,-0.479894
2.526664,-0.422079,0.208379
0.610535,-0.342581,0.301010
-0.435615,-0.329651,1.148557
1.765236,-0.339748,-1.081787
2.576432,-0.421595,0.139335
1.939633,-0.371756,-0.442343
1.571421,-0.389114,0.428936
2.466277,-0.407734,-0.098317
1.048785,-0.381975,0.834572
1.184282,-0.351280,-0.121753
1.599551,-0.372792,-0.029810
0.002378,-0.327689,0.600841
0.856691,-0.341500,-0.006239
0.921663,-0.363067,0.484144
0.783835,-0.345092,0.170269
1.558773,-0.364977,-0.187980
1.473874,-0.372882,0.114969
2.125186,-0.377316,-0.507244
1.031662,-0.362971,0.356983
0.544477,-0.354483,0.687152
2.149533,-0.416500,0.489906
0.992528,-0.337536,-0.263857
1.330237,-0.349406,-0.336193
1.905244,-0.351741,-0.926827
1.113752,-0.360489,0.199033
-0.057165,-0.331739,0.774242
0.885018,-0.371699,0.751441
2.056135,-0.408707,0.391963
-0.556090,-0.316919,0.952121
2.322860,-0.401222,-0.106085
-0.374322,-0.318617,0.790522
1.292337,-0.344545,-0.420363
2.169827,-0.381480,-0.448954
0.969277,-0.346334,-0.007415
1.856058,-0.363611,-0.560642
1.799481,-0.386244,0.095378
2.401653,-0.405894,-0.073212
2.745783,-0.430720,0.186036
2.558606,-0.417559,0.053980
0.588175,-0.363388,0.870502
0.600293,-0.331304,0.017712
0.231629,-0.328059,0.350676
0.988721,-0.360535,0.341938
2.536475,-0.408315,-0.162689
1.843272,-0.401258,0.438410
2.886558,-0.816750,0.174182
-1.370497,3.463367,-0.394179
-1.356538,-1.224900,-0.826245
2.418574,-3.736702,0.022862
-1.060130,2.882503,-0.589209
-1.081419,2.884856,-0.626630
-1.439380,1.367765,0.037876
2.581088,-4.529995,-0.076885
-1.499093,1.514305,0.576619
-1.427734,3.352180,-0.267328
2.218390,-4.605009,-1.993590
-1.597908,2.294810,0.608224
-1.505548,0.556498,0.928373
2.484915,-0.935437,-1.711187
2.460205,-3.673396,-1.940923
-0.923234,3.593660,-0.613140
-0.900710,3.127871,1.089622
-0.892325,3.291572,1.107934
-1.451569,1.557731,0.927995
-1.527980,3.393759,0.621878
-1.418479,-3.510163,-1.111403
-1.123781,-3.351907,-1.114165
-1.158271,3.147439,0.231199
-1.462223,1.882212,1.052658
-1.645349,0.889723,-0.009328
-1.130364,3.576648,0.085926
2.388913,-3.444499,-1.874245
2.882336,-0.747632,0.323190
-1.650050,0.707556,-0.056984
-1.802917,3.643031,0.539196
-1.377985,2.381563,0.588945
-1.463562,2.862562,0.389515
-1.158039,-4.039544,-1.244169
-1.410488,-3.956686,-1.087088
-1.383868,1.200638,-0.454676
-1.160535,-2.846168,-1.119146
-1.189284,-2.570584,-1.086173
-1.193420,-2.958551,-1.121881
-1.242599,-2.945136,-1.108803
-1.585828,2.668364,0.095648
-1.438578,1.241697,-0.078247
2.471009,-0.975904,-1.800434
2.437017,-4.132441,0.142606
-0.519822,2.994459,1.570461
-0.385595,3.228329,1.490687
-0.341579,3.231974,1.456533
-0.348934,3.028668,1.439995
-1.459509,3.427581,-0.309705
-1.427844,3.493549,1.557963
-1.070851,-3.525862,0.873653
-1.233824,2.987662,1.113723
-1.387295,-0.277978,0.875792
-1.132397,-0.282408,0.702739
-0.231039,-0.302744,0.213004
-0.848271,-0.293428,0.668936
0.627266,-0.315877,-0.416316
-1.455343,-0.281984,1.057669
1.775533,-0.334143,-1.240035
-0.388432,-0.300069,0.321447
-0.783575,-0.292117,0.561321
0.319421,-0.307749,-0.279981
-1.316505,-0.284105,0.955789
0.452838,-0.314375,-0.257890
-1.013922,2.687835,1.414835
2.296812,-3.901399,-1.859357
-1.418302,2.099838,0.483880
-1.202160,-0.397964,1.368977
2.410347,-3.543184,-2.060808
-1.035191,2.811435,1.241125
-1.738187,-0.457745,1.013373
-1.635526,1.252570,-0.006131
-1.476843,2.211608,-0.379339
2.719445,-4.151181,0.104371
-1.814231,2.914663,1.029160
-1.764756,3.119214,1.143087
-1.430750,3.383205,1.173634
-1.007929,2.507025,1.402855
2.426756,-4.097928,-2.017198
-1.043393,-4.506502,0.948364
-1.901802,-0.307191,0.407146
-1.375351,-0.190602,0.737214
-0.723244,3.003659,-0.646841
-0.922765,3.205171,-0.676517
-0.744677,3.061078,-0.647134
-0.960986,3.183031,-0.687199
-0.820450,3.129577,-0.659051
2.159688,-0.664698,-1.534766
-1.292851,0.926392,0.856080
-1.301638,0.014973,0.819102
-1.112464,-3.473107,-1.214057
2.694254,-4.363417,0.022266
-1.109751,1.070519,1.266027
-1.407336,3.370664,1.091921
-1.610011,1.434584,0.477256
2.658772,-4.700260,-0.001675
-1.227610,3.356889,1.068012
-1.775931,-0.299882,-0.373684
1.533084,-0.474577,0.766729
2.721114,-0.471268,0.449825
2.889624,-0.547949,0.454012
2.514640,-0.476538,0.507920
1.414026,-0.525150,0.830504
0.998447,-0.455841,0.896546
2.273907,-0.541573,0.613066
2.624989,-0.579092,0.543908
-1.485132,2.518989,0.023267
-0.857353,-3.489892,0.832088
-1.435242,1.945758,-0.381599
-1.249771,2.759119,1.011748
-0.860840,-0.734723,1.051795
-1.039389,-3.053274,1.078046
-1.024192,-2.377586,1.114584
-1.048258,-3.219180,1.034652
2.150440,-4.022770,-2.053710
-1.465943,1.280920,0.542870
-1.356286,1.548583,0.889866
-1.419792,2.650329,0.037635
-1.428837,3.137222,1.088258
-0.843013,3.607201,-0.402961
-1.141084,-0.036411,1.317388
-1.484888,3.667978,0.139920
2.099723,-3.826483,-2.029327
-0.826754,-3.411313,0.941283
-1.868261,3.366358,0.285970
-1.861426,3.170975,0.226604
-0.991567,2.805113,1.434747
-1.414804,1.132321,-0.057248
-1.139626,2.815749,1.246658
-1.387994,2.824800,1.291442
1.731416,-0.620095,-1.707774
1.364215,-0.607267,-1.627073
0.248902,-0.569343,-1.354817
-0.920324,-0.530735,-1.039325
-1.258918,-0.523624,-0.841546
-1.432080,-0.512190,-0.944319
0.105480,-0.565553,-1.291384
-0.870520,-0.536001,-0.958052
-1.287634,-0.520043,-0.902654
-1.473173,-0.511367,-0.919261
2.572627,-1.519968,0.171705
-1.444790,0.995848,0.000347
2.720942,-4.236394,0.037883
-1.605188,2.154734,0.059663
-1.482410,2.943076,-0.523114
-1.541509,3.072254,-0.433333
-1.654299,0.198708,0.386757
-1.092122,-4.350411,0.850078
-0.725253,-1.231208,1.022054
-0.757399,-0.913911,1.172940
2.187032,-1.224566,-1.694387
2.686847,-1.149155,0.217537
-1.351908,3.499857,1.187546
-1.404549,1.870702,0.474811
1.629712,-0.335714,-1.033684
0.541977,-0.324061,-0.105610
-0.926271,-0.304967,1.059107
-1.014254,-0.305625,1.176023
1.381464,-0.333574,-0.808288
0.882725,-0.328885,-0.365668
-0.537265,-0.313084,0.830502
-0.459128,-0.312799,0.734477
0.826443,-0.325982,-0.377797
0.019649,-0.319685,0.371943
0.253535,-0.580732,-1.062228
-0.496129,-0.554983,-0.885950
-0.336604,-0.560599,-0.919881
0.661272,-0.590936,-1.257480
-1.547192,-0.522913,-0.533427
-1.474842,-0.530143,-0.426333
0.295388,-0.580249,-1.122279
-1.779931,-0.518639,-0.381420
-1.643790,-0.524260,-0.388723
2.069894,-0.633253,-1.747273
-1.700735,-0.522162,-0.379027
-0.850081,3.026811,-0.383914
-0.791166,2.909464,-0.471935
-1.710996,-0.225043,-0.313855
-1.674002,-0.113071,-0.102347
-1.844983,-0.292825,0.544538
2.711383,-0.615984,-1.415577
2.759380,-0.640109,-1.091718
2.718238,-0.662586,-1.365155
2.833990,-0.672233,-0.588805
-0.638710,-0.359209,1.268836
1.709594,-0.417041,0.683388
1.839207,-0.438859,0.662863
-0.143467,-0.406966,1.168005
-0.462413,-0.333437,1.205741
-0.043669,-0.377175,1.122599
0.360662,-0.388107,1.022423
2.311884,-4.604897,-2.102468
-1.155565,-4.211807,-1.175813
-1.337220,0.161679,-0.595116
2.469780,-0.968780,-1.660527
-1.675061,2.842470,1.154697
-1.405725,2.829654,1.184597
-1.219657,2.820978,1.200613
-1.146798,-0.603604,1.123052
1.461706,-0.635224,-1.006430
0.725997,-0.622265,-0.511496
-0.139499,-0.611070,0.176639
-1.413327,-0.592796,1.142467
0.292519,-0.617016,-0.157476
-0.946674,-0.598550,0.764060
-0.183816,-0.612557,0.265756
-0.411059,-0.605439,0.337169
-0.922968,-0.602635,0.844022
-0.132070,-0.612959,0.217630
0.218594,-0.618145,-0.044180
-0.477758,-0.607973,0.479023
-0.888146,-0.605778,0.886736
-1.482106,-0.590183,1.152070
-1.990937,-0.532090,0.467728
-1.670673,-0.265503,0.823512
-1.259960,2.621405,0.996063
2.198320,-0.645742,-1.793875
-1.885269,-0.405566,0.781650
-1.282726,-3.852555,-1.217620
-1.204893,2.384593,1.460177
2.508210,-3.836746,-0.030530
-1.289512,-0.962040,-0.799509
-0.992742,-0.874152,1.180049
-1.452693,1.394186,-0.565805
2.693541,-0.509938,0.481756
0.716847,-0.469865,0.980005
0.561599,-0.460668,1.015369
1.472694,-0.484275,0.788930
-0.277451,-0.461600,1.238294
2.212324,-0.470818,0.584367
1.647164,-0.475742,0.737304
2.193409,-0.572782,0.654234
-1.257629,-2.548795,-0.914976
-1.134045,-3.231370,-1.009220
-1.287058,-3.249329,-0.974178
-1.283917,-1.848693,-0.842436
-1.407644,2.243271,0.499397
-1.064911,-0.003119,1.190553
2.522961,-2.945650,0.086946
2.647566,-2.329807,0.115283
2.593414,-1.776108,0.180665
2.748998,-1.722484,0.148379
-1.138742,3.667138,-0.230430
-1.709451,3.641263,1.004260
-1.109983,2.990762,0.042711
-1.224566,0.658478,1.374532
-0.797259,-0.649296,1.025055
0.106938,-0.589817,-0.658469
-1.649227,-0.545420,0.170839
-0.552689,-0.571566,-0.388186
0.694496,-0.602906,-0.982086
-1.900127,-0.535793,0.203426
-1.325767,-0.552504,-0.010509
-1.509866,-0.550158,0.136796
-0.524307,-0.574438,-0.345226
-1.815709,-0.541891,0.267228
-1.974542,-0.535584,0.282298
-0.799597,-0.566206,-0.248516
-1.491360,-0.547391,0.043458
-1.422235,-0.548733,0.000218
-0.276624,-0.577122,-0.555756
-1.930720,-0.540586,0.363442
-1.148850,2.930700,1.460398
-1.416875,3.062346,-0.590341
-1.540075,1.042267,0.046576
2.722782,-3.386238,0.118991
2.729745,-3.024334,0.130673
2.729503,-2.787280,0.106158
2.714786,-3.364441,0.063314
-1.381073,-4.100415,-1.109736
-1.137143,-3.789957,0.847817
-1.166943,3.620136,1.030753
-1.753434,2.858095,0.834875
-1.841378,2.860917,0.860766
-1.700521,2.855386,0.845776
0.351224,-0.286369,-0.875152
-0.315944,-0.271245,-0.514529
-1.789258,-0.232805,0.149984
0.918515,-0.302251,-1.102757
-1.669858,-0.231648,-0.015592
-1.391329,-0.238950,-0.140302
-1.239404,-0.243022,-0.206002
-1.754649,-0.230066,0.039121
-0.045640,-0.278217,-0.638559
-0.852888,-0.255151,-0.326871
0.089809,-0.282281,-0.685785
2.822536,-1.702163,0.227699
-1.333722,3.637108,0.775903
-1.423517,0.437947,0.395867
2.323539,-0.771768,-1.588480
2.396826,-4.253977,-1.980758
-0.955480,3.379985,1.546552
-1.423788,-3.763693,-1.041177
-1.461080,2.488204,0.165317
-1.083426,-4.203313,0.894121
-1.255543,3.660890,0.065355
-1.189049,1.971205,1.386444
2.819092,-0.612452,-0.694382
2.810157,-0.583767,-0.757004
2.910291,-0.698792,-0.075100
2.832042,-0.595247,-0.609293
2.898334,-0.633182,-0.161542
2.680749,-4.503740,-0.054649
2.513972,-0.779693,-1.597040
-1.432565,1.235008,0.411924
-1.331211,3.674328,-0.200306
-1.320885,3.675322,-0.238022
-1.292380,0.463440,0.871566
-0.718288,-0.747454,1.223178
-1.038198,-2.411630,1.024046
-1.021221,-2.125194,1.110105
-1.014233,-1.592808,1.105494
-1.020400,-2.032631,1.106666
-1.287934,-2.722513,-0.924132
-1.183478,-2.762245,-0.952973
-1.262926,-2.214879,-0.882116
-1.436230,3.312104,1.156889
-1.216885,3.099188,1.093094
-0.382619,3.311010,1.437870
-0.433721,3.174211,1.400212
-0.625621,3.386242,1.311700
-1.768835,2.863254,0.717424
-1.178701,2.840399,0.646277
2.685653,-1.808760,0.155427
2.502895,-2.672054,0.117646
2.522963,-1.943700,0.181727
-1.165609,2.119512,1.509853
-1.790277,-0.235289,-0.114293
-1.878825,3.208758,0.293816
-1.881267,3.105758,0.283267
-1.328433,1.661839,-0.557132
-1.347761,-3.335384,-1.125837
1.092743,-0.369538,0.459488
1.049942,-0.376532,0.690900
2.516380,-0.418115,0.116367
1.012603,-0.363404,0.389890
-0.269323,-0.329421,0.954068
0.450830,-0.329665,0.144237
1.939119,-0.367344,-0.557142
2.376155,-0.360943,-1.219879
1.004707,-0.357011,0.231644
1.132403,-0.351234,-0.064150
0.850827,-0.346137,0.121670
0.798122,-0.363772,0.642603
0.959557,-0.352007,0.151947
2.229502,-0.387306,-0.364205
2.154974,-0.376830,-0.553725
2.175542,-0.363523,-0.925033
-0.812630,-0.317576,1.260047
-0.367529,-0.326054,0.977305
2.028618,-0.348156,-1.160409
1.820251,-0.367418,-0.420493
2.058666,-0.346372,-1.241100
2.358331,-0.410483,0.095911
0.414406,-0.330430,0.205543
0.948210,-0.335374,-0.270180
2.382163,-0.370550,-0.975443
0.861723,-0.361709,0.516562
1.384293,-0.344500,-0.525762
0.863812,-0.330234,-0.308954
-0.144203,-0.341064,1.116746
0.381445,-0.343212,0.577158
0.767844,-0.337244,-0.016851
1.514339,-0.377456,0.188739
2.119501,-0.403082,0.173049
0.796612,-0.357553,0.481681
2.091339,-0.377957,-0.452113
1.768025,-0.400111,0.493708
1.948400,-0.386450,-0.068002
0.850490,-0.359152,0.462428
1.005489,-0.346880,-0.034192
2.716451,-0.434200,0.310277
1.263888,-0.346147,-0.346203
1.074092,-0.332728,-0.482048
0.073463,-0.321873,0.368161
0.028166,-0.324493,0.488031
2.301346,-0.365085,-1.026779
2.577037,-0.409031,-0.189930
0.647371,-0.335619,0.077191
0.736544,-0.343939,0.193731
1.795439,-0.402481,0.524618
1.399946,-0.361052,-0.110627
1.865615,-0.353579,-0.833831
0.132399,-0.322929,0.328985
2.604315,-0.414137,-0.087324
0.274820,-0.345379,0.754685
0.305795,-0.335121,0.451318
1.202793,-0.342644,-0.368588
0.325502,-0.336999,0.478093
2.424407,-0.400728,-0.234095
0.209459,-0.346226,0.850904
0.164550,-0.334418,0.593016
1.499072,-0.369297,-0.007341
1.730274,-0.343518,-0.943561
1.910791,-0.408491,0.551039
2.720389,-0.421024,-0.038755
0.604766,-0.335558,0.123885
1.976518,-0.343627,-1.219789
1.709904,-0.366272,-0.325413
1.172980,-0.359280,0.100277
2.196297,-0.350008,-1.302001
1.777919,-0.343243,-1.004757
2.473810,-0.409206,-0.068381
1.104366,-0.375121,0.592323
2.581028,-0.432576,0.421300
2.252513,-0.344747,-1.503323
1.338604,-0.334388,-0.738415
1.577235,-0.380152,0.187965
0.975229,-0.350583,0.096946
0.666952,-0.348486,0.391505
1.107274,-0.373245,0.539965
2.372089,-0.399783,-0.199502
2.651171,-0.398129,-0.559082
0.085067,-0.334696,0.690360
1.545815,-0.390329,0.489723
-0.043344,-0.344330,1.087844
-0.290586,-0.325912,0.886391
-0.422714,-0.331467,1.181414
0.400473,-0.333858,0.310978
0.706856,-0.330943,-0.112509
0.686020,-0.332613,-0.045222
2.433357,-0.386864,-0.606803
2.155360,-0.345451,-1.374797
1.500895,-0.356226,-0.351236
2.033575,-0.354300,-1.005345
1.123539,-0.357587,0.112044
2.001864,-0.360105,-0.817581
1.015947,-0.371602,0.600496
2.305031,-0.394170,-0.270302
2.108548,-0.413779,0.465203
2.294543,-0.419947,0.415717
1.727860,-0.368284,-0.293126
-0.199423,-0.321344,0.663619
1.842936,-0.378600,-0.153762
2.213027,-0.417234,0.437138
2.529999,-0.777900,-1.662101
1.102835,-0.326215,-0.684941
0.806394,-0.321594,-0.469811
1.464978,-0.331388,-0.960112
-1.022940,-0.292383,0.839573
0.563074,-0.318847,-0.265891
0.491222,-0.320440,-0.142796
-0.851679,-0.298565,0.807146
0.175576,-0.313642,0.037180
1.768833,-0.335567,-1.195209
-0.711477,-0.297844,0.629375
0.390745,-0.318056,-0.091266
-0.880676,-3.261822,0.874310
-0.893631,-3.202250,0.883056
-0.853516,-2.931971,0.898992
-0.878419,-2.206846,0.973566
2.208484,-3.742840,-2.049519
-1.732317,3.443138,1.211280
-1.707635,3.480038,1.248351
2.352271,-1.625634,-1.679401
2.384299,-4.456931,-2.045074
-1.618770,0.520932,0.482020
-1.372528,-0.062209,-0.708043
-1.258331,-0.241509,1.289018
-1.214905,3.164231,1.097313
-0.959559,3.583179,-0.231218
-1.112604,2.797075,1.704401
-1.071814,2.796290,1.678690
-1.110272,-3.925972,-1.181127
-1.311280,0.059351,0.852197
-1.010175,-4.574382,0.864630
-1.206416,-3.497343,-0.990156
-0.712619,-1.389916,1.201940
-0.769249,-1.495567,1.205544
-1.818317,3.104801,1.025457
-1.822293,3.525369,1.028479
-0.932635,-0.230069,-0.892454
0.511338,-0.280077,-1.221172
0.596179,-0.281543,-1.279002
-1.335428,-0.215744,-0.810556
1.370802,-0.308368,-1.455410
-1.060988,3.605951,1.281646
-1.217506,3.609393,1.369004
-1.414629,3.159464,-0.581230
-1.379285,3.051841,-0.638609
-1.521585,1.001741,-0.544295
-1.676797,3.046689,1.271477
2.471314,-1.032790,-1.792896
-1.253217,-2.065529,-1.023045
-1.170913,-1.763260,-1.014214
2.431630,-3.571381,-2.041607
2.215039,-2.385826,-1.791475
2.178026,-3.420977,-1.939439
2.259911,-0.884827,-1.635866
-1.259392,3.626712,0.658171
-1.508857,3.458740,0.749909
-0.766429,-1.034911,1.210262
-0.870024,-1.026412,1.083216
-1.176160,2.694940,1.457314
-1.826730,-0.453001,0.886930
-0.617540,3.147098,1.298671
2.449216,-3.850857,-2.062855
-1.870596,-0.417934,0.813613
-1.376940,2.880950,-0.189538
-1.180988,2.873084,-0.205914
-1.362378,2.657491,0.584851
2.521648,-1.447193,-1.812565
-1.339382,1.673446,-0.426266
-1.322845,0.137848,-0.626740
-1.327991,0.701478,-0.629525
-0.798506,-3.672974,0.808527
-1.456318,3.231999,-0.356945
-1.001690,-0.262490,0.033700
-0.432803,-0.279671,-0.161730
1.193472,-0.315619,-1.064779
1.839353,-0.329898,-1.423393
-1.469471,-0.250050,0.238543
-0.334869,-0.280920,-0.240051
-0.064050,-0.284318,-0.458126
-1.660966,-0.250241,0.460565
-1.593777,-0.254783,0.503196
-1.166370,-0.257916,0.100721
-0.438349,-0.276285,-0.243998
-1.218335,-0.257791,0.156363
-0.780663,-0.272128,0.035265
2.193405,-0.640525,-1.697079
2.245031,-0.645255,-1.631903
-1.394313,-0.572070,-0.745475
-1.783217,3.472590,0.043395
-1.749777,3.226708,-0.066444
2.717485,-3.481278,0.142294
2.628323,-2.933264,0.215544
2.603839,-3.162397,0.199748
-1.189603,2.780281,1.539542
-1.590242,-0.246907,0.293228
-1.312249,2.833870,0.968396
-1.435325,2.823479,1.379641
-1.288456,2.818256,1.349780
-1.005593,2.808381,1.287422
-1.853499,3.244595,0.935435
-1.859224,3.272507,0.911610
-1.180408,3.332097,1.574023
2.733291,-3.657476,-0.006965
-1.467034,2.659873,0.677288
-1.705839,3.087271,-0.178943
-0.524431,-0.609518,0.572346
1.679712,-0.636921,-1.209144
-1.352795,-0.591212,1.032430
-1.065287,-0.603646,1.031753
-0.825692,-0.601465,0.703181
-0.985020,-0.602546,0.912026
-0.404340,-0.613515,0.540745
0.594295,-0.625145,-0.286918
-0.755231,-0.601967,0.636433
0.688549,-0.626320,-0.363022
2.296398,-0.645940,-1.672209
-1.095166,-0.599820,0.965578
0.187920,-0.616091,-0.063135
1.448361,-0.633037,-1.048492
-1.854760,3.577071,0.379488
-1.418363,3.176408,1.173237
-1.606391,0.105451,0.325333
-1.551748,2.768658,0.074481
-1.177283,2.969945,1.490757
-1.500532,-0.174155,-0.211823
-1.409339,1.448303,0.443560
-1.834220,3.575461,0.267814
-1.425061,1.698628,0.925214
-0.764238,-0.569192,-0.210490
-1.976209,-0.532491,0.203314
0.448736,-0.595300,-0.902469
0.229831,-0.591747,-0.747289
0.384996,-0.593646,-0.873485
-0.757609,-0.563728,-0.360910
0.764856,-0.604144,-1.029457
-1.027693,-0.558383,-0.194597
1.611534,-0.624862,-1.447235
-1.010533,-0.561505,-0.132394
1.122572,-0.613169,-1.198865
-1.389332,-0.348656,-0.932817
-0.908384,-0.345602,-1.033031
1.489750,-0.453625,-1.639500
-0.383628,-0.297291,-1.103224
1.022403,-0.388503,-1.483006
0.386177,-0.400655,-1.357570
-1.179992,-0.321359,-0.953853
-0.670379,-0.329352,-1.069751
2.651616,-4.232719,-0.079619
-1.128711,-3.094643,-1.103825
-1.105034,-2.209990,-1.030664
-1.139187,-3.265821,-1.157473
-1.113517,-2.748427,-1.035480
-1.263770,3.167849,-0.319031
-1.079335,-3.719447,-1.108896
-1.179073,3.024563,0.350383
-1.218081,3.574671,0.528586
-0.985537,3.586179,1.713206
-1.179374,3.676391,-0.426349
-1.108406,3.674864,-0.466867
-1.402422,3.236115,-0.403503
-1.858817,3.467413,0.908605
-1.894113,3.182962,0.771982
-1.375994,2.885373,-0.306277
-1.431042,2.888539,-0.326699
-1.541284,0.089293,-0.636353
-1.446921,2.213479,-0.004069
-1.619156,-0.063157,0.315365
-1.403681,-3.449072,-1.087767
-1.074951,1.742535,1.468001
2.844505,-1.284459,0.334522
2.834756,-1.531510,0.293076
-1.227783,1.391857,1.364141
-0.991707,-0.609686,1.106316
-1.415064,-3.785205,-0.988234
-1.303510,2.701936,-0.466516
-1.058490,-1.523343,1.199187
-1.445383,1.480060,0.425721
-1.538973,0.120447,-0.568072
-1.468842,2.505936,-0.353484
-0.954423,-0.733247,1.119282
-0.819309,-2.687514,1.066628
-0.904758,-2.429993,1.111507
-0.872153,-2.468337,1.100050
-1.494612,1.625916,-0.506575
-1.378710,2.576260,0.614895
-0.871858,3.664395,-0.461154
2.450600,-4.538960,-0.005502
2.699778,-3.090875,0.030752
2.565056,-3.115273,0.060793
-1.155608,2.325925,1.400502
-1.563039,-0.484863,1.193663
-0.848474,2.796190,1.428180
-0.792749,2.795544,1.381926
-1.496068,1.199252,0.949778
-1.412884,-3.989252,-1.148920
-0.937898,2.813313,1.081722
-1.406584,2.244390,0.971477
-0.969221,-1.851719,1.028963
-0.987924,-1.680036,1.049695
-0.955964,-2.549051,0.959814
-1.019250,-2.175502,1.010347
-1.455603,1.032275,-0.601331
-1.591275,3.677824,0.002999
-1.343540,3.667905,-0.018381
-1.078758,-4.408666,0.945230
-1.169884,3.223390,0.337620
-1.073457,-1.395247,1.058991
-1.087404,-3.504227,0.984607
2.553942,-4.692291,0.067006
2.431098,-0.730300,0.289735
2.540544,-0.860667,0.490485
-1.220479,3.576344,0.487559
-1.467052,1.224024,0.041396
2.724577,-0.529911,-1.335500
2.873150,-0.621136,-0.331408
2.928754,-0.700293,0.048723
2.674823,-0.521028,-1.669659
2.921711,-0.657045,-0.002634
-1.497879,0.192851,-0.048284
-1.081850,-4.500440,0.933380
-1.420993,1.274727,-0.589954
1.288442,-0.321081,-1.029568
-0.291690,-0.288982,-0.078172
0.820590,-0.309096,-0.812754
-1.377287,-0.261814,0.441732
-0.663092,-0.275763,-0.002922
-1.486085,-0.260314,0.525801
0.267000,-0.299237,-0.443177
0.179983,-0.298334,-0.368174
-0.469669,-0.280674,-0.093712
-1.601205,-0.261594,0.689741
0.622827,-0.306424,-0.658491
-0.186662,-0.291253,-0.137810
-1.350743,-1.444797,-0.979089
-1.111723,-1.019021,-0.996205
-1.437856,0.412113,-0.128327
-1.193999,3.089426,-0.748747
-1.270196,3.104079,-0.765192
-0.722914,-0.661135,1.006083
-1.135035,2.155793,1.517544
-1.402449,-0.587630,0.995042
1.353803,-0.629021,-1.046353
-1.478574,-0.583390,0.970437
-0.621789,-0.599742,0.427019
0.217925,-0.609217,-0.276903
-1.509018,-0.583362,1.004198
-1.459580,-0.587540,1.057424
0.666761,-0.616332,-0.599523
0.309915,-0.615212,-0.224389
-0.702723,-0.600218,0.531189
-1.043535,-0.589294,0.631756
-0.392032,-0.603781,0.272237
-0.990565,-0.594215,0.700436
-0.121690,-0.608014,0.076536
-1.100571,-0.587830,0.658118
2.247783,-0.973779,-1.708517
-1.429982,2.034327,0.600069
-1.139629,3.568727,0.125914
-1.696499,3.672551,0.115796
-1.781656,-0.271244,-0.280444
-1.405059,2.295872,0.017602
-1.381072,2.451136,-0.488520
-1.762157,-0.261213,0.653984
-1.402945,-0.639940,-0.812597
-1.540435,3.495862,0.742178
-1.053741,-0.294286,1.199105
2.455141,-3.860079,0.206708
-1.166655,-4.260686,-1.245387
2.711762,-4.187887,-0.093068
-1.187783,2.827025,1.006337
-1.081401,2.827600,0.870744
-1.631682,3.556677,1.281908
-1.433542,0.223623,0.390064
-1.366680,3.556022,-0.264561
2.307207,-2.256305,-1.743287
2.395297,-2.839613,-1.819618
2.307670,-2.185447,-1.736695
2.367686,-2.670483,-1.796989
-1.573662,2.281996,0.635460
-1.514284,2.887885,-0.215231
2.592221,-1.219153,0.211895
-0.835985,-2.265624,1.110542
-0.816471,-2.934079,1.042622
-0.890324,-2.677376,1.084639
-0.663955,-0.741943,1.017492
2.415811,-0.705823,-1.851781
-1.483251,-0.189952,0.281675
-1.077533,-4.222376,0.830713
0.436859,-0.607041,-0.581953
1.631092,-0.628811,-1.366132
-0.211033,-0.590095,-0.290814
-1.275877,-0.566496,0.298873
-1.545304,-0.561718,0.479293
1.010892,-0.616937,-0.973742
-0.555407,-0.585795,-0.012965
-1.187919,-0.569744,0.284141
-0.633539,-0.585104,0.057499
0.514282,-0.608075,-0.642668
-0.112327,-0.593904,-0.303076
-1.116249,-0.572037,0.262870
-0.334062,-0.588363,-0.196677
-0.792881,-0.581658,0.147988
1.688194,-0.631034,-1.372696
-1.324063,1.000432,0.845853
-1.367587,3.228885,0.179194
-1.324115,0.249939,-0.605425
-0.762704,-0.913701,1.137378
-1.519107,1.752511,-0.041413
-1.385836,-0.544569,-0.691349
2.675173,-1.016639,0.385602
-1.119786,-3.418699,-1.196016
-1.173069,3.252335,0.372741
2.217052,-1.133826,-1.594376
-1.306300,0.152134,0.796672
2.426955,-1.392956,-1.652189
-1.396645,3.494300,-0.562689
-1.342800,3.545260,-0.623761
-1.492260,3.506981,-0.441686
-1.144843,2.858623,0.131317
-1.824670,2.882999,0.264314
-1.070814,-3.756662,-1.036509
2.272769,-3.289981,-1.832800
2.249147,-2.875153,-1.787887
2.228097,-3.257149,-1.818968
-1.101892,-1.900749,-1.039484
-1.108096,-2.559320,-1.017435
-1.104956,-2.046982,-1.045887
-1.114119,-2.394799,-1.073673
-1.348452,3.447160,0.162965
-1.540571,0.809383,0.368230
-1.500415,3.648105,0.677236
-1.425192,3.645194,0.668112
2.532657,-1.918150,0.291057
2.512473,-2.385513,0.200983
2.653523,-3.632100,-0.027702
-1.149224,2.740812,1.440404
-0.626452,3.504980,1.663980
-0.523658,3.483536,1.597430
-1.222944,1.602333,1.434792
-1.277726,-0.648888,-0.720482
-1.319578,2.979102,-0.303268
-0.967189,-0.919019,1.269431
-1.026054,3.159001,-0.112728
-1.202636,-0.259325,1.161537
2.240221,-4.187002,-1.902880
2.521818,-2.035940,0.229820
2.496737,-2.875844,0.142933
2.508375,-2.234676,0.158964
-0.890275,-3.515204,1.023269
-1.423707,0.700804,-0.081413
-0.652775,-0.752100,1.270444
-1.378150,2.702662,0.068315
-1.589617,2.474910,0.580913
-0.808892,-0.625714,1.318295
-0.756125,-0.623514,1.200967
-1.539776,3.178051,0.229518
2.605192,-4.397532,-0.070143
2.746346,-2.505706,0.191789
2.735517,-2.893193,0.156674
2.739533,-2.550117,0.150446
2.747665,-2.306629,0.181403
-1.629058,0.831123,-0.075060
-1.419240,1.548844,0.038171
-1.059737,-0.227167,1.238580
-1.339335,2.081476,1.085617
-1.659190,0.012824,0.369883
-1.240866,-1.415693,-0.773632
-0.658081,3.580353,1.494427
-1.386720,1.178894,-0.604664
-1.851233,-0.399488,-0.382061
2.486320,-1.409731,-1.897118
-0.580182,3.568285,1.452440
-0.337782,3.426554,1.474890
-0.493170,3.279971,1.580862
-0.609295,3.164793,1.659497
-1.852032,3.529192,0.259759
-1.818100,3.362777,0.111780
2.598127,-3.899241,0.169266
-1.349366,2.842912,0.774000
-1.428995,2.846750,0.763853
-0.737274,2.996842,1.215964
-1.710299,2.880319,1.215393
-1.638301,3.225084,1.335055
-0.942677,-3.486935,1.034681
2.122987,-0.739551,-1.773391
-1.017991,-1.120728,-0.949650
-1.013912,-1.240019,-0.910807
-1.753662,2.965072,-0.096824
-1.773681,3.183096,-0.020484
-1.279784,3.249655,-0.416291
-1.529886,-0.339104,1.092305
-0.869609,-2.582666,0.935899
-0.927024,-2.940259,0.915858
-0.886009,-2.806679,0.918646
-0.857276,-3.104476,0.883576
-1.463285,-0.066599,0.764557
-1.356056,2.530602,-0.485021
-1.285322,2.705186,0.993772
-0.862858,-1.507242,0.997828
-0.937724,2.873051,-0.480756
-1.025980,2.879457,-0.548247
-0.992244,3.108994,1.562092
-1.666366,3.553652,1.242091
-1.019477,-3.620338,1.056743
-0.836728,-1.789269,1.003057
-0.905436,-1.760274,1.022297
-0.910486,-1.972403,1.003443
-0.994463,-2.710219,0.953812
-1.320592,0.807205,0.947715
-1.334790,3.081706,1.178614
2.666454,-2.873208,0.059344
2.715418,-2.036672,0.126721
2.681283,-3.463015,-0.000011
2.687763,-3.361157,0.008069
2.681371,-1.279688,0.397411
2.153871,-0.762124,-1.648380
-1.511700,3.018646,0.712739
-1.320993,3.621012,1.182436
-1.223002,3.616995,1.176424
-1.636674,0.632159,0.475364
-1.240170,-4.484223,-1.232574
2.711344,-0.518841,-1.407307
2.933350,-0.561847,0.345883
2.962583,-0.581563,0.423039
2.860635,-0.547123,-0.220513
2.761526,-0.511479,-0.823800
2.819696,-0.523861,-0.377116
-1.297475,-0.545459,1.372410
-1.384793,-4.461483,-1.099779
2.827290,-0.871100,0.438344
-1.459763,0.653915,-0.133071
-1.118642,-3.721986,0.995504
-1.412108,2.011808,-0.374940
-0.834878,-4.024552,0.765575
-0.840231,2.794162,1.471879
-1.673276,3.604941,-0.094175
-1.056467,3.665043,-0.268878
-1.502349,1.026205,-0.570066
2.508205,-1.223938,0.432267
-0.983337,2.842927,1.522057
-1.178692,-0.656852,-0.754958
2.547720,-0.927654,0.296291
-1.543106,1.298145,-0.078367
-1.558042,1.268579,0.067658
-0.990797,3.576233,1.140808
2.811569,-1.449098,0.129784
2.508625,-4.401757,0.105371
-1.455981,1.105126,-0.096201
-0.813093,-3.433918,0.997776
-1.438410,3.664214,0.185676
-1.461967,-0.169512,-0.190947
-0.933125,-3.406550,1.026137
2.303639,-4.060385,-2.090409
-0.846868,-1.418774,1.231446
-1.267772,-3.432984,-0.976760
2.700421,-3.570601,-0.023334
2.705956,-1.531698,0.138580
-1.195620,3.600117,1.586790
-1.428458,0.118004,0.769879
-1.170342,2.989660,1.572555
-1.614278,2.089000,0.087114
-0.090459,-0.317527,0.440281
-1.074062,-0.302852,1.171290
-1.154281,-0.302670,1.257453
-0.741586,-0.311033,1.008421
1.291735,-0.331697,-0.755675
0.666982,-0.326017,-0.196133
0.282597,-0.319078,0.058032
0.596140,-0.323445,-0.183121
-0.189254,-0.313427,0.445035
-1.126660,-1.663534,-1.015406
-1.188864,-2.094059,-1.041196
-1.005208,-0.730547,1.372751
-1.357982,-3.250216,-1.037174
-1.355607,-2.952146,-1.050049
-1.023947,-1.366800,-0.821092
-1.098129,-1.294989,-0.796487
-1.656804,3.573080,-0.181948
-1.789642,-0.291387,0.677416
-1.436690,0.417554,-0.083149
-1.865198,2.868182,0.697743
-1.577610,2.863102,0.504649
2.222654,-1.613406,-1.852279
-1.008714,1.310958,1.346376
-2.002802,-0.377617,0.264454
2.573815,-1.338015,0.417720
2.516289,-1.274387,0.437552
-1.458850,2.617656,-0.429632
2.791984,-0.995242,0.351623
2.869282,-0.681457,-0.351498
2.732533,-0.652711,-1.270344
-1.244050,-4.487578,-1.140417
-1.063121,1.413433,1.429521
-0.817655,-2.903641,0.961469
-0.821066,-3.168900,0.964240
-0.831410,-3.147676,0.892899
-1.420586,1.261699,-0.441277
-1.115719,-0.197149,1.155563
-1.584337,2.868082,0.648589
2.288901,-1.898461,-1.857765
2.376387,-2.009969,-1.889321
2.271073,-1.788689,-1.843101
-0.653517,3.352238,1.294168
-0.493789,2.944085,1.350773
-1.453104,3.147216,1.520727
-1.359024,3.235168,1.596076
-0.881201,-0.393828,1.355141
2.176186,-0.432265,0.569381
2.276757,-0.436668,0.545545
-0.422013,-0.361906,1.213167
0.150819,-0.383142,1.074871
-0.554515,-0.337589,1.232700
-1.024378,-1.442880,1.271789
-1.404912,0.072397,-0.701653
-1.016125,3.191350,1.587085
-1.137048,-3.877142,0.878922
-0.987563,-0.978109,1.224785
-1.346097,0.724400,0.954358
-0.833688,-0.744577,1.278734
2.610090,-4.137225,-0.072811
-1.635846,3.657717,0.579350
-1.315359,0.734388,-0.552221
2.572208,-4.191723,-0.062242
-1.077747,-1.525014,1.070350
2.208261,-1.618864,-1.693233
-1.139375,-0.300672,1.188306
-0.966961,3.145576,1.023750
2.250769,-0.911079,-1.755206
-1.738378,-0.432354,-0.591641
-1.058741,2.802409,1.503850
-1.112827,2.803065,1.547987
2.634092,-0.486213,-1.823231
2.888654,-0.745776,0.267493
2.661351,-0.739275,0.355102
-0.757973,3.580628,-0.481841
-1.133109,-3.823951,0.916019
-1.487183,2.884763,-0.164297
-1.224155,2.875879,-0.230085
0.623296,-0.285304,-1.211362
-1.400106,-0.219256,-0.645416
-1.393719,-0.221678,-0.589310
-1.627236,-0.216668,-0.455673
0.348253,-0.275850,-1.146878
-0.262208,-0.256009,-0.973892
-0.883566,-0.234981,-0.819589
-0.995606,-0.235997,-0.666041
-1.459775,2.402360,-0.453621
-1.050517,1.694246,1.451004
-1.080791,3.587200,1.683410
1.161040,-0.602757,-1.514755
-0.177201,-0.561393,-1.079802
-1.599629,-0.516961,-0.629647
-0.884947,-0.540920,-0.813066
0.154959,-0.572255,-1.172187
-0.119422,-0.563344,-1.094258
-0.636687,-0.547770,-0.915285
0.087128,-0.568578,-1.191479
-1.401045,-0.521757,-0.729289
-1.138797,-0.533685,-0.714572
-1.574112,3.285394,1.409201
-1.601209,3.440238,1.391179
-0.658098,-0.627330,1.189662
-1.332370,2.632357,0.986049
-1.823222,-0.496214,-0.457927
-1.508188,-0.152600,-0.569740
-1.217899,3.604438,0.760512
-1.333322,0.699611,0.819089
2.206842,-4.307353,-2.065936
-0.476511,-0.539716,-1.179752
2.454631,-0.556751,-1.885182
0.182245,-0.509880,-1.335109
0.679526,-0.538439,-1.457217
2.592919,-0.608318,-1.923266
2.667663,-3.683534,-0.042392
-1.002099,1.560495,1.365211
-1.575218,-0.562696,0.538750
-1.343378,-0.569106,0.443630
1.875460,-0.634650,-1.490389
0.831077,-0.613181,-0.868166
0.128465,-0.600096,-0.414046
-1.732950,-0.556534,0.556393
-0.495313,-0.585163,-0.097599
-1.608975,-0.562994,0.584810
0.194356,-0.598853,-0.521226
1.006626,-0.615390,-1.009361
-1.521923,-0.564939,0.537009
-1.639580,0.637870,0.418137
-0.056692,-0.605841,-0.053940
-0.228618,-0.605145,0.122700
-0.613516,-0.597839,0.367874
-0.575617,-0.596803,0.297822
0.160889,-0.611958,-0.140571
-1.338207,-0.584490,0.840114
-0.733828,-0.596659,0.473370
-0.169850,-0.601920,-0.028254
-0.322893,-0.606000,0.251912
-0.737330,-0.593280,0.388954
0.322947,-0.611407,-0.338653
-0.853524,-0.594818,0.560883
-1.557347,-0.577878,0.915565
-0.943604,-3.932754,0.792477
-0.913702,2.804797,1.277017
-0.777122,-1.116446,1.014210
-1.505164,3.083617,0.719238
-1.279250,2.340203,-0.481968
-1.121287,3.644726,-0.050011
-1.088681,0.911534,1.390832
2.731691,-1.001532,0.373460
-1.262132,1.728987,0.993300
-1.315916,0.360168,-0.621094
-1.196982,3.439528,1.717890
-1.045181,3.421470,1.798783
-1.227372,2.909169,1.662687
0.541139,-0.544190,1.057257
1.813839,-0.586551,0.747652
-0.252032,-0.605311,1.241929
-0.948148,-0.520691,1.417084
-0.347341,-0.583133,1.266913
-1.379100,-0.562897,-0.644455
-1.849149,3.595261,0.522113
-1.209464,2.867285,-0.021976
-1.311735,2.872880,-0.052371
-1.610263,1.268201,-0.043729
-1.228463,-0.051856,1.317817
-0.986413,3.541944,1.766040
2.750676,-0.858885,0.205740
-1.368414,3.083970,0.160778
-1.461637,0.300830,-0.159062
-1.315078,3.066973,-0.438023
-1.376693,3.540916,1.546714
-1.339121,2.863500,0.223967
-1.407732,1.226717,0.483993
-0.899281,-4.139435,0.786213
-0.900626,-0.742834,1.309025
-1.340684,0.491308,0.927694
2.332592,-1.278781,-1.618730
2.271023,-1.170905,-1.593741
-1.612501,-0.311508,0.977870
-1.468539,-0.232057,-0.233069
0.458575,-0.287699,-0.962039
-1.576951,-0.229959,-0.165078
-1.191217,-0.240874,-0.316800
-1.578799,-0.231598,-0.120112
0.696229,-0.294535,-1.052629
-0.224299,-0.267669,-0.711923
-0.617013,-0.255317,-0.589876
-1.895873,2.878144,0.471992
-1.668753,2.876008,0.270428
-1.155094,1.901823,1.493828
-1.382575,-0.520540,-0.782064
-1.033858,0.503493,1.257999
-1.727555,3.661089,0.595127
-1.584792,3.657576,0.525184
-1.144093,0.908667,1.406451
2.594208,-4.240550,-0.065183
-0.916714,-3.159470,1.045371
-0.982962,-3.188949,1.058490
-0.962861,-2.239515,1.143477
-1.133405,-0.233421,-0.577228
2.094416,-0.333398,-1.620924
-0.238139,-0.260468,-0.884574
-1.532886,-0.221573,-0.434314
0.959168,-0.298473,-1.247651
-0.172086,-0.266175,-0.810161
-0.603209,-0.252723,-0.673352
-0.360720,-0.260034,-0.756994
-0.449737,-0.258423,-0.698214
-1.357792,-0.229886,-0.415364
2.333068,-0.582537,0.623356
0.004224,-0.566642,1.184056
-0.839349,-0.565013,1.386766
-0.498410,-0.606235,1.301002
0.279945,-0.549475,1.119474
-1.674265,-0.274945,-0.513595
-1.070520,-1.524871,-0.865629
-1.104732,-2.359899,-1.014160
-1.077780,-1.703089,-0.897051
-1.801931,3.567356,0.115584
-1.448288,3.632542,1.025175
-1.632473,3.637664,1.099979
-1.561066,1.780032,0.110999
2.442477,-4.210939,0.082033
-0.957656,-3.710663,0.814010
-0.973293,2.838421,1.795106
-1.103138,-3.824300,-1.224462
-1.127787,-3.986430,-1.215452
-1.399902,2.334697,0.109723
-1.607062,-0.343851,-0.747839
-1.325864,-0.546869,-0.157773
-1.851547,-0.527390,-0.071399
-0.053873,-0.579081,-0.756983
-1.102309,-0.552110,-0.274059
-0.684660,-0.564554,-0.421988
1.865201,-0.630376,-1.590531
1.750466,-0.626456,-1.563008
-0.984088,-0.557025,-0.279512
-0.632639,-0.562341,-0.538805
-1.354085,-0.543648,-0.210019
-0.486892,-0.567254,-0.575526
-0.799795,-0.341080,-1.052247
0.779319,-0.422562,-1.460672
0.319774,-0.413707,-1.354659
-0.449707,-0.346520,-1.131853
1.159929,-0.424422,-1.543555
0.566930,-0.367558,-1.367415
-1.243506,-0.348582,-0.963980
-1.089953,-0.292571,-0.948091
0.990970,-0.438705,-1.519914
-1.023055,1.424161,1.397848
-0.933606,-0.657752,-0.825957
-1.092578,3.044938,0.821734
-1.442779,0.156741,-0.690614
2.583334,-3.651383,-0.015788
2.815032,-1.572679,0.164923
2.815179,-1.524027,0.161204
-1.467732,0.791504,0.364560
-1.329863,2.337326,-0.363232
-1.312904,3.599915,-0.615495
-1.619518,0.303234,-0.023549
-0.820557,3.542903,-0.365516
-1.553048,2.443982,0.040633
-1.123187,3.091501,0.099558
2.681483,-3.658461,0.155257
-1.633806,-0.263139,0.767090
-0.713678,-0.287874,0.371134
0.242584,-0.302184,-0.338428
0.054970,-0.296930,-0.263185
-0.005751,-0.299410,-0.129522
-1.194518,-0.274338,0.562114
-0.427168,-0.291599,0.143824
0.155097,-0.301060,-0.268660
-0.800475,-0.285503,0.407512
-0.825316,-0.285784,0.443014
-0.561610,-0.287097,0.178455
0.073880,-0.299415,-0.219637
-1.546661,3.666317,0.253364
-1.106941,-0.683494,1.190374
-1.507251,1.472472,-0.455149
-0.819529,3.638470,-0.547695
-1.372395,3.425452,1.599058
-1.413806,3.008768,1.540352
2.471516,-1.603751,0.247981
2.475063,-1.704554,0.281476
2.524289,-1.624551,-1.777742
-1.444705,0.141062,0.399053
-1.212868,0.939460,1.400954
-0.784420,-3.789097,0.991961
-1.493050,-0.182081,0.769928
-1.737657,3.573869,1.091228
-1.292568,1.441963,-0.497520
-1.587521,2.773749,0.631548
-1.269478,1.496836,0.914837
-1.526372,2.489715,0.666226
-1.574311,3.193127,0.207551
-0.723713,-1.449899,1.053496
-1.257312,-3.337237,-0.985526
-0.455114,3.120739,1.384713
-0.431668,3.257294,1.407313
-0.381094,2.866907,1.406232
-0.725491,3.169381,-0.522179
-1.447468,2.091007,0.983887
-1.023144,-3.427557,1.050074
0.865105,-0.597310,-1.321809
0.353807,-0.582023,-1.142109
1.555305,-0.618405,-1.552373
0.408649,-0.584493,-1.139668
-0.559400,-0.557093,-0.759065
1.641112,-0.620161,-1.603702
-0.108278,-0.566456,-1.025505
0.687870,-0.593404,-1.223068
1.482481,-0.615078,-1.556845
1.057777,-0.603978,-1.365787
-0.512165,3.573248,1.514863
-1.349708,3.369925,-0.636568
-1.285798,3.238863,-0.732521
-1.448613,1.615235,0.567417
-1.073295,-1.505643,-0.934999
-1.277596,-0.172690,1.246329
2.623045,-0.418304,-1.190659
2.553900,-0.387258,-1.543851
2.639183,-0.412145,-0.961880
2.597831,-0.412755,-1.382146
2.680898,-0.467414,-1.149074
2.662296,-0.429595,-0.920426
2.735979,-2.952685,0.165518
2.756758,-1.961349,0.208966
2.759650,-1.761040,0.208991
2.622658,-0.672742,-1.607585
-1.824324,-0.267325,-0.131885
-1.235714,1.006041,1.387549
1.424347,-0.610107,0.838948
2.657461,-0.737756,0.530780
1.073865,-0.616162,0.922532
2.417781,-0.726214,0.589423
1.543360,-0.687358,0.803063
1.306112,-0.612748,0.867088
2.443054,-2.273457,-1.862376
2.431124,-2.972396,-1.874787
-1.473024,2.858346,0.510506
-1.393134,-0.275059,0.806079
2.491428,-0.914379,-1.669594
-1.626260,0.090125,-0.042620
-1.426911,3.632992,0.989194
-1.568804,0.634920,0.503940
-1.347395,-0.337767,1.225333
-1.389004,-4.182860,-1.190733
-0.797909,-3.556762,0.914300
2.578092,-1.127261,0.398448
-1.653952,0.546681,-0.073784
-1.098427,2.253928,1.372272
-0.785564,3.200999,-0.645160
-0.888589,3.247210,-0.665235
-0.819419,3.066341,-0.663954
-1.109007,2.964884,-0.739242
-0.956834,-0.629058,1.370737
2.819840,-1.245611,0.165541
-1.297460,1.053155,-0.549233
-0.834927,-1.244854,1.245031
-1.372023,-3.535865,-0.949992
2.228024,-0.532008,-1.828430
-0.292084,-0.545675,-1.224600
-0.187458,-0.536013,-1.248809
2.191243,-0.627228,-1.828605
-1.450647,2.728729,0.185100
2.486707,-1.267337,0.317255
2.225119,-3.707716,-1.826406
-0.409023,-0.638128,1.189751
-0.096354,-0.649213,1.125292
0.738665,-0.679993,0.983856
1.277064,-0.697556,0.832963
0.856648,-0.681478,0.888966
0.882397,-0.684511,0.939106
0.106124,-0.657031,1.100261
1.318037,-0.700062,0.852054
0.530301,-0.671490,0.997638
-1.743351,3.132996,1.180415
-1.639329,3.491583,1.346525
-1.067096,3.357560,1.620946
-0.797857,2.815434,1.159062
-0.819368,3.373312,1.180874
-1.139999,3.599846,1.530852
-1.021487,2.666580,1.535019
-1.469701,3.524873,0.666821
-1.218556,1.298803,1.338473
-1.656284,0.272709,0.413855
-1.087096,3.177477,0.020210
-0.906596,2.788170,1.703808
-1.082870,3.605415,1.320457
-1.115947,-2.394312,-0.934382
-1.101157,-2.239531,-0.923292
-1.197693,-1.670849,-0.846316
-0.800779,-0.416024,-1.090189
-0.408087,-0.438486,-1.186606
-0.650194,-0.453729,-1.129914
-1.289919,-0.409109,-0.972084
0.625097,-0.492159,-1.439769
-1.545707,0.170168,0.460329
-1.384522,-0.521646,1.323046
-1.145548,3.096833,1.720716
-1.128183,3.235574,1.740276
2.459325,-0.835752,0.489011
-0.639964,-0.665037,1.141836
-1.408782,3.640450,-0.439692
-1.540905,0.542592,-0.150501
-1.011306,2.992583,-0.158394
2.551701,-1.019637,0.331842
2.772593,-0.736962,0.168527
2.466729,-0.731783,0.379740
2.518716,-0.831012,0.517092
-1.121336,1.007598,1.411538
-1.762639,3.587079,1.015617
2.720158,-0.767207,0.474758
0.073736,-0.264333,-1.136945
1.245530,-0.304268,-1.420633
0.159524,-0.266084,-1.188401
-1.321717,-0.217380,-0.783312
1.481667,-0.311547,-1.497908
-1.042921,1.840061,1.338287
-1.610665,2.848499,0.924040
-1.418515,2.837544,0.992735
-1.057984,-1.432496,1.193805
-1.367393,2.822738,0.117062
-0.997036,-1.093142,-0.811941
-1.120744,3.528821,0.170833
2.577762,-0.735701,0.356355
-1.683484,-0.240483,0.230913
-0.316491,-0.273646,-0.451122
-0.168375,-0.280116,-0.449781
-0.282310,-0.277812,-0.380908
0.944032,-0.305188,-1.054872
1.428830,-0.319252,-1.236512
-0.270653,-0.274890,-0.470532
-0.446717,-0.272712,-0.327956
0.898368,-0.305265,-1.001094
-1.013463,-0.258369,-0.060724
-1.456845,2.830318,1.225173
-1.327523,2.825980,1.192053
2.217245,-2.143859,-1.800072
2.185061,-3.035652,-1.929536
2.196769,-2.654716,-1.887893
2.229522,-1.798471,-1.751190
-0.757129,2.949027,-0.509575
-0.652793,3.127117,-0.618140
-1.611529,2.141771,0.097677
-1.020357,-1.751974,1.079844
-1.015710,-1.960517,1.131120
-1.423931,3.669344,-0.381352
-1.571598,3.407100,1.419115
-1.190623,-0.527837,-0.808761
-1.150464,-3.651346,-1.235051
2.171309,-1.512301,-1.831181
2.305583,-1.165363,-1.830604
-1.157848,3.301723,0.632543
-0.999453,1.984833,1.434281
-1.377802,2.120180,0.527916
2.696579,-1.724509,0.313499
2.732673,-2.317366,0.248750
2.720417,-1.774719,0.303026
2.857148,-0.869206,0.354991
-1.261931,3.147552,-0.414990
-1.239093,-4.449240,-1.099203
-1.396388,2.938359,0.674406
-1.531326,0.817707,-0.529072
-1.624421,1.094791,0.031826
2.121471,-3.811470,-1.885773
-1.008669,3.493737,0.983576
-1.592684,2.743716,0.159574
-1.690246,3.647679,0.903542
-1.223154,3.674953,-0.339146
-1.058808,3.670295,-0.403575
-1.044211,2.807403,1.356791
-1.096036,-4.037760,0.829486
-1.081332,1.418878,1.296664
-1.057617,-0.531337,-1.001245
-1.167039,3.501450,0.531013
-1.492331,3.501760,0.613923
-1.565894,2.936487,0.104758
-0.849442,-4.303507,0.883742
-1.356610,0.568359,-0.530711
-1.051172,-0.716915,-0.814062
2.502028,-0.858212,0.469938
-1.130204,2.957947,0.099215
2.436346,-0.753402,0.327122
-1.280019,-0.268577,1.255208
-1.495207,2.372318,0.011282
-1.260037,0.161435,1.311703
-1.051204,-0.101983,1.239556
-1.057460,0.586685,1.335768
-1.165499,-0.152369,1.312480
-1.302343,1.142285,-0.520273
-1.172954,2.963103,0.579214
-1.146308,2.867802,0.689746
-1.009970,2.872608,-0.387287
-0.949761,2.870746,-0.406825
2.712201,-1.515781,0.367674
-1.373337,2.289088,0.539442
-1.068424,-3.643766,0.850316
-1.420724,-3.635415,-1.034419
-1.786750,3.582241,0.975145
-0.538556,-0.273612,-0.200328
-0.022168,-0.286991,-0.435690
0.018008,-0.286005,-0.507023
-0.530466,-0.277234,-0.114782
0.652899,-0.301475,-0.822013
0.602991,-0.300779,-0.783647
-0.120389,-0.286793,-0.329559
0.806786,-0.304894,-0.907014
-0.350260,-0.278568,-0.284125
1.272732,-0.317602,-1.102758
1.495772,-0.322319,-1.232194
-1.499816,3.639119,0.911561
-1.357128,3.634175,0.879152
-1.570246,0.853255,-0.112477
-1.063946,3.413331,0.894584
-1.097662,3.308691,0.818010
2.451367,-0.773184,0.233283
2.432811,-2.571719,-1.902184
2.418174,-3.071757,-1.951937
-1.497382,3.664524,-0.285886
2.511146,-1.138906,-1.794867
2.540837,-0.658226,-1.627928
2.248302,-0.648248,-1.557338
-0.083827,-0.630605,1.199147
1.901853,-0.664439,0.719150
2.482970,-0.706324,0.575652
2.552437,-0.621314,0.567013
2.144505,-0.636626,0.663517
-1.161539,0.773097,1.395694
-1.617122,0.747142,0.402996
-1.884345,3.284554,0.344602
-1.889049,3.499872,0.452141
-0.702059,-0.462119,-1.118254
0.569703,-0.433999,-1.420966
-0.287901,-0.487533,-1.220105
-0.596873,-0.493413,-1.146472
-1.151906,3.345516,1.610011
-1.205670,-1.574741,-0.835309
-1.141828,-2.645294,-0.951910
-1.122866,-1.823710,-0.878744
-1.500807,1.944520,0.466394
-1.456412,2.421335,0.156876
-1.333809,-2.386384,-0.958677
-1.326656,-2.112553,-0.937209
-1.328670,-2.242159,-0.938181
-1.325129,-1.680925,-0.968666
-1.315493,1.082644,0.973872
-1.278594,3.669670,-0.138145
2.253318,-0.683370,-1.505189
0.209823,-0.571400,-1.256737
-1.149935,-0.527507,-0.863508
-0.734033,-0.539558,-1.019731
-1.124773,-0.524070,-0.981913
1.030206,-0.598388,-1.480739
0.680942,-0.586509,-1.395551
-1.113091,-0.523086,-1.020884
-0.870479,-0.532682,-1.044915
1.572362,-0.614356,-1.677590
-0.960665,-0.529900,-1.015440
-0.860430,-4.446080,0.823907
-1.832025,2.889627,0.099333
-1.771030,2.887528,0.085085
-1.431530,1.764333,0.074897
-1.295755,-4.307364,-1.072177
-1.022169,-1.589528,1.200843
-1.238677,2.509943,1.057766
-1.295551,-2.928102,-1.094477
-1.277051,-3.096393,-1.114839
-1.197846,-2.751600,-1.101241
-1.402766,-0.587643,-0.800600
-1.666674,-0.192033,-0.089038
-1.286695,-4.027978,-1.034334
-1.565573,-0.420273,1.173204
2.145154,-0.714780,-1.627291
-1.187809,-4.489253,-1.160378
-1.076169,-0.993481,-0.954798
-1.106082,-0.275403,0.489737
1.220011,-0.321904,-0.930488
-1.151983,-0.278107,0.612462
-0.246905,-0.293347,-0.014766
-0.849235,-0.280260,0.325654
-1.306030,-0.269801,0.569831
-1.338837,-0.269591,0.601525
0.411608,-0.305843,-0.434312
-0.585081,-0.288318,0.237004
-0.578869,-0.284077,0.119050
0.468560,-0.306884,-0.471617
-0.103914,-0.298885,-0.031992
-0.642908,-0.288098,0.296781
-1.113955,-0.281684,0.662916
0.314987,-0.302317,-0.417009
-1.466564,3.627194,1.185760
-1.886282,-0.336849,0.590460
-1.589489,-0.272549,-0.647341
-1.904930,-0.433642,-0.269256
2.485329,-1.598207,0.339979
2.497761,-1.414298,0.405499
2.350835,-4.010990,-1.889259
-0.955848,3.603355,1.230369
2.213221,-1.621281,-1.635658
-1.643978,2.850976,0.897009
-1.525670,-0.089024,-0.571725
-0.761973,3.447258,1.228178
2.429271,-3.929674,0.187577
2.258410,-1.544037,-1.855098
-1.149308,-1.413677,-1.024514
2.297180,-3.154883,-1.978607
2.371833,-2.286958,-1.914430
2.373206,-3.040795,-1.986070
2.233586,-3.282617,-1.975420
-1.140540,3.372670,0.700988
2.562884,-4.635684,-0.082512
2.425811,-2.624704,-1.943962
2.412396,-3.290486,-1.969518
2.427180,-2.935941,-1.904728
2.428443,-2.794387,-1.909936
-1.377657,1.046867,-0.615949
-1.355060,0.654876,0.811460
-1.029398,-1.386354,-1.000410
2.688065,-0.863573,0.399305
-1.171261,2.824359,1.057334
2.594013,-4.358755,0.088935
-0.381070,-0.554161,-1.037854
-0.026551,-0.567699,-1.085616
0.486407,-0.583697,-1.248613
-0.509079,-0.549398,-1.017339
1.912268,-0.628129,-1.702642
0.660732,-0.588975,-1.308140
0.739750,-0.589854,-1.374724
2.479538,-4.204842,-0.038911
-1.535168,0.230197,0.463809
-1.171424,1.677111,1.342062
0.494226,-0.283369,-1.115690
1.479955,-0.314444,-1.420215
-1.388761,-0.225786,-0.487482
0.331531,-0.279868,-1.022865
0.355276,-0.282272,-0.986901
-0.924650,-0.241301,-0.607748
1.082315,-0.302118,-1.291884
-0.395392,-0.257174,-0.792479
-1.246379,-0.229026,-0.564135
-0.932344,-0.239385,-0.649138
-0.784649,-1.628705,1.059433
-0.790979,-2.055372,1.058242
-0.757155,3.604361,-0.559270
-1.588247,-0.358161,-0.794742
-0.552167,3.164629,1.335276
-0.407149,2.826858,1.389211
-1.008743,1.806203,1.354851
-1.513621,1.214956,0.400722
2.268135,-2.744632,-1.780099
2.321050,-3.296384,-1.844999
2.354350,-2.934691,-1.818780
2.150364,-4.270014,-2.042744
-1.682957,3.097709,-0.214075
-1.698360,3.425209,-0.146319
-1.010920,-1.452113,-0.870273
-1.306260,-3.609151,-0.968142
-0.979595,2.438709,1.433206
-1.338810,2.701893,0.993378
-1.175592,3.356692,0.436713
-1.180256,3.021203,0.489552
-1.751223,3.664713,0.527177
-0.996208,1.949924,1.380152
2.743264,-3.976354,-0.074723
-1.081894,2.801013,1.566615
-1.084507,2.617223,1.403561
-1.260150,2.487721,-0.446814
-0.581794,3.450366,1.667314
-1.097754,-3.708876,-1.233993
-1.175363,3.098700,0.545158
-1.172709,3.330716,0.499187
-1.597492,1.373915,0.456049
-1.352496,3.520226,0.144665
-1.266384,2.665163,-0.449213
-0.779992,-3.776236,0.906007
-0.984221,2.881263,-0.642818
-1.423294,-0.275566,0.853509
2.572145,-0.712626,-1.584513
-1.434607,2.306587,-0.481783
-1.529966,-0.178811,-0.681402
2.455340,-4.320453,0.005148
-0.955296,-0.802112,1.124909
-1.547949,0.232062,-0.583861
-1.562659,0.219007,-0.025880
-1.102843,-4.071416,0.953882
-1.540514,1.057549,0.391494
-1.319114,1.959510,0.926243
-1.509201,0.059446,0.296650
-1.039230,-0.295261,0.933297
-1.055717,-0.293240,0.899133
1.610293,-0.331992,-1.109009
-0.455413,-0.305930,0.550619
0.085107,-0.310432,0.055760
-0.007088,-0.308845,0.118748
-0.887368,-0.301879,0.934255
0.709075,-0.321376,-0.365221
-1.035929,-0.298369,1.010827
-0.230039,-0.308518,0.362888
0.792747,-0.323469,-0.405330
-1.131861,-0.293543,0.993352
0.931086,-0.325757,-0.502267
-0.523537,-0.308167,0.686347
-1.136141,2.752661,1.568240
-0.970841,3.043353,1.469277
-0.843769,-4.053400,0.966493
-1.529020,2.846117,0.893804
-1.351617,-3.656763,-1.187462
-1.107880,-2.628434,-1.009309
-1.108982,-2.865723,-0.993774
-1.077217,-1.545021,-0.908550
-1.598420,1.739832,0.094092
2.758400,-4.045496,0.061597
-1.471680,1.344648,0.551336
-1.366721,-1.442624,-0.873429
-0.688123,3.576135,1.638787
-1.534581,3.632302,1.129261
2.522641,-2.280308,0.258938
2.517559,-2.401320,0.236581
2.502370,-2.916537,0.184596
2.536232,-1.988486,0.321793
-1.591704,3.315558,-0.331447
-1.607064,3.258564,-0.314457
-1.476805,1.708330,-0.050049
-1.193491,0.030222,1.330574
2.182458,-1.352444,-1.712677
2.174919,-1.217622,-1.776199
2.778993,-0.476378,-0.265078
2.800300,-0.491548,-0.217340
2.874649,-0.512508,0.299286
2.848117,-0.502395,0.142620
2.749517,-0.477191,-0.568566
2.754348,-0.527039,-1.066755
2.750287,-0.510559,-0.926742
2.106003,-3.931234,-2.009523
-1.481180,-0.198998,-0.569677
2.124250,-3.890600,-1.868472
-1.328640,-0.079283,-0.666637
-1.512352,0.989827,-0.112663
-1.422323,-0.241661,0.734780
-1.943813,-0.363228,-0.114851
2.725429,-3.562123,0.090315
-0.918471,3.667511,-0.489836
-0.994420,3.671222,-0.500813
-1.025464,1.002234,1.345985
-1.498107,3.028043,1.470544
-1.538363,3.004111,1.428496
-1.013113,-2.018838,1.154146
-1.012255,-2.073333,1.165158
-1.043424,-2.861005,1.032440
-1.028218,-2.438072,1.093456
-1.117824,3.449273,1.495507
-1.327578,0.004344,0.768313
-1.455517,2.636045,0.523852
-1.046601,-0.616720,1.352493
0.572197,-0.671496,0.950324
-1.078811,-0.612697,1.283781
-0.195305,-0.645992,1.153201
1.155529,-0.691857,0.821653
-0.676750,-0.630582,1.295849
0.985824,-0.688548,0.927478
1.107057,-0.691116,0.857226
1.048099,-0.689736,0.887952
-0.942838,-0.619537,1.308552
-1.175538,3.525635,0.468988
-1.126061,0.238754,1.192321
-1.017423,3.390273,0.964555
-1.469038,3.588127,1.416188
2.715990,-2.998552,0.188318
2.746108,-2.446029,0.233353
2.645384,-2.483432,0.254000
2.674854,-1.932791,0.299013
-1.459712,1.463998,1.025817
-1.986292,-0.448643,0.484582
-1.139186,3.662168,-0.099943
-1.148021,3.223904,0.674195
-1.143185,3.077900,0.697271
-1.224592,2.874403,1.050083
2.349814,-4.187580,-1.928653
2.626468,-1.585746,0.381642
2.615013,-1.641102,0.379156
-1.361206,-4.460527,-1.223675
-0.649391,3.538162,-0.585443
-1.095427,-3.843390,-1.042118
-1.662885,-0.095001,-0.146062
-0.006509,-0.577241,-0.858796
-0.457576,-0.562738,-0.726843
-1.358668,-0.535236,-0.424815
-0.630865,-0.556740,-0.687317
0.171771,-0.582227,-0.930446
-0.982471,-0.550001,-0.465038
-0.892276,-0.547628,-0.629320
-1.643773,-0.528205,-0.285560
-1.696193,-0.528843,-0.209464
-0.901441,-0.552251,-0.498032
0.767774,-0.596876,-1.222830
1.228189,-0.610725,-1.382486
-0.963026,3.162248,1.824335
-1.075427,2.802701,1.737237
-1.761600,3.295604,1.154772
-1.754366,3.391083,1.173336
-1.446836,-0.480244,1.279880
-1.328758,2.131249,0.940827
-1.523036,-0.577271,0.860784
-0.984562,-0.584861,0.448983
-0.347224,-0.592789,-0.066002
-1.474645,-0.575713,0.765194
-1.333455,-0.573358,0.543590
1.175466,-0.624917,-0.951572
-0.057412,-0.601473,-0.167368
-1.510020,-0.572933,0.732588
0.165942,-0.603402,-0.370063
0.478252,-0.611339,-0.516466
-0.166510,-0.595704,-0.194584
1.622534,-0.631818,-1.277791
-1.384109,-0.572993,0.591450
0.598260,-0.612771,-0.615019
-0.904608,-0.583164,0.314009
-1.661281,-0.568214,0.780623
-1.209360,2.099051,1.428206
-1.497771,3.305460,0.101032
-1.497592,1.029259,0.530176
2.513249,-2.785546,0.244820
2.520787,-2.477626,0.265576
2.487308,-3.478463,0.137973
2.493037,-3.293072,0.158443
-1.795845,2.854924,0.965865
-1.285275,2.835202,0.902983
2.230326,-4.434031,-1.930833
-1.569215,2.902650,0.679715
-1.418936,1.613999,-0.039127
2.613634,-0.669496,-1.668349
-1.426541,3.249414,-0.274220
-1.369732,2.666173,-0.319634
-1.223024,-0.802695,-0.758109
2.671131,-4.698051,-0.073438
-1.616991,1.424434,-0.018452
-0.859166,-4.292379,0.817528
-1.280417,-0.426614,1.360134
-1.003281,3.338768,0.982272
-0.988155,2.981668,0.986487
-0.990961,-0.540045,-0.715805
-1.185194,-0.531374,-0.722436
-1.885705,3.462512,0.412009
-1.894116,3.349236,0.446532
2.536867,-3.551483,0.020199
-1.029199,2.930690,0.925233
-1.672090,-0.571814,0.887015
-0.929918,-0.580581,0.275123
1.047757,-0.622121,-0.879942
-0.463539,-0.594001,0.097503
0.715348,-0.614119,-0.712466
-0.749361,-0.587018,0.238848
1.493241,-0.630239,-1.172553
-1.573795,-0.575975,0.884430
-1.312098,-0.577689,0.632644
-1.188408,-0.576711,0.466883
0.994504,-0.618965,-0.902121
1.105982,-0.620716,-0.982681
0.794267,-0.614994,-0.779026
2.190882,-2.905166,-1.903145
2.212516,-2.342551,-1.812561
2.199858,-2.689636,-1.863832
-1.116781,-0.706544,1.096362
-1.516865,-0.203326,0.872205
-1.434710,1.150330,0.507704
2.458537,-3.604198,-1.888504
-1.631397,0.851795,0.433691
-1.761444,-0.422196,-0.553523
-1.429231,2.582684,0.656866
-1.249373,-0.640804,-0.964032
-1.440112,2.326468,1.003532
2.765805,-3.863200,0.066723
-1.217387,2.043969,1.445207
-1.455162,3.660867,0.292193
-1.891992,3.352124,0.776736
-1.847543,3.491001,0.953602
-1.023807,2.596099,1.529041
2.441211,-3.718354,-1.879167
-1.033593,2.084143,1.360662
-1.196323,-0.644878,-0.917629
-0.792348,-1.405977,0.990477
-0.799053,3.633573,-0.484468
-1.458214,2.821836,0.196388
-1.316457,2.906894,-0.311909
2.263687,-3.210018,-1.975781
2.209860,-3.394148,-1.980274
2.392192,-2.430983,-1.932943
-0.682354,-0.710964,1.297081
-1.352678,-1.374493,-0.971974
-1.561372,2.429778,0.163323
-0.636564,3.500277,1.348647
2.288505,-0.651156,-1.526831
2.490494,-0.655152,-1.651278
2.478329,-0.768926,-1.838227
2.251844,-0.994577,-1.763363
-1.363487,0.280556,0.917939
-1.399069,2.876496,-0.047962
-1.135492,2.870250,-0.183366
-1.486362,1.582687,0.994988
-1.075989,3.049244,-0.023224
-1.042979,3.164583,-0.078505
-1.307842,-0.146808,0.784209
-0.647710,-0.727388,1.095971
-1.219078,2.865415,0.037826
-1.244400,2.870514,-0.066841
1.258395,-0.617768,-1.232510
-0.848209,-0.568782,-0.126056
1.218116,-0.617481,-1.194374
0.575806,-0.604276,-0.811729
-1.544508,-0.551116,0.201102
-0.559046,-0.578752,-0.193052
0.905934,-0.610905,-1.012533
-0.198566,-0.587893,-0.362537
-1.593349,-0.553067,0.307502
-0.109619,-0.585965,-0.513768
-1.896603,-0.544045,0.415244
-1.644358,-0.549475,0.271369
1.829554,-0.632327,-1.499099
-1.645345,-0.551770,0.332505
-0.019797,-0.588161,-0.558147
-1.091945,0.343095,1.204076
-1.154416,3.327003,0.250706
-1.152225,3.381912,0.253187
-1.029658,3.606132,1.241394
-1.527868,-0.555889,1.214957
-1.019867,-1.102699,1.260197
-1.462162,1.844489,0.453817
-1.140748,3.483104,-0.704275
-1.060409,3.429395,-0.690067
-1.116644,3.202029,-0.721670
-1.246650,2.949396,-0.772353
-1.406379,1.431804,1.035486
-1.183276,3.016161,0.436041
-1.186636,2.948624,0.404210
2.723684,-3.073020,0.094777
2.716657,-3.292012,0.068855
-1.513066,0.628664,-0.145265
-1.096483,3.527467,0.889530
-1.819082,3.276807,1.028522
-1.810495,3.466183,1.052594
-1.366037,3.022939,1.576491
-1.083153,3.308120,0.849803
-1.081695,3.421832,0.856166
-1.336695,3.536258,-0.395267
2.336535,-4.314094,-2.097715
-1.440064,0.079913,0.332695
-1.285476,-3.570293,-1.191651
-1.469577,3.027693,-0.332322
2.408549,-3.990314,0.039460
-0.886387,3.169632,1.866422
-1.369967,2.038768,1.087806
-1.479734,2.678492,-0.383863
-1.297345,0.979698,0.946916
-1.518717,1.145224,-0.490710
-1.488268,3.099582,1.484759
-1.560452,3.077308,1.410564
-1.889717,3.509756,0.777446
-1.896139,3.332401,0.733642
-1.385486,2.893964,-0.520210
-1.381559,2.891912,-0.470968
-0.912105,2.876985,-0.612680
0.884865,-0.294199,-1.275210
1.718414,-0.320279,-1.537883
-0.226904,-0.259640,-0.918945
-0.426102,-0.251671,-0.901581
1.217829,-0.305197,-1.364951
0.634925,-0.286922,-1.182225
-0.363612,-0.251654,-0.972862
-0.932071,-0.234760,-0.770402
2.128741,-3.812163,-1.837007
2.795630,-0.719981,-0.301662
0.807292,-0.654028,0.227021
2.174618,-0.669255,-0.924433
0.441669,-0.646196,0.436594
2.186013,-0.649780,-1.446675
1.273304,-0.664402,-0.029834
1.593436,-0.657237,-0.580044
2.941956,-0.751803,0.364692
2.307085,-0.673534,-0.962678
2.723186,-0.738109,0.254523
2.087262,-0.648576,-1.366240
0.434521,-0.627784,-0.036817
-0.255304,-0.625365,0.681753
1.427562,-0.669386,-0.074305
2.280945,-0.659779,-1.292766
0.051934,-0.651002,1.004006
2.969838,-0.753784,0.384920
1.989512,-0.696568,-0.000355
2.291274,-0.656352,-1.394088
0.917142,-0.681627,0.824313
0.629381,-0.629663,-0.208536
1.788979,-0.700890,0.339979
1.091748,-0.658589,0.023922
