0.346406,4.246128,0.149131
1.409086,-0.678827,0.904704
1.117849,-0.236994,-2.059223
-0.122713,4.167205,0.387552
1.833439,-0.495150,-1.614704
-2.476005,0.357599,0.122633
-0.772759,-0.710063,0.119686
1.503000,-0.329762,1.669818
-1.104856,-0.387145,1.781271
0.739678,-0.676536,-0.919480
-0.666687,4.349433,0.572127
1.736702,-0.116060,0.660584
1.521598,-0.094098,0.817475
1.696234,-0.111050,0.479601
1.808326,-0.123920,0.739486
1.844611,-0.129659,1.200870
1.844337,-0.128179,0.853031
1.674416,-0.106988,0.055660
1.653634,-0.109196,1.108764
1.663178,-0.107956,0.571077
1.405589,-0.075575,-0.699130
2.231528,-0.257843,0.908364
-2.201717,0.046699,1.395018
0.555511,-0.014347,-0.780591
0.632398,-0.019650,-1.447423
0.712936,-0.032616,-0.368878
0.585161,-0.013388,-1.757783
0.790996,-0.035615,-1.617585
0.582758,-0.022067,0.383291
0.507849,-0.012530,-0.014855
0.654223,-0.020748,-1.734307
0.492989,-0.007789,-0.776896
0.567660,-0.020107,0.294070
0.568933,-0.018306,-0.169724
0.742956,-0.034649,-0.638263
0.693429,-0.030046,-0.493441
0.817815,-0.038122,-1.692612
0.466362,4.320245,0.345466
2.485926,-0.598293,-0.510908
-0.183110,-0.708758,-0.810596
-0.302994,-0.664504,-0.852621
-2.262567,0.305716,-0.581329
1.531348,-0.554178,0.333367
0.418568,0.042931,-2.019033
1.456452,-0.449267,-1.854755
1.067919,-0.736744,-0.635069
-1.012149,0.202232,-1.739798
-0.327603,-0.204557,-2.087096
0.947101,-0.614950,-1.528400
-0.102784,4.391188,0.979345
1.664741,-0.137403,0.761336
1.695477,-0.142200,1.136528
1.495065,-0.114211,-0.522031
1.432218,-0.104600,-1.241849
1.586809,-0.124590,-0.346218
1.629394,-0.134148,0.871861
1.543171,-0.122446,0.239656
1.426569,-0.105503,-0.883070
1.676931,-0.138511,0.719493
1.708877,-0.142306,0.824050
-0.128244,4.405746,0.776117
1.129279,-0.581293,0.316449
-1.965666,0.249726,-0.539808
-2.090166,0.262600,-0.487971
-1.829411,0.228537,1.105558
-2.103939,0.263168,-0.276979
-1.993199,0.250031,0.081027
-1.886594,0.240063,-0.216258
-1.913182,0.239016,0.704762
2.362140,-0.176153,-0.697682
1.686040,-0.719125,0.072262
2.379147,-0.207875,-0.351470
-0.905297,0.200402,-1.782851
0.289460,-0.276693,-2.146809
0.169801,-0.499000,0.977895
-0.685144,-0.355852,-0.905658
-0.434116,-0.382513,-0.841365
-0.518080,-0.377421,0.054159
-0.496882,-0.376262,-0.757893
-0.618619,-0.365456,-0.280053
-0.627448,-0.362133,-0.854195
-0.175313,0.056409,0.677663
-0.164495,0.049419,2.080772
-0.574655,0.106447,-1.252444
-0.322307,0.069231,1.308974
-0.253054,0.059086,1.995606
-0.289190,0.069721,0.356704
-0.289677,0.064279,1.673760
-0.332491,0.067310,2.026228
-0.405444,0.082424,0.241631
-0.367008,0.078958,0.103750
-0.188988,0.053285,1.771375
-0.430697,0.086625,-0.129055
-0.223529,0.058471,1.398797
-0.290598,0.071420,-0.015040
-0.333536,0.069214,1.596014
-0.348817,0.073984,0.837778
-2.355072,0.057303,-0.729109
-0.549142,0.132334,-1.271736
-0.177197,0.079856,1.934014
-0.298295,0.095213,1.304800
-0.345963,0.105323,0.082553
-0.405830,0.104437,1.803951
-0.201126,0.085625,1.154120
-0.397746,0.111633,-0.124888
-0.414210,0.113982,-0.273052
-0.400251,0.109202,0.521053
-0.246528,0.093690,0.364971
0.007706,0.059964,2.042157
-0.288824,0.091973,1.842773
0.049059,0.056822,1.753225
-0.297239,0.096534,0.961548
-0.487191,0.122335,-0.436126
-0.384786,0.105442,1.032768
-0.257818,-0.385439,-1.027826
-0.171457,-0.397975,-0.199285
-0.204341,-0.391541,-0.913085
-0.119714,-0.400970,-0.785533
0.363431,-0.453824,-0.292658
0.328915,-0.453284,0.447823
0.307135,-0.448779,-0.083048
1.105532,-0.593107,-0.762793
0.393360,0.168808,0.377148
0.747733,-0.014075,0.228266
0.899786,-0.184926,0.451744
0.818434,-0.127384,0.437380
0.614134,0.088720,0.179071
-1.433630,-0.335888,-1.439346
-0.804287,-0.519954,0.806078
-0.589747,4.456256,0.299660
1.589032,-0.546840,0.394123
0.792700,-0.036074,-1.550330
0.874515,-0.049789,-0.324651
0.876769,-0.049564,-0.435390
0.811115,-0.042931,-0.370670
0.759391,-0.033884,-1.235833
0.815102,-0.042928,-0.471954
0.654235,-0.023117,-1.166570
0.691485,-0.025103,-1.629363
0.680704,-0.025028,-1.375577
0.971085,-0.063666,0.568141
0.519705,-0.007686,-1.474867
0.697444,-0.030209,-0.555442
0.849701,-0.044616,-0.939315
-2.617320,0.254471,0.264351
-0.843710,0.177862,2.068405
2.063491,-0.150871,0.769097
1.937555,-0.136736,0.554790
1.904704,-0.131908,0.225336
1.869045,-0.126693,-0.126083
1.987789,-0.140738,0.247887
2.136729,-0.157668,0.552395
0.899494,-0.542785,1.776690
0.377400,-0.566520,1.633161
-1.209655,-0.148585,1.979095
0.272205,4.249989,0.747046
-0.072119,1.564622,0.244809
-0.168101,-0.484656,-1.836067
-0.126124,0.366204,-0.049034
1.542847,-0.701720,-0.751414
1.838977,-0.711199,-0.847648
-0.367610,-0.231385,-2.062289
-1.537083,0.198244,0.999566
-1.651420,0.211136,0.790826
-1.512222,0.194464,1.278923
-1.648816,0.207089,1.695238
-1.432880,0.185939,1.322981
-1.484717,0.193472,0.823438
-1.506011,0.193053,1.460706
-1.625588,0.205571,1.473852
-1.586965,0.201207,1.546515
-1.671935,0.214919,0.400921
1.051170,-0.529835,0.573165
1.567416,-0.128848,1.163454
1.620153,-0.134723,1.242599
1.618630,-0.130320,0.225339
1.419303,-0.105500,-0.700669
1.648820,-0.133571,0.243902
1.755160,-0.145943,0.529387
1.601053,-0.131711,1.001997
1.404662,-0.100971,-1.417439
1.482386,-0.116265,0.290217
1.687028,-0.644563,-1.566162
-2.376283,-0.222168,0.370431
1.173171,-0.553667,-0.322825
-0.344494,-0.242290,2.137675
-1.139675,-0.332363,1.862978
0.176272,0.055118,2.120869
-0.197648,-0.849901,-0.474650
-1.622261,0.213443,-0.497312
-1.810289,0.235994,-1.164109
-1.712385,0.220262,0.139568
-1.714631,0.225530,-1.066842
-1.608522,0.213497,-0.856697
-1.825413,0.234612,-0.451744
-1.683946,0.223004,-1.234623
-0.000549,4.392937,0.628413
-0.190338,-0.436658,-1.095612
0.560240,-0.289971,2.060209
-1.920300,0.244613,-0.457653
-1.881554,0.235039,0.861065
-1.911276,0.243481,-0.413630
-1.979701,0.247610,0.321201
-1.969904,0.246028,0.453614
-1.885077,0.237230,0.424541
-0.492886,4.329996,0.851308
0.220647,4.357090,0.025772
1.303780,-0.031734,-1.813403
-0.837883,-0.616847,0.532477
-0.453997,4.440405,0.678010
2.044467,-0.169415,-1.135786
1.937267,-0.158504,-1.049538
1.876712,-0.153235,-0.786252
1.868394,-0.154211,-0.342687
1.971038,-0.164473,-0.469570
1.202694,-0.633671,-1.553050
1.018641,-0.632440,-1.350174
0.744435,-0.615536,-1.309667
1.261659,-0.643155,-1.459313
0.599686,-0.541382,-0.976549
1.146653,-0.075426,-1.037954
1.456546,-0.114499,0.518120
1.013180,-0.060040,-1.362403
1.268031,-0.085056,-1.788799
1.202463,-0.080301,-1.276164
1.462639,-0.115940,0.709993
1.321471,-0.096683,-0.348393
1.321952,-0.091669,-1.562507
1.317212,-0.092996,-1.125119
1.391962,-0.104567,-0.235131
1.169647,-0.080101,-0.496857
-0.898998,-0.570832,-0.545711
2.326986,-0.741244,-0.199697
-1.254739,0.194085,1.709791
-1.242192,0.192499,1.773654
-1.072011,0.176920,1.219008
-1.215247,0.193005,0.973257
-1.313415,0.202464,1.179836
-1.406416,0.216560,0.144811
-1.309590,0.206669,0.075327
-1.068459,0.175832,1.390131
-1.298662,0.201324,1.081419
-1.421401,0.218444,0.070806
-1.378331,0.210385,0.917202
0.137689,0.338390,-0.030646
-0.320093,4.348985,0.963303
-2.454515,0.321763,0.474850
1.771417,-0.278575,-1.734615
0.977699,-0.759600,-0.665367
1.025268,-0.772441,-0.585639
0.546586,-0.892127,-0.437825
-0.091214,2.420674,0.331556
-0.315662,-0.477247,1.885212
0.746172,-0.507284,-0.679680
0.930953,-0.530164,0.147896
1.012249,-0.540481,0.572296
0.746515,-0.508214,-0.465174
0.734793,-0.507916,-0.241176
-2.116536,0.260569,0.663505
-2.070561,0.255465,0.728396
-1.765501,0.219766,1.597249
-2.012287,0.249291,0.739714
-2.046993,0.251714,1.033621
-1.037171,-0.563558,-0.302870
1.243975,-0.709019,-0.054358
-1.206585,-0.333893,-0.116737
1.606104,-0.707573,-0.660665
0.274247,0.009948,0.484480
0.106324,0.025683,0.944867
0.328678,0.001317,1.181829
0.466216,-0.015719,1.799018
0.191346,0.015507,1.241462
0.386139,-0.002881,0.739705
-0.073882,0.052690,-0.987318
0.056538,0.033296,0.374680
0.086771,0.026866,1.154127
0.431002,-0.012168,1.835483
0.267792,0.004169,2.032814
0.455209,-0.013717,1.596707
0.531249,-0.021666,1.585593
0.021105,0.037463,0.268790
0.479852,-0.016568,1.659041
0.443975,-0.012712,1.638734
0.039340,0.037677,-0.242089
1.577810,-0.369260,-1.848280
-1.121885,-0.441145,0.477238
-2.467332,0.325579,0.273249
-0.391069,-0.486971,1.650515
0.462185,-0.558903,1.789696
-0.795767,-0.577914,0.739947
-0.562228,-0.713624,0.523655
0.199134,0.351339,-0.022080
-0.679236,-0.343711,-0.409355
-0.623860,-0.347820,-0.820195
-0.650698,-0.351570,0.755527
1.333591,-0.672128,-1.074956
-1.062466,-0.307313,0.524350
-1.157883,-0.308236,-0.405181
-1.057644,-0.322354,0.452992
-1.023992,-0.324498,0.118533
1.057517,-0.407312,-2.008969
-1.276968,-0.281577,1.842865
-2.552513,0.019988,0.509388
-2.075575,-0.278189,1.060868
-0.074543,0.360227,0.083532
-2.036200,-0.298012,0.787594
-1.514888,-0.385743,0.744128
-1.944980,-0.310373,0.888034
1.874233,-0.691338,-1.315890
0.100578,0.056831,0.452511
0.219414,0.045517,0.169301
-0.052047,0.078427,-0.878030
0.115416,0.052174,1.194794
0.091009,0.062280,-0.612730
-0.007377,0.070070,-0.000371
0.149603,0.053466,0.023457
0.239779,0.035966,1.945807
0.581506,0.000724,1.781082
0.446280,0.014336,1.926272
0.135275,0.049631,1.304002
0.287943,0.033783,1.255219
0.438415,0.017482,1.370356
0.248719,0.036219,1.659931
0.283305,0.036744,0.662166
-0.049594,0.079048,-1.088691
-2.480340,-0.075562,-0.063657
0.366359,-0.522612,1.901000
-0.964368,-0.078673,0.761491
-0.309344,0.394293,0.176817
-0.387168,0.318229,0.296028
-0.899418,-0.060782,0.776279
-0.448822,0.270819,0.358294
2.277347,-0.659367,0.524591
1.458416,-0.092818,-1.734612
-0.614841,-0.782220,-0.070224
-0.986739,-0.590300,-0.280084
-1.137941,-0.296898,-0.460206
-0.452553,4.328909,0.095215
-0.415334,-0.513951,-1.070281
2.098522,-0.149107,-0.536769
1.928986,-0.129321,-1.006935
1.783395,-0.112647,-1.334695
2.099761,-0.149027,-0.587389
-0.054526,-0.480053,-1.964566
-0.039059,3.000782,0.358249
-0.249546,0.062498,1.089211
-0.185604,0.061596,-0.306409
-0.142833,0.048798,1.683782
-0.092225,0.045511,1.196097
-0.160411,0.054589,0.738402
-0.185240,0.057316,0.710458
-0.327763,0.070108,1.236202
-0.155104,0.053108,0.959669
0.000430,0.036552,1.008448
-0.017754,0.035937,1.614217
-0.190610,0.058210,0.631582
-0.221003,0.055809,1.973386
0.053819,0.028528,1.586279
-0.277128,0.064898,1.208937
-0.105160,0.047113,1.138065
-0.056852,0.040688,1.460858
-0.949659,-0.201133,-1.864040
-1.254025,-0.421439,0.471448
-0.195942,4.026929,0.411987
1.244106,-0.649333,1.244798
-1.898035,0.010166,-1.317313
-0.984851,-0.327791,-0.078410
-0.954776,-0.332163,0.211658
-0.892934,-0.340424,0.633330
-2.587033,0.157066,0.606623
-0.756273,-0.265298,-1.914927
0.076411,-0.002342,2.173016
0.860616,-0.554624,0.694849
0.868720,-0.508074,-0.023367
0.917012,-0.510478,-0.664142
0.829410,-0.504832,0.190313
1.085009,-0.613064,1.612019
-2.289672,-0.080961,-0.669835
0.680915,-0.212423,2.066373
0.029606,0.624688,0.123457
2.444246,-0.688033,-0.127342
-0.318377,-0.580117,-0.986471
0.462633,-0.595760,1.269196
0.873436,-0.625216,1.228687
-0.066965,0.548248,0.132963
-0.551820,0.303821,0.181447
-0.582249,0.263393,0.254782
-0.630924,0.239322,0.270605
-1.291456,-0.169608,0.689879
1.059924,-0.569797,-0.691412
1.383059,-0.678872,-1.030343
-0.017113,4.280085,0.824443
-0.683462,-0.204731,2.111088
-1.439339,-0.087300,1.922655
-0.315749,4.425130,0.855379
2.071503,-0.124270,1.019871
0.471693,-0.167561,-2.179276
-1.440717,-0.378161,1.133087
-1.544185,-0.360613,1.182251
-1.735773,-0.326725,1.312881
-0.794168,-0.478736,1.055511
2.071937,-0.280143,1.170573
-2.326168,-0.074283,-0.592044
-2.291412,0.283642,-0.460074
-2.380373,0.291745,-0.160289
1.551925,-0.682803,0.946103
-1.590138,0.201391,1.734213
-0.964406,-0.335887,0.848346
-2.565593,0.118144,0.767583
1.184046,-0.554518,-0.392923
0.433576,-0.177741,2.132814
-0.788922,-0.468875,0.944091
-1.248164,-0.304658,0.492298
2.242111,-0.321648,0.912047
2.369872,-0.284728,0.679226
1.164366,-0.639225,-0.469521
-0.088058,4.401782,0.713686
-0.091518,1.999607,0.288308
1.608616,-0.131622,0.789956
1.653867,-0.136796,0.889699
1.683084,-0.135370,-0.188425
1.710105,-0.137594,-0.336428
1.769409,-0.144393,-0.201295
1.761054,-0.148353,0.958567
-0.692468,4.352561,0.472375
1.715360,-0.703855,-0.901783
2.137221,-0.726352,-0.786310
2.061383,-0.716431,-0.971463
2.180587,-0.728904,-0.768905
1.759475,-0.223887,1.435716
-1.202342,-0.401926,-0.999370
-1.159578,-0.407085,-1.014023
1.543167,-0.714187,-0.220637
-0.021924,1.129311,0.196798
-2.493860,0.343394,0.682271
-1.916310,0.303991,-1.133489
0.395851,-0.659096,-1.030637
0.495777,-0.774285,-0.804038
-2.105155,0.259594,0.610367
-1.992847,0.253927,-0.861814
-2.072595,0.262080,-0.806236
-2.022053,0.252512,0.213496
-2.405950,0.291473,0.549715
-0.508582,-0.364536,0.281619
-0.502618,-0.362865,-0.269338
-0.530910,-0.360698,-0.075710
-1.228226,-0.287649,-0.011612
2.527715,-0.503790,0.194015
-0.791166,0.146915,1.333311
-0.929134,0.163313,0.879573
-0.985214,0.176021,-0.753400
-0.692247,0.136062,1.441782
-0.811687,0.150026,1.104614
-0.833623,0.156246,0.166529
-0.863214,0.159906,0.034948
-0.873860,0.152812,2.003960
-0.910212,0.163578,0.339235
-0.960594,0.168558,0.415282
-0.916205,0.167874,-0.539578
-0.712615,0.142212,0.480683
-0.600877,0.125828,1.592261
-1.028580,0.178156,-0.172170
-0.823810,0.156255,-0.083145
-0.094502,-0.704192,-0.864543
-2.116034,0.282783,1.418124
-0.395372,-0.392823,0.653557
-0.533274,-0.375389,-0.050045
-0.627471,-0.363082,-0.626050
-0.596922,-0.368414,-0.117900
-0.520212,-0.374714,-0.541102
-0.535960,-0.373496,-0.435991
-0.880827,0.123025,0.344119
-2.344832,-0.238160,0.289308
0.267946,-0.548413,1.048495
1.787899,-0.691643,1.041945
-0.734700,-0.577322,-0.724482
-0.663642,-0.597818,-0.745814
-0.288198,-0.826775,-0.462315
-0.615004,-0.587641,-0.812284
-0.518223,0.090714,1.097009
-0.637885,0.113612,-1.376433
-0.690887,0.109590,0.923898
-0.553418,0.096136,0.684216
-0.596003,0.101919,0.371207
-0.632402,0.106283,0.242561
-0.769240,0.116514,1.238988
-0.605814,0.107528,-0.726258
-0.785660,0.119621,0.907820
-0.802194,0.120500,1.114023
-0.617310,0.111364,-1.355969
-0.534484,0.092997,0.959518
-0.647087,0.103599,1.256116
-0.776649,0.114542,1.898545
-0.648711,0.116442,-1.781996
0.662809,0.028326,-1.985242
-0.705873,4.422426,0.322574
-0.263101,-0.943659,-0.046287
-0.404751,-0.377500,0.772382
-0.457382,-0.371356,0.626210
-0.338649,-0.384240,0.722209
1.605356,-0.338890,1.603402
-0.022033,-0.566308,1.112720
-0.322392,-0.517985,1.261765
-0.814813,-0.419875,-1.585905
-0.770207,-0.429353,-1.543851
-0.378308,-0.514901,1.238215
2.192441,-0.162369,0.275303
2.286797,-0.172691,0.371415
2.094786,-0.147970,-0.715287
2.145966,-0.153205,-0.750358
-0.067221,4.110795,0.413558
-0.746417,-0.584467,0.763340
2.393665,-0.393419,0.703500
0.010584,-0.724109,0.784457
0.591313,-0.492438,-0.335451
0.685957,-0.501650,-0.512585
0.573382,-0.488579,-0.808489
0.590648,-0.491844,-0.460954
0.687995,-0.501600,-0.575964
0.515349,-0.659078,0.853249
0.412792,4.349780,0.555868
2.539789,-0.326031,-0.683697
-0.506389,4.333688,0.306373
-0.158196,0.000845,-2.130916
-0.001089,1.030301,0.077901
2.439813,-0.676407,-0.352732
0.064811,-1.044443,-0.151685
-2.075938,-0.024696,1.464003
2.581665,-0.430187,0.204230
0.778938,-0.594965,-1.603817
1.038664,-0.613888,-1.640713
0.721536,-0.587489,-1.645433
1.525089,-0.557808,1.469876
-2.180037,-0.106181,1.225080
-2.641631,0.119294,0.283672
-0.468718,-0.805637,0.299479
1.062688,-0.214355,0.213409
0.875727,-0.120534,0.299984
1.457564,-0.543141,0.436079
0.708363,0.031474,0.166334
0.669975,0.090945,0.059298
0.537838,-0.568579,-1.700531
0.267863,-0.548553,-1.647815
-0.409173,0.087504,-0.882182
-0.529991,0.103735,-1.728015
-0.164788,0.066041,-1.896640
-0.124301,0.057707,-0.919311
-0.039393,0.044840,0.025173
0.050239,0.030698,1.156323
-0.222607,0.063160,0.251403
-0.200178,0.063815,-0.470992
-0.067958,0.046512,0.344429
-0.466063,0.097540,-1.854365
-0.189852,0.063463,-0.646848
-0.371166,0.085507,-1.361399
-0.382254,0.087447,-1.547064
-0.145341,0.061474,-1.292119
-0.492614,0.100138,-1.807959
-0.180917,0.064482,-1.116503
-0.015751,0.041288,0.280792
-0.998009,-0.381962,-0.680182
-0.659865,-0.435786,-1.655367
-0.616612,-0.437876,-1.702365
-0.877551,-0.483967,0.768471
-2.513694,0.030210,-0.274645
-1.913442,-0.313602,-0.498759
-2.215422,-0.266365,-0.308756
-1.847467,-0.330614,-0.294957
-0.139386,-0.504581,-1.686032
1.540092,-0.421799,1.572497
-1.660900,-0.369031,-0.015510
-1.900867,-0.328025,0.083536
-1.850095,-0.337263,0.129466
-0.101997,0.717798,0.112302
1.417598,-0.162312,1.709279
-0.201842,-0.454486,1.104996
2.245290,-0.721639,0.433483
-0.667618,-0.400119,-1.858092
1.990720,-0.601142,-1.395887
2.350470,-0.352798,-1.137904
0.192080,-0.642282,-1.052847
-1.929123,0.209338,1.630136
1.383603,-0.054346,1.595706
-1.013587,-0.446567,0.630249
-0.251620,0.073088,-1.397426
-0.285040,0.078879,-1.943466
-0.245429,0.073717,-1.704338
-0.276174,0.074254,-1.058083
-0.269661,0.071034,-0.450361
-0.139724,0.055623,-0.030937
-0.282594,0.074137,-0.868297
-0.481098,0.098044,-1.596108
0.021771,0.032652,1.405429
-0.169012,0.059381,-0.193566
-0.182385,0.064142,-0.997824
-0.232328,0.072653,-1.779574
-0.192761,0.067044,-1.432111
-0.231262,0.064597,0.125087
-0.203006,0.065570,-0.820367
-0.430754,0.090373,-1.026073
0.889246,-0.030933,1.851999
-0.007113,-0.371474,-1.415004
0.852099,-0.207015,2.005584
-0.170967,0.420761,0.013877
-1.085060,-0.397594,1.684223
-1.011503,-0.407122,1.680605
-0.353588,-0.499974,1.524796
-1.424574,0.036327,-1.700235
1.386275,-0.674179,-1.087242
0.945363,-0.762172,0.462800
0.467676,-0.933869,0.131864
0.779459,-0.837359,0.271762
2.324170,-0.366156,-1.197155
-2.320367,-0.250852,0.482290
2.171359,-0.189071,0.378046
2.177121,-0.187776,-0.077519
2.282660,-0.200341,0.274461
1.524900,-0.537709,-1.761250
2.608348,-0.468048,-0.238011
2.436363,-0.214983,-0.089531
1.579304,-0.101739,1.194708
1.541081,-0.092323,-0.099321
1.648445,-0.108794,1.143272
1.661255,-0.106219,0.203150
1.436009,-0.077689,-0.959196
1.521427,-0.095483,1.153814
1.684403,-0.111867,0.973697
1.796186,-0.123724,0.998685
1.460977,-0.079767,-1.090368
2.171590,-0.686381,0.668475
1.024328,-0.809601,0.085807
0.374710,-0.985400,-0.066684
0.835590,-0.863951,0.006481
-0.439837,0.197627,0.549648
-0.663932,0.086851,0.622095
-0.246310,0.425830,0.155660
-0.127731,0.405919,0.313973
-0.698087,0.104230,0.547256
1.005441,-0.020074,-1.989068
2.284003,-0.197568,-0.424202
2.241884,-0.195577,0.160299
-2.004394,0.310020,-1.073969
-1.834049,-0.257920,-1.148416
-2.395501,0.291156,0.362361
-1.221377,-0.370171,-1.454173
-1.143612,-0.382494,-1.435919
-0.557183,-0.464241,-1.476399
-0.262404,-0.402211,-0.447327
-0.165995,-0.414173,-0.009626
-0.259915,-0.401378,-0.709697
-0.073665,-0.424210,0.069416
-0.177208,-0.410249,-0.667726
-0.290927,-0.397151,-0.941375
-0.392463,-0.386673,-0.894071
0.771032,-0.545393,0.739862
0.789895,-0.512894,-0.436803
0.791498,-0.518009,0.748995
0.868137,-0.522029,-0.218974
1.019732,-0.540696,0.435167
0.614443,-0.015108,-1.996808
-1.271121,0.206400,-0.829697
-1.046458,0.175171,0.994033
-1.306651,0.208957,-0.547319
-1.286043,0.209176,-1.119278
-1.539165,0.236800,-1.361526
-1.094492,0.188826,-1.068878
-1.232863,0.199531,-0.147462
-1.439847,0.226004,-1.276617
-1.381774,0.218948,-1.048924
-1.185212,0.194844,-0.224865
-1.228915,0.198676,-0.041765
-1.097551,0.187506,-0.675139
-1.053269,0.175533,1.079056
0.040150,-0.465852,-1.142342
-2.244693,0.274026,1.079725
-0.517932,-0.496535,1.048266
-0.257105,4.420749,0.427469
0.340708,0.040574,-1.703030
0.077848,0.064818,-0.889423
0.286678,0.038877,0.065784
0.202018,0.050412,-0.565614
0.309919,0.044576,-1.886390
0.271823,0.048919,-1.967168
0.261030,0.043177,-0.318597
0.113222,0.061844,-1.068215
0.047668,0.072098,-1.874135
0.425160,0.023861,0.175171
0.090292,0.066003,-1.487322
-0.022408,0.079525,-1.888260
0.435249,0.026228,-0.646652
0.346496,0.037647,-1.147072
0.438700,0.022336,0.199460
0.524644,0.010887,0.777966
0.445880,0.025226,-0.674307
2.140016,-0.185578,0.330816
1.906139,-0.156132,-0.833507
1.798079,-0.142656,-1.340345
1.681518,-0.271197,1.538199
-1.092520,-0.289264,-1.744118
0.090063,0.343534,-0.063373
-0.056621,2.339879,0.204065
-0.453679,-0.614250,0.893240
-0.652261,-0.445270,1.792706
-0.059519,-0.532003,1.574225
0.826380,-0.565722,1.768352
0.898406,-0.040539,1.929173
-2.369222,0.315703,0.644919
0.825641,-0.021313,0.910525
0.731490,-0.009962,0.562266
0.707745,-0.009656,1.087623
0.874934,-0.025204,0.600701
0.621650,0.005800,-0.447639
0.556412,0.013632,-0.681019
0.563093,0.013667,-0.857719
0.802192,-0.016499,0.347306
0.752010,-0.014412,1.112049
0.665050,-0.004590,0.949113
0.718976,-0.009621,0.796131
0.749432,-0.009947,0.106489
0.747486,-0.012262,0.710492
0.518900,0.019058,-1.036332
0.758859,-0.015509,1.202365
0.602229,0.008548,-0.617123
-2.489464,0.314670,0.801227
-0.218837,-0.870937,-0.404708
-0.610816,-0.370311,0.687089
-0.389303,-0.394920,1.003361
-0.705141,-0.358288,0.182254
-0.514571,-0.380270,0.648768
-2.422467,0.297146,0.646680
0.302324,-0.479209,-1.144541
-0.357740,0.375159,0.216448
-0.735765,0.066550,0.643156
-0.623443,0.109020,0.639673
-0.598575,0.213764,0.400270
-0.679728,0.187786,0.391060
-0.973628,-0.234751,2.008043
0.162113,0.026002,-0.537772
0.457347,-0.010308,0.725406
0.328872,0.006149,0.018443
0.359784,0.002848,0.030505
0.331176,0.010701,-1.131009
0.363427,0.004375,-0.427200
0.298472,0.008377,0.250466
0.137532,0.029229,-0.691731
0.326846,0.013716,-1.744566
-0.079870,0.056536,-1.758504
0.389485,-0.000108,-0.009445
0.272818,0.020148,-1.924763
0.191925,0.023619,-0.717856
0.119850,0.034203,-1.438635
0.093575,0.034935,-0.951760
0.364817,0.006517,-0.975754
1.529063,-0.709898,-0.481340
-1.723237,0.271887,1.696512
-2.633780,0.186701,0.274326
0.854141,-0.531111,0.771841
-1.280410,-0.247850,-1.646106
0.846070,-0.601680,1.609770
0.928490,-0.605400,1.638211
-1.452283,0.060522,1.957575
0.191484,4.261286,0.073340
-2.538118,0.021462,-0.120212
-0.078010,0.004177,-2.132379
0.448014,-0.566352,1.699214
-1.000376,-0.388175,1.844695
-1.247939,-0.285797,0.041305
0.853172,-0.519276,-0.501754
0.941819,-0.528054,-0.631776
1.020426,-0.538902,-0.012384
1.191227,-0.781256,-0.053649
0.232760,-1.020584,-0.065971
1.115056,-0.778634,0.175353
0.168006,-0.847847,-0.621813
0.499808,-0.467546,-0.440578
0.489373,-0.465250,-0.727943
0.398221,-0.455284,-0.819716
0.543882,-0.471852,-0.519224
0.529093,-0.473265,0.192472
0.526192,-0.471698,-0.110265
0.669229,-0.027140,2.021950
-0.968136,0.143602,-0.241773
-0.929244,0.139597,-0.261934
-1.019011,0.149102,-0.278052
-0.819324,0.123174,0.904558
-0.886655,0.128811,1.250441
-1.042933,0.155238,-1.145970
-1.007686,0.149589,-0.680074
-0.554220,0.091395,1.840967
-0.624198,0.099727,1.607356
-0.922253,0.139946,-0.521856
-0.871593,0.124247,1.964890
-0.832921,0.125799,0.618004
-0.575139,0.095534,1.375979
-0.731825,0.113309,1.064064
-0.487952,0.083960,1.953227
-2.139344,0.294896,-0.161183
-2.011755,0.275595,1.250162
-1.978428,0.272218,1.219727
-1.870918,0.261010,1.196624
-1.941036,0.270457,0.699431
-0.083420,0.142251,-0.535599
0.200206,0.379821,-0.156028
0.145660,0.305733,-0.273341
-0.261347,-0.069803,-0.872214
0.180622,0.314387,-0.258740
1.310541,-0.224449,1.784983
1.385381,-0.703496,0.326154
1.251762,-0.697217,0.345886
-0.648754,-0.031856,-2.047667
-0.168058,0.092547,-1.338746
-0.509524,0.130610,-1.856920
-0.084591,0.080281,-0.502167
-0.462904,0.124604,-1.592168
-0.305164,0.103808,-0.582533
-0.095504,0.075956,0.809947
0.011072,0.062890,1.255983
-0.168142,0.092910,-1.423713
-0.225995,0.099666,-1.585203
-0.420256,0.121508,-1.924854
-0.526356,0.132567,-1.901859
-0.099204,0.084644,-1.179654
-0.300882,0.105960,-1.206372
-0.093944,0.082529,-0.805297
-0.073535,0.078116,-0.261747
-0.183846,0.087391,0.295101
0.794535,-0.809862,0.389863
0.070236,-0.548710,1.094672
0.046680,0.557207,0.085982
-0.152036,4.294810,0.695134
-0.775965,0.177697,0.292025
-0.684699,0.237018,0.227049
-1.005648,0.038747,0.429776
-0.088154,-0.372147,-1.465997
-2.280482,-0.212201,-0.465778
-0.159150,3.372325,0.326368
-0.641223,-0.390200,1.972033
-0.126857,4.405360,0.833886
0.288099,-0.590120,-1.169187
1.809988,-0.338674,-1.741818
0.081084,0.394006,0.074910
1.233292,-0.024081,-1.871368
-1.268246,0.170554,0.861391
-1.060862,0.150767,0.377878
-1.093511,0.148851,1.660154
-1.067645,0.155802,-0.658287
-1.139532,0.156692,0.940366
-1.146367,0.164408,-0.737340
-1.095928,0.154398,0.391283
-1.021145,0.141138,1.685065
-1.074145,0.149519,1.011817
-1.215518,0.167852,0.180194
-1.060484,0.148671,0.870743
-1.172704,0.157781,1.515400
-1.175872,0.162640,0.430330
0.188631,0.014046,1.660070
0.181114,0.023194,-0.343551
0.210606,0.014636,0.964837
0.108940,0.021803,1.809132
0.317348,0.001946,1.316423
0.023747,0.036245,0.494238
0.091643,0.025528,1.352099
0.075988,0.033302,-0.116991
0.535874,-0.023292,1.858811
0.082923,0.035168,-0.739230
0.197395,0.020696,-0.154983
0.386696,-0.003805,0.947154
0.308567,0.002041,1.515193
0.099637,0.032160,-0.439265
0.447321,-0.011627,1.294320
0.249880,0.013624,0.217398
0.108976,0.023249,1.461720
-2.588451,0.286228,0.162628
0.261241,-0.484331,-1.049283
-0.502166,4.331820,0.647908
-0.003580,0.049829,2.154682
-1.110151,-0.301598,0.356276
0.979629,-0.748120,0.479964
-2.174496,-0.226812,-0.675300
-0.563339,-0.360932,0.797817
-0.564423,-0.358410,0.220616
2.185780,-0.191874,0.686595
2.135026,-0.180607,-0.735267
2.187422,-0.190529,0.322724
2.186211,-0.190982,0.461910
1.520483,-0.637461,-1.672797
-1.442655,-0.229773,0.798380
-1.361765,-0.411357,-0.400574
-1.482464,-0.389579,-0.432804
-2.515450,-0.060746,0.153210
0.535060,-0.772639,-0.801195
-1.984701,-0.271984,1.250508
-1.347133,0.185780,-0.800419
-1.473527,0.199869,-0.992093
-1.190656,0.163979,0.481967
-1.091999,0.157731,-0.506967
-1.135345,0.161495,-0.316729
-1.182092,0.165280,-0.045826
-1.185750,0.171039,-1.334292
-1.223401,0.173810,-1.049601
-1.033496,0.144528,1.183715
-1.408205,0.194215,-1.283115
-1.161924,0.168185,-1.250526
-1.217665,0.174175,-1.281551
-1.342456,0.184276,-0.557746
-1.426347,0.193935,-0.758814
-0.277761,0.098709,-0.050925
-0.248462,0.098015,-0.622945
-0.320414,0.107151,-0.999770
-0.305793,0.102564,-0.268393
-0.226508,0.095088,-0.474651
-0.211219,0.093918,-0.579544
-0.476921,0.127070,-1.830086
-0.141462,0.087144,-0.713853
-0.275133,0.104383,-1.477533
-0.381494,0.113625,-1.012122
0.103500,0.050275,1.950394
-0.191179,0.097355,-1.908726
-0.399749,0.114131,-0.673303
-0.570444,0.137037,-1.862263
-0.166360,0.088867,-0.499431
-0.357171,0.113221,-1.528340
1.980375,-0.668489,0.960341
0.237970,-0.582189,1.055067
-0.911112,0.154279,-1.875376
2.467864,-0.634900,-0.407855
0.842942,-0.024229,1.173469
0.495617,0.018387,-0.288595
1.012205,-0.043944,1.633361
0.567909,0.013634,-0.971297
0.610128,-0.000671,1.394024
0.415603,0.032585,-1.675486
0.520819,0.016213,-0.402616
0.644032,-0.004059,1.351797
0.522914,0.016690,-0.569646
1.021597,-0.045388,1.742944
0.872221,-0.025070,0.636989
0.621769,0.005343,-0.341199
0.662542,-0.008322,1.907159
0.724498,-0.014752,1.887059
0.488096,0.019344,-0.328289
1.028444,-0.044884,1.449378
-0.082035,-0.865555,-0.503242
-0.796406,-0.405877,0.947293
1.121076,-0.555330,-1.906815
1.067292,-0.654059,-1.101173
1.475215,-0.675364,-1.158744
1.166917,-0.655449,-1.197523
-2.596903,0.156501,-0.071690
-0.594713,0.099823,0.841144
-0.659967,0.110132,0.014565
-0.686535,0.116184,-0.766697
-0.546773,0.093099,1.244746
-0.806678,0.128506,-0.692319
-0.574570,0.099162,0.491843
-0.660305,0.115491,-1.261767
-0.567831,0.096627,0.929893
-0.938661,0.144503,-1.200823
-0.496115,0.088490,1.072985
-0.476690,0.085790,1.230597
-0.682763,0.112711,-0.029036
-0.697103,0.115276,-0.282532
-0.627258,0.103546,0.768924
-0.827628,0.135073,-1.738787
1.346371,-0.683942,0.697886
-0.606999,4.344264,0.307081
-1.503467,0.195122,0.900518
-1.580008,0.205293,0.391447
-1.493548,0.192908,1.181235
-1.651311,0.210930,0.837362
-1.569852,0.211001,-1.232827
-1.655389,0.209024,1.397207
-1.620048,0.204175,1.668924
1.746373,-0.147536,1.132814
1.673892,-0.135655,0.111388
1.764236,-0.145010,0.076896
1.672491,-0.139277,1.015238
1.619308,-0.135164,1.369630
1.667119,-0.134278,-0.047904
1.688138,-0.136789,0.024363
1.809185,-0.151944,0.606486
-0.660862,0.070219,2.168832
-1.651922,-0.082035,-1.483340
1.852557,-0.150137,-0.920038
1.969948,-0.165788,-0.126860
2.061736,-0.179439,0.832253
1.965241,-0.167905,0.499222
1.783738,-0.141368,-1.287673
1.964913,-0.168970,0.762868
2.017076,-0.174186,0.698533
-0.358130,-0.333379,2.072609
-0.025006,0.360514,-0.193022
-0.111446,0.381416,-0.163045
0.119882,0.263860,-0.339486
-0.003296,0.393018,-0.141664
-0.091015,0.083200,-0.628067
-0.077410,0.009892,-0.742098
-1.602606,-0.363143,0.962890
-1.433058,-0.391879,0.911489
0.610367,-0.527254,-1.076893
-0.607245,0.295057,0.188723
-1.253870,-0.241441,0.940131
-0.984598,0.036003,0.491937
-1.109926,-0.131436,0.796336
-1.197889,-0.090403,0.613267
1.362857,-0.096947,-1.328315
1.523061,-0.124506,1.240653
1.425118,-0.113715,1.122211
1.354635,-0.096992,-1.110251
1.344760,-0.097683,-0.695768
1.261774,-0.098588,1.613153
1.489686,-0.121364,1.328579
1.384495,-0.106928,0.519097
1.366451,-0.099331,-0.847359
1.339304,-0.106493,1.553886
1.203789,-0.089517,0.899953
1.311462,-0.095083,-0.479684
0.051340,4.274605,0.412647
-1.764221,-0.183260,1.612206
0.202215,-0.910217,0.328851
0.755605,0.010290,1.929274
0.213569,0.393925,0.028805
0.527563,-0.542170,0.856924
2.219837,-0.200624,-1.239789
-0.021871,0.936141,0.062092
-1.268178,-0.371040,1.711682
-1.105084,0.152400,1.100903
-1.331634,0.179671,0.273407
-1.440271,0.194074,-0.441190
-1.443785,0.191878,0.173878
-1.254811,0.165459,1.744292
-1.339149,0.175182,1.539144
-1.291158,0.171988,1.095232
-1.160711,0.155723,1.706412
-1.151783,0.157791,0.985731
-1.339875,0.178558,0.748046
-1.338553,0.174956,1.578430
1.183278,-0.661257,0.411221
-0.488494,-0.477286,-1.424753
-0.875801,-0.423286,-1.398965
-0.732238,-0.443414,-1.406416
-0.510208,4.445666,0.833716
1.226564,-0.115259,1.792050
-0.740439,4.388973,0.584228
-1.689897,0.244424,0.610156
-1.627033,0.235397,1.189853
-1.561710,0.228484,1.200548
-1.858315,0.265390,-0.170934
-1.647466,0.236300,1.488269
-1.739214,0.247353,1.151094
-1.768251,0.249753,1.307566
-1.778106,0.256454,-0.050449
0.451147,0.004692,-2.107220
-2.169695,0.286111,-0.910995
-0.654486,0.146524,2.123260
0.410660,-0.565909,-1.584972
0.438282,-0.565477,-1.626057
0.915541,-0.597466,-1.737081
0.994775,-0.610077,-1.643243
2.445370,-0.647757,-0.553005
-1.412939,-0.404344,-0.358377
-2.093657,-0.281835,-0.514906
-2.047006,-0.296087,-0.290416
-0.933823,-0.452198,-0.919277
-0.834159,-0.457179,-1.023090
-1.216151,0.163612,1.212659
-1.145051,0.153506,1.843357
-1.101868,0.157968,-0.314926
-1.229574,0.163846,1.494913
-1.273479,0.169064,1.350706
-1.159523,0.161551,0.279448
-1.174612,0.165483,-0.283084
-0.977427,0.138077,1.317012
-1.261421,0.170782,0.634686
-1.189216,0.167496,-0.397364
-1.096432,0.155973,0.026369
-1.031254,0.147122,0.505239
-1.209105,0.163048,1.170171
2.189505,-0.185995,-0.816779
2.209361,-0.193204,0.411036
2.185519,-0.186029,-0.707997
2.108643,-0.176748,-0.995364
1.370996,-0.698773,-0.616988
-0.261649,-0.389762,0.104958
-0.205007,-0.397438,0.517636
-0.208136,-0.395900,0.227738
-2.359378,-0.123327,0.836372
0.264137,0.010263,0.663744
-0.030964,0.045317,-0.301640
0.136212,0.026171,0.074489
0.186826,0.015097,1.453803
0.110881,0.027034,0.506098
0.069155,0.029724,0.913094
-0.003211,0.046551,-1.296857
0.033845,0.037184,0.014588
0.061109,0.029742,1.111532
0.469120,-0.016595,1.936018
0.286123,0.003737,1.674303
0.274623,0.004408,1.803218
0.212555,0.018109,0.083095
0.148588,0.024410,0.184925
0.133173,0.022312,1.076421
0.290609,4.339705,0.066683
0.946299,-0.062579,0.932196
0.754802,-0.041117,0.613813
0.663696,-0.035475,1.557772
0.736351,-0.037624,0.241598
0.687752,-0.033417,0.457839
0.957990,-0.065333,1.297654
0.791240,-0.049674,1.746716
0.798777,-0.044559,0.330469
0.553738,-0.019227,0.434007
1.033495,-0.074217,1.524517
0.649764,-0.026183,-0.318703
0.421188,0.002686,-1.478420
0.816932,-0.051171,1.458224
0.627268,-0.028746,0.862641
0.588318,-0.025341,1.028239
1.314918,-0.598202,-0.309060
1.254601,-0.223602,-1.995155
-1.645318,-0.322587,-1.200265
-1.326322,-0.370520,-1.218882
-1.148330,-0.399689,-1.184161
-1.063811,-0.419140,-1.058193
-0.232946,-0.392372,0.007421
-0.246665,-0.389260,-0.393071
1.361591,-0.647833,1.414700
1.640558,-0.128937,-0.658822
1.501140,-0.110129,-1.653707
1.548875,-0.120886,-0.278073
1.489617,-0.109834,-1.434032
1.400004,-0.101924,-1.071366
1.460552,-0.106955,-1.391511
1.547816,-0.116574,-1.285006
1.432841,-0.108532,-0.314993
1.438959,-0.711155,-0.012066
0.597552,-0.478073,-0.380532
0.556792,-0.476359,0.235890
2.248246,-0.607738,0.675924
-2.423774,-0.158618,-0.051152
-0.713828,-0.341388,-0.094219
-0.654738,-0.346101,-0.453847
-0.675297,-0.346335,0.120371
-0.102698,4.312979,0.407917
0.178803,4.261654,0.304572
0.629090,-0.511236,-2.006434
1.170717,-0.612454,-1.800619
-1.182509,-0.437420,0.765464
-1.983566,0.165430,-1.215182
-0.180208,3.279942,0.368586
-0.531845,0.146121,0.602894
-1.035806,0.171530,1.598472
-0.966335,0.163254,1.831525
-1.391472,0.214658,0.224133
-1.342535,0.206517,0.942206
-1.295042,0.198026,1.780829
-1.216524,0.189934,1.741659
-1.092186,0.176789,1.758965
-1.478897,0.228136,-0.803432
-1.281476,0.201611,0.579348
-1.439152,0.221393,-0.188798
-1.288787,0.203285,0.362252
2.219863,-0.131227,-1.052017
-1.994202,0.248489,0.475898
-2.015451,0.248181,1.085511
-1.966058,0.248316,-0.192037
-1.887989,0.239753,-0.106883
-1.850896,0.231888,0.843716
-0.085593,3.796264,0.458266
-1.294197,-0.358465,-0.191902
2.080356,-0.567730,-1.344725
0.321565,4.352882,0.767308
-0.572545,4.453401,0.550588
0.486489,-0.470837,0.684171
-0.645818,-0.450835,1.728711
-0.130502,4.249521,0.515496
2.308341,-0.626373,-0.967932
-2.166763,0.269385,-0.183971
-2.124004,0.265946,-0.437240
-2.009491,0.253578,-0.358644
-2.115783,0.263132,0.030215
1.179264,-0.687461,0.528171
0.626514,-0.808641,-0.676434
0.747456,-0.729937,-0.867483
1.633229,-0.545096,-1.701728
-0.286122,-0.626723,-0.946975
2.182308,-0.156070,-0.979577
2.319086,-0.173492,-0.250442
-0.152427,4.409684,0.441763
0.865789,-0.046839,-0.812033
0.820785,-0.046429,0.224214
0.972742,-0.060735,-0.176333
0.628961,-0.019890,-1.303098
0.946021,-0.056557,-0.504492
0.655055,-0.020591,-1.792840
0.937697,-0.054037,-0.898906
0.507967,-0.005006,-1.821652
0.774742,-0.040279,-0.089663
0.807002,-0.040047,-0.958404
0.074509,0.456468,0.053337
-0.874339,0.033167,-1.954383
-2.442116,0.296644,0.221638
-0.475654,-0.362979,-0.921574
-0.505969,-0.362335,-0.311850
-0.486502,-0.369490,0.912814
2.278496,-0.737687,-0.524075
1.827899,-0.722673,-0.419688
2.092741,-0.728131,-0.669762
2.230921,-0.737254,-0.447953
0.177104,0.028914,-1.613694
0.192150,0.024496,-0.933844
0.461222,-0.009557,0.447622
0.029024,0.045061,-1.752268
0.175082,0.026986,-1.100516
0.391972,-0.001374,0.231488
-0.033205,0.051961,-1.838041
0.183250,0.028672,-1.710735
0.032487,0.042706,-1.274887
0.453828,-0.004398,-0.602678
-0.045272,0.053571,-1.919697
0.412255,0.002358,-1.174502
0.208411,0.025116,-1.492339
0.113494,0.033166,-1.029776
0.489116,-0.013406,0.667373
0.159626,0.031804,-1.865993
-0.104312,-1.015437,-0.045459
-0.506889,-0.440539,-1.835003
1.240465,-0.628600,-0.034638
0.348964,-0.085310,2.140911
-1.211658,-0.386916,1.599601
-1.178174,-0.197311,-1.746879
-1.066104,-0.319082,-0.118309
0.763065,-0.622331,-1.234475
2.227876,-0.139382,0.701059
0.177786,0.382879,0.001258
0.083984,-0.823367,0.549152
0.653051,-0.553119,-1.069011
-1.061707,-0.352663,0.731447
1.275549,-0.550526,1.612533
0.303967,4.361761,0.426765
0.706370,-0.038607,1.232971
0.924747,-0.057179,0.180885
0.894048,-0.056432,0.775585
0.784288,-0.040965,-0.165833
1.007476,-0.071231,1.464317
0.820390,-0.044244,-0.289814
0.866797,-0.049422,-0.218107
0.987852,-0.064859,0.431341
0.907254,-0.051583,-0.719832
0.943466,-0.055933,-0.589677
0.904903,-0.052134,-0.528477
1.088182,-0.080227,1.586689
0.912616,-0.054699,-0.107895
0.927709,-0.061237,1.079001
1.685125,-0.102858,-1.204409
1.796302,-0.121975,0.576361
1.531124,-0.087237,-1.067661
1.441727,-0.076138,-1.475208
1.831127,-0.125783,0.611413
1.686485,-0.102206,-1.395008
1.478752,-0.079362,-1.635396
1.810660,-0.120027,-0.252668
0.078801,-0.936050,0.266002
1.163659,-0.537200,-0.474926
2.584307,-0.343380,0.033556
2.055416,-0.351491,1.193961
0.014370,0.414848,0.033781
0.037568,-0.515218,1.000509
-1.198468,-0.337568,0.559660
1.388080,-0.670460,1.011231
1.595197,-0.675857,1.160719
1.286888,-0.659509,1.131673
1.523449,-0.669439,1.213742
-0.582677,-0.427282,-1.845205
0.723987,-0.016511,0.326815
0.432685,0.210130,0.212249
0.950187,-0.222941,0.510866
0.163014,0.358418,0.296987
-2.056574,0.286563,-0.249655
-2.195299,0.302973,-0.686969
-2.005832,0.280923,-0.176649
-2.130495,0.295183,-0.452984
-1.990258,0.279406,-0.205351
-1.988593,0.277277,0.263052
1.181337,-0.636057,1.422168
1.135672,-0.637163,1.342103
0.516406,-0.598091,1.296520
-2.431873,0.295702,0.189349
-2.470935,-0.026937,-0.292858
0.231805,-0.850959,-0.616657
2.266766,-0.186258,-1.161795
2.531376,-0.272011,-0.694534
-2.421751,-0.176429,0.373336
1.998428,-0.725457,0.372675
2.244756,-0.738312,0.172676
1.760761,-0.719644,0.221193
2.045063,-0.729044,0.273782
-0.129784,4.408801,0.082679
2.533322,-0.310197,-0.717387
2.077522,-0.172577,-1.210860
2.310000,-0.199461,-0.625727
-0.633356,0.138541,-0.637047
-0.597979,0.130957,0.289412
-0.729168,0.152370,-1.537281
-0.824507,0.163545,-1.813215
-0.942865,0.175275,-1.641913
-0.672777,0.143553,-0.844801
-0.991718,0.177906,-1.041366
-0.653459,0.142871,-1.168296
-0.614227,0.131282,0.621091
-0.555435,0.129343,-0.395900
-0.651394,0.136413,0.327982
-0.767390,0.152467,-0.596987
-0.925393,0.170236,-0.874439
-0.597427,0.128745,0.805919
-0.511964,0.119627,0.837683
-0.787935,0.159208,-1.695292
-0.133408,3.587381,0.331657
0.593367,-0.099925,-2.142083
1.117916,-0.580589,0.434098
-0.782843,-0.335694,0.280317
-0.766257,-0.335685,-0.140133
2.462459,-0.655954,-0.254605
1.607153,-0.114650,1.528211
-0.821021,-0.561786,-0.668788
0.608843,0.042104,-1.998461
-0.154203,2.474324,0.267055
-0.797943,-0.394761,1.920491
-1.360187,0.183446,-1.668148
-1.672324,0.072693,-1.528565
-2.053247,-0.244079,-0.871247
-0.204860,4.092455,0.452257
-2.202773,-0.272925,0.685052
-2.247290,-0.268166,0.384135
-2.080117,-0.294637,0.630161
2.571583,-0.347001,-0.512263
1.807841,-0.144133,-1.232374
1.804639,-0.144464,-1.072382
1.960058,-0.166588,0.314257
1.888580,-0.153926,-0.919824
1.980007,-0.166020,-0.324862
1.913954,-0.158727,-0.408331
1.668029,-0.166843,-1.760785
-0.352717,-0.381236,0.356519
-0.469865,-0.370280,0.682853
-0.368729,-0.380628,0.614280
0.053333,0.397532,-0.070896
1.101627,-0.680005,0.610927
1.274045,-0.085929,-1.731098
1.171441,-0.080607,-0.420709
1.200176,-0.078819,-1.573671
1.179778,-0.078520,-1.131314
1.240464,-0.087904,-0.411287
1.030045,-0.063585,-0.937569
1.070942,-0.076542,1.138005
1.092030,-0.075023,0.242084
0.921106,-0.048701,-1.759987
1.026383,-0.059657,-1.787012
1.034988,-0.060786,-1.733169
-0.078272,1.469373,0.121148
1.970288,-0.424218,1.239381
-2.355674,0.341940,-0.522638
-0.129078,2.529597,0.237849
1.487894,-0.058086,-1.784473
-1.595147,0.213496,-1.193462
-1.562507,0.210585,-1.318389
-1.542120,0.205802,-0.685564
-1.609265,0.210485,-0.115703
-1.455248,0.190699,0.745482
-1.441948,0.187378,1.206561
-1.742001,0.228113,-0.996038
-1.599243,0.210290,-0.321745
-1.645271,0.215055,-0.303838
-1.533358,0.202652,-0.151324
1.170987,-0.166899,1.848159
-1.861881,0.241193,-1.110161
-1.751374,0.224402,0.129828
-1.719610,0.225927,-1.036501
-1.647222,0.216155,-0.518366
-1.689161,0.217529,0.209355
-1.730395,0.218372,1.046795
-1.648016,0.215830,-0.420396
2.351044,-0.425834,0.767309
0.559424,-0.383475,1.990992
-2.020060,0.278367,-1.091606
1.048235,-0.254575,-2.095600
-0.003375,2.111778,0.251034
-0.631219,-0.352442,0.473405
-0.620140,-0.352075,0.106329
-0.607685,-0.351141,-0.431666
-2.138541,0.134457,1.486892
0.048920,-0.208471,-1.099219
-0.074157,-0.251040,-1.169515
-0.025904,-0.311618,-1.262574
-0.101056,-0.143903,-1.003064
0.136702,-0.077205,-0.891516
-1.110080,-0.434816,0.505471
0.220360,0.018481,-0.202787
0.066442,0.037956,-0.992207
0.294014,0.012573,-0.642922
0.030518,0.044587,-1.676393
0.407224,0.001966,-0.953815
0.335928,0.012467,-1.674229
0.487010,-0.012728,0.557916
0.277594,0.017063,-1.305641
-0.046761,0.053938,-1.970111
0.041082,0.042494,-1.440750
0.102947,0.034871,-1.172555
0.108058,0.033529,-0.979770
0.500972,-0.013297,0.342448
0.336083,0.006255,-0.188710
0.202908,0.022139,-0.639883
-1.053080,-0.303822,-0.549031
-0.924722,-0.396105,0.733011
-0.142106,0.029304,-2.117391
-0.099095,-0.420973,-1.128097
1.275522,-0.070246,1.301909
1.093141,-0.046164,0.125435
1.276275,-0.067285,0.573019
1.065478,-0.045051,0.556026
1.194362,-0.058550,0.543596
0.889176,-0.016395,-1.870061
0.959326,-0.026688,-1.170739
1.050666,-0.038294,-0.690657
1.338805,-0.074169,0.647115
1.090533,-0.050060,1.125202
1.014824,-0.038212,0.193164
1.373595,-0.080930,1.391044
1.256366,-0.064291,0.356972
1.195497,-0.475421,-1.929676
-2.196351,0.269363,0.567180
-2.243598,0.274199,0.598682
-2.123817,0.259553,1.090608
-2.169831,0.264615,1.037047
2.492925,-0.204379,-0.631607
2.413812,-0.263757,-0.967790
1.319974,-0.562110,1.578612
-1.369159,0.182876,0.451078
-1.356396,0.181708,0.409316
-1.423261,0.194765,-1.035634
-1.329658,0.176480,0.988656
-1.263104,0.176147,-0.609132
-1.175174,0.171249,-1.651081
-1.266938,0.180155,-1.473235
-1.318087,0.174545,1.161057
-1.310478,0.176071,0.603242
-1.208697,0.174609,-1.611795
0.335479,4.316354,0.110795
-2.108042,-0.289921,0.615526
-1.927781,-0.322809,0.422155
-2.198091,-0.276033,0.444768
2.561358,-0.386785,-0.690675
0.304072,-0.467550,0.938224
0.126731,-0.448752,0.901792
0.079683,-0.438007,-0.488383
0.154952,-0.451137,0.762299
0.011411,-0.430365,-0.599441
0.070202,-0.440173,0.269861
0.152233,-0.448373,0.168210
-2.222656,0.274535,-0.009796
-2.204697,0.274472,-0.447377
-2.288464,0.282901,-0.356743
0.473151,-0.940699,-0.298591
0.761037,-0.112613,2.029039
0.008802,0.414530,0.250478
1.234239,-0.394143,1.762794
-0.366186,4.319443,0.187546
0.537595,-0.942347,-0.183514
0.709209,-0.899051,-0.188328
1.062679,-0.810980,-0.160002
-1.251764,-0.284451,-0.184924
-2.429854,0.322480,0.548546
-0.855827,0.144676,2.112302
-1.103254,-0.180028,1.999874
0.433487,-0.904166,0.268802
-2.007463,0.302689,1.476514
0.135246,-0.364295,-2.084358
-0.579899,-0.748199,-0.368983
2.327409,-0.736953,-0.501874
0.182119,-1.034350,-0.085864
0.908175,-0.848531,-0.207595
-0.121646,0.096770,-2.068426
-1.901065,0.219795,1.646774
0.514892,-0.489040,0.776356
0.457556,-0.477457,-0.555358
0.456267,-0.478813,-0.197861
0.632796,-0.501384,0.763666
0.469198,-0.482644,0.394794
0.738082,-0.512559,0.789048
1.302716,-0.089857,-1.924240
1.073198,-0.530311,0.153641
1.135221,-0.535955,-0.056573
-2.500247,-0.011417,-0.195947
-0.041902,2.169446,0.297923
1.026273,-0.671424,0.691715
1.907390,-0.717064,0.546788
2.329776,-0.238875,0.736179
1.436906,-0.710660,-0.165693
0.779929,-0.862997,-0.358604
1.084030,-0.766285,-0.550368
1.175068,-0.770396,-0.385112
-0.868857,-0.409430,-1.621784
1.069039,-0.035388,-1.850522
1.157328,-0.044721,-1.838347
1.340154,-0.072001,0.093412
1.272415,-0.064108,-0.091368
1.129025,-0.046533,-0.690519
1.397426,-0.078272,0.153132
1.354718,-0.072885,-0.061762
1.306707,-0.061944,-1.474616
1.068242,-0.038696,-1.037196
1.010697,-0.030933,-1.447723
1.117962,-0.043631,-1.107298
1.038443,-0.032627,-1.741096
1.732783,-0.319121,-1.794835
-1.035087,-0.309037,0.247584
2.444291,-0.599213,-0.672007
-1.243855,-0.299928,-0.229901
-1.013415,0.149304,-0.467417
-0.799697,0.122589,0.550093
-0.737648,0.114256,0.984000
-0.635807,0.100467,1.722617
-0.701441,0.111482,0.736209
-0.735135,0.110194,1.894438
-0.767401,0.120030,0.349528
-0.864831,0.129601,0.511021
-0.644710,0.105173,0.818729
-0.765890,0.116476,1.163485
-0.830891,0.128056,0.025783
-0.749244,0.114912,1.118863
-0.639168,0.099833,1.959250
-0.930498,0.138092,0.130471
-0.843709,0.123975,1.327216
1.748194,-0.700913,-1.003741
0.599368,-0.597581,-1.372330
2.362833,-0.152431,0.427658
2.113518,-0.541766,-1.336662
-0.797246,-0.334489,0.354398
-0.823240,-0.328386,-0.453651
0.256225,4.366071,0.596812
-0.661562,-0.452801,1.664349
-0.285492,-0.512205,1.461187
-0.949290,-0.407788,1.811679
-2.417972,0.294945,0.974397
0.054230,4.274696,0.317914
1.037173,-0.584668,-1.886870
-1.952008,0.274701,-0.041491
-1.939690,0.276985,-0.899773
-2.036036,0.285149,-0.428429
-1.935683,0.274799,-0.476512
-1.871839,0.264582,0.363610
-2.039955,0.284979,-0.288727
-2.275961,-0.108131,1.053428
-0.439262,4.440608,0.258196
-0.480085,-0.403805,1.063640
-1.244974,0.172176,2.010962
0.228713,-0.440361,-0.124495
0.281601,-0.448361,0.460355
0.295998,-0.445049,-0.696639
0.225405,-0.451502,-0.926217
0.355681,-0.467737,-0.317748
0.384245,-0.473240,0.281500
0.094993,-0.438956,-0.646703
0.162459,-0.444597,-0.994947
0.215947,-0.451909,-0.590285
-0.590129,-0.058000,-2.070912
2.287461,-0.171664,0.108585
2.146144,-0.155615,-0.177019
2.210345,-0.165183,0.498490
-2.124536,0.259625,1.264868
-0.133136,2.105607,0.209546
-0.171514,-0.569162,-1.026549
1.605196,-0.714792,0.160577
-1.468719,-0.342653,1.630816
-0.823888,-0.344018,-0.245529
-0.922152,-0.333402,-0.313785
-0.795181,-0.345265,-0.670088
-0.995066,-0.325384,-0.398139
-1.530573,-0.277574,-1.440705
-0.094500,0.425553,0.211633
-0.198974,0.437387,0.007909
0.161663,0.089304,-2.042484
-0.306157,-0.662108,0.842685
1.697239,-0.463814,-1.726147
0.987605,-0.644469,-1.196499
2.221915,-0.717471,-0.908977
1.385990,-0.618905,-1.755608
1.251165,-0.591639,-0.275522
-1.606122,-0.375488,-0.173736
-1.318547,-0.424945,-0.183881
1.438867,-0.707351,0.249210
-2.233101,0.277942,-0.563182
0.561296,-0.489709,1.913647
-1.020421,-0.357259,0.792431
-0.033601,4.253953,0.566394
-1.656170,0.243103,0.076756
-1.489228,0.223692,0.522351
-1.593478,0.236952,-0.028809
-1.493227,0.222046,1.017750
-1.570347,0.231587,0.674258
-1.418140,0.213114,1.266381
-1.498802,0.223735,0.753405
-1.888878,0.272424,-1.087020
-1.549508,0.236109,-0.935032
-1.590582,0.239814,-0.788053
0.872353,-0.509349,0.190858
0.907775,-0.511783,-0.118608
0.823299,-0.506378,0.715047
-0.949640,0.145976,-1.277234
-0.704454,0.119704,-1.158899
-0.722733,0.124133,-1.759903
-0.927800,0.136023,0.558436
-0.987608,0.148210,-0.855663
-0.937326,0.144861,-1.320109
-1.004859,0.150164,-0.889300
-0.835050,0.131801,-0.767280
-1.051564,0.154484,-0.747665
-0.932771,0.138799,0.018381
-0.740765,0.121567,-0.690216
-0.880718,0.135614,-0.530106
-0.859120,0.127714,0.819321
0.539433,-0.485806,-0.617624
0.444007,-0.475414,-0.703753
0.647520,-0.498196,-0.371736
0.579023,-0.492242,-0.072639
0.733011,-0.508764,0.006963
0.620128,-0.493847,-0.723940
-2.022599,-0.301276,0.750448
-2.122122,-0.284043,0.775345
-1.912872,-0.318407,0.790570
0.049679,4.389484,0.189983
0.155092,-0.780645,0.656935
2.551928,-0.231811,-0.052207
-2.549887,0.334174,0.423681
-2.396523,-0.077406,-0.411663
-0.234965,0.074346,-0.666199
-0.027130,0.143904,-0.551251
0.152213,0.283924,-0.327127
-0.071274,0.133246,-0.569296
-0.125970,0.047582,-0.704747
0.351761,-0.575507,1.485179
0.284670,-0.573615,1.443428
1.103902,-0.675670,-0.832567
0.328342,4.244890,0.554328
2.002786,-0.171231,-1.492775
2.358186,-0.719028,0.105862
-0.275998,0.047850,-2.082839
0.882410,-0.755544,0.525548
0.252149,0.389942,0.011185
0.126465,0.387112,-0.066812
-1.438422,-0.362887,1.446518
-1.500029,-0.351828,1.497341
-1.429864,-0.368391,1.357813
-0.920933,-0.441197,1.322314
0.030002,0.743097,0.130212
2.287494,-0.569413,-1.066972
-2.090911,0.257064,0.857861
-2.074856,0.253944,1.201184
-2.025120,0.252289,0.344259
-1.999405,0.246900,0.988093
-1.896487,0.234292,1.416650
-0.396743,4.435421,0.429768
-1.184969,0.229409,-1.687444
0.330904,-0.451749,0.029702
0.361869,-0.453794,-0.260584
0.309984,-0.446090,-0.799719
2.616429,-0.415171,-0.412411
-2.404291,0.062470,-0.640450
1.099771,-0.038707,-1.829375
1.341778,-0.071699,-0.019820
1.194938,-0.054494,-0.443482
1.233576,-0.057172,-0.775323
1.175398,-0.047924,-1.525909
1.379848,-0.071926,-0.925182
1.240135,-0.056450,-1.113759
1.328812,-0.066080,-1.040168
1.183828,-0.052531,-0.633986
1.200103,-0.054879,-0.481345
1.438666,-0.082834,0.207405
0.146697,-0.563374,-1.154951
1.900432,-0.712779,0.627286
1.030468,-0.664109,0.827085
1.607709,-0.694160,0.766573
1.638253,-0.697406,0.709926
-0.048927,1.805146,0.149587
1.408414,-0.708277,-0.322458
1.195766,-0.154043,-1.988767
2.060002,-0.171692,-0.981407
2.085442,-0.178318,-0.034258
2.034645,-0.170688,-0.583067
2.072781,-0.176457,-0.161136
0.136814,-0.447711,0.398009
0.291224,-0.465682,0.814339
0.099423,-0.443190,0.256686
0.412170,-0.478714,0.890050
-0.026928,-0.426424,-0.578025
0.348933,-0.471211,0.685302
0.005656,-0.430565,-0.406618
1.283758,-0.413477,-1.940584
-1.930806,-0.323545,0.262823
-2.009623,-0.309961,0.272011
-1.455160,-0.405391,0.176303
-0.557410,-0.477939,-1.243996
-0.766572,-0.445257,-1.291743
-0.324109,-0.510837,-1.254161
-0.166275,3.085010,0.371244
-0.178734,4.412944,0.323258
-0.472431,-0.385198,0.768060
-0.622074,-0.369344,0.739196
-0.691562,-0.357738,-0.291688
-0.575845,-0.374349,0.773749
-0.481802,-0.385227,1.011271
1.918793,-0.302036,1.324439
1.329103,-0.600417,-0.135678
1.711729,-0.717028,-0.492638
1.650577,-0.715374,-0.453566
1.947845,-0.723720,-0.611869
-0.388990,4.319033,0.860707
-0.601425,-0.350418,-1.933663
-1.687012,0.280667,-1.321477
0.398582,-0.564669,1.674655
2.130605,-0.182953,-0.061344
1.854678,-0.148575,-1.348018
1.951011,-0.159422,-1.175861
1.944206,-0.158893,-1.131063
-1.693379,0.243269,0.974818
-1.791162,0.259105,-0.356836
-1.620752,0.235219,1.074050
-1.466090,0.216513,1.660145
-1.698705,0.246840,0.252906
-1.777265,0.256192,-0.008775
-1.627372,0.235704,1.124760
-1.508831,0.221264,1.598574
-1.958307,0.240018,-1.195024
-0.338381,0.068336,1.928678
-0.250864,0.062885,1.029558
-0.340227,0.073306,0.783839
-0.026593,0.036670,1.661238
-0.494065,0.094419,-0.400096
-0.527652,0.097230,-0.227400
-0.109126,0.044166,1.944626
-0.128850,0.048188,1.477605
-0.231883,0.061713,0.832168
-0.554551,0.100952,-0.441894
-0.516422,0.094499,0.144212
-0.245484,0.065460,0.276701
-0.296196,0.068141,0.912096
2.548402,-0.531490,-0.408011
1.112522,-0.319296,0.481839
0.249670,0.382915,0.045499
0.326570,0.311608,0.111268
0.963703,-0.239843,0.536244
0.871250,-0.121561,0.355441
1.167649,-0.367122,0.519037
-1.687744,-0.352901,0.892049
0.660604,-0.798668,-0.695900
-0.478993,0.091993,-2.019824
-0.911029,-0.427274,1.550841
-0.141860,-0.544645,1.194607
0.013765,0.351146,0.034783
0.422713,-0.748643,0.723011
0.202214,-0.936415,0.256612
-0.080217,-0.721190,0.768999
-0.114909,-0.815743,0.525764
-1.246642,0.177543,-1.358618
-1.267162,0.180467,-1.542484
-1.503384,0.201730,-0.685787
-1.508480,0.205418,-1.441392
-1.428547,0.189839,0.278779
-1.367031,0.182312,0.532492
-1.313634,0.184211,-1.268728
-1.231350,0.170647,-0.090911
-1.482535,0.199373,-0.646067
-1.437741,0.191368,0.143943
-1.250602,0.172464,-0.041180
0.698362,-0.726857,-0.888823
-1.571245,0.226969,1.847519
2.463094,-0.556227,0.300461
1.026799,-0.538042,-0.379148
1.148175,-0.553964,0.378432
-1.412166,-0.154810,-1.614822
-0.481509,-0.481018,-1.031387
-1.897653,0.244739,-1.058626
-1.727716,0.224417,-0.470108
-1.517901,0.202899,-0.600054
-1.795038,0.232189,-0.636354
-1.675198,0.217122,-0.044932
-1.694283,0.218717,0.053748
-1.579065,0.204484,0.561667
-0.017864,0.494444,-0.001032
1.540961,-0.183085,-1.862651
-1.212913,-0.394952,-0.062972
-2.506150,0.314692,0.739517
0.659266,-0.742331,0.684217
2.038261,-0.145054,0.010465
1.805219,-0.115987,-1.083911
1.877884,-0.129819,0.400415
1.910581,-0.134994,0.817053
1.895918,-0.128343,-0.407859
1.894735,-0.132645,0.653265
-2.240452,-0.116042,-0.720610
1.223064,-0.572749,-0.605053
1.298817,-0.566737,-0.356538
-2.428109,0.255856,-0.543673
1.253331,-0.085613,-1.284793
1.188043,-0.078438,-1.359148
0.907458,-0.048023,-1.578379
1.266587,-0.087239,-1.229147
1.209853,-0.083048,-0.803912
1.088232,-0.066779,-1.638548
1.190381,-0.086177,0.437170
1.173321,-0.080599,-0.470164
1.191731,-0.080838,-0.876720
1.134735,-0.081723,0.772051
1.106377,-0.072574,-0.706599
0.985450,-0.059962,-0.681948
1.229108,-0.087843,-0.139695
0.032795,0.032505,-0.723495
-0.135949,-0.317182,-1.274620
0.165911,0.155524,-0.527309
-0.103211,-0.217360,-1.117755
1.388208,-0.453630,-1.885564
0.262995,-0.837612,0.514483
0.344490,-0.757395,0.716597
0.757958,-0.613776,-1.357098
1.425857,-0.643013,-1.664230
1.082550,-0.632605,-1.425382
1.650595,-0.669412,-1.477374
1.333157,-0.570208,0.000369
2.209532,-0.738539,0.009139
1.694954,-0.720630,-0.138694
-0.264606,-0.401747,-0.503035
-0.003552,-0.432852,0.373849
-0.118714,-0.420286,0.264098
-0.083832,-0.420297,-0.612488
-0.011580,-0.432544,0.502381
-0.078582,-0.422871,-0.127769
-0.137740,-0.416770,-0.099293
-0.696640,-0.347088,0.839029
-0.099852,0.650938,0.107269
2.074612,-0.667707,-1.234097
-2.551523,0.143862,-0.288667
-0.118232,-0.507543,1.786718
-0.099578,2.459198,0.218101
-0.197668,4.299544,0.710333
0.619075,-0.613768,1.144418
-1.235555,0.193239,-1.628258
1.491624,-0.526134,0.357370
1.369496,-0.426296,0.294213
1.318809,-0.412992,0.355323
0.760175,0.031622,0.104048
1.182928,-0.354508,0.449002
-1.889770,-0.325961,-0.192428
1.118796,-0.535650,0.284268
1.104607,-0.532973,0.000291
1.749739,-0.721061,-0.332200
1.551404,-0.714158,-0.261806
0.719840,-0.573177,-1.846676
0.466646,-0.546774,-1.881193
-2.595488,0.059162,0.396881
0.018768,-0.906932,-0.453050
-0.892563,-0.370894,0.838481
1.101290,-0.365471,1.839235
1.013134,-0.613895,-0.865446
-2.163931,0.266496,0.437283
-2.364357,0.290825,-0.343305
-2.137106,0.262063,0.823851
-0.309009,4.312852,0.326398
0.008344,1.284931,0.113488
1.266110,-0.569464,0.276045
-2.346287,0.239757,1.188249
-0.033921,4.397786,0.307151
1.873009,-0.122649,-1.195542
1.964507,-0.132083,-1.240184
2.024570,-0.143192,-0.090893
1.741133,-0.107286,-1.554490
2.072116,-0.149151,0.139214
-0.024898,2.790527,0.321106
0.890804,-0.049143,-0.890179
0.757385,-0.044817,1.435750
0.864754,-0.043404,-1.609495
0.865057,-0.051822,0.401099
0.793428,-0.044267,0.395303
1.017709,-0.068857,0.637320
0.763030,-0.042281,0.685591
1.011829,-0.067789,0.529458
0.931803,-0.059420,0.540320
0.925258,-0.058270,0.429422
0.939500,-0.062755,1.145854
0.933492,-0.056208,-0.272343
1.009497,-0.068960,0.868974
0.898156,-0.050145,-0.835233
-1.248701,-0.112696,1.991509
1.191205,-0.698775,0.142509
-1.557826,0.267509,-1.423220
-0.928390,-0.456360,1.112510
-1.764598,-0.321856,1.327437
-1.072935,-0.435940,1.074557
-1.992801,-0.296088,1.097111
-1.152750,-0.486410,0.398573
0.438814,-0.325375,2.051820
1.951982,-0.729511,0.043402
1.664149,-0.719476,-0.072451
1.892918,-0.727628,-0.198581
0.480900,-0.515768,0.950768
-0.757960,-0.479573,1.102324
-0.640843,-0.495820,1.091305
1.404786,-0.099547,-1.761972
1.694999,-0.137253,-0.037470
1.818681,-0.152074,0.398093
1.768939,-0.143845,-0.320732
1.444078,-0.104810,-1.490546
1.794763,-0.147509,-0.093364
1.661992,-0.128112,-1.396940
1.757755,-0.140506,-0.839498
1.540523,-0.117264,-0.935771
0.222780,-0.773995,-0.800452
-1.108734,0.183015,0.683483
-1.098191,0.182133,0.629050
-1.077310,0.185053,-0.597224
-1.223940,0.197015,0.231017
-0.991237,0.167127,1.530617
-1.179161,0.195522,-0.539959
-1.056962,0.178943,0.354584
-1.135616,0.192983,-1.028738
-1.155091,0.189318,0.340748
-1.198360,0.200277,-1.195827
-1.005146,0.170896,0.977768
-1.178103,0.198855,-1.365582
0.483325,-0.484787,0.552328
0.415337,-0.476235,0.215747
0.462412,-0.483247,0.710220
0.635356,-0.500837,0.568144
0.683864,-0.505933,0.567013
0.544041,-0.490095,0.294566
1.034911,-0.115004,-2.046120
1.796759,-0.220938,-1.685639
1.619089,-0.717866,-0.124823
0.094915,-0.515125,-1.833387
-1.657382,0.208362,1.606166
-1.545720,0.196706,1.585947
-1.810404,0.229111,0.488901
-1.616658,0.207600,0.762154
-1.466969,0.188200,1.640081
-1.432348,0.184490,1.656962
-1.743713,0.221354,0.667572
-2.423975,0.146339,1.062913
-2.228097,0.077809,-0.975069
0.748111,-0.632390,0.730167
0.003154,-0.552169,-1.155401
1.474954,-0.243590,1.687481
0.581813,-0.753312,0.672258
0.694859,-0.730796,0.707537
1.268489,-0.093725,0.278009
1.208215,-0.088281,0.491974
1.114825,-0.081183,1.144440
1.293868,-0.100615,1.289914
1.103109,-0.078382,0.768128
1.065977,-0.067694,-0.858145
1.234461,-0.094259,1.263672
1.035143,-0.064301,-0.894352
1.268249,-0.098213,1.360017
1.325136,-0.105172,1.594351
1.136792,-0.078518,-0.048237
1.238558,-0.095826,1.536023
-2.171231,0.121358,-1.031887
1.859478,-0.662983,-1.432126
-1.316831,-0.364576,-1.321984
-0.996294,-0.413319,-1.271641
0.928522,-0.476721,-2.000430
0.772714,-0.009226,-0.653198
0.615545,0.012170,-1.821069
0.696299,0.002275,-1.484387
1.054098,-0.045335,0.910880
0.665503,0.006976,-1.835124
0.537335,0.019175,-1.529118
0.893857,-0.018311,-1.528743
0.951913,-0.030279,-0.122925
0.439786,0.030785,-1.853416
0.838712,-0.016428,-0.590028
0.758016,-0.003441,-1.669567
0.822574,-0.016652,-0.129648
0.743200,-0.002172,-1.600508
0.699434,-0.001077,-0.759763
-2.476527,-0.025740,0.710347
0.806846,-0.554373,0.819062
1.180913,-0.622958,0.178945
-1.372493,-0.237451,0.870603
-0.171598,3.504600,0.346591
1.160684,-0.329238,0.372062
1.244868,-0.398144,0.415839
0.559550,0.155459,0.082228
1.063828,-0.231692,0.264797
0.894267,-0.114837,0.244818
-0.768611,-0.377238,-0.764821
2.324281,-0.173303,-0.426710
-1.407357,-0.392663,-0.632575
-1.390570,-0.386915,-0.742529
-1.277932,-0.122261,0.619759
-1.270218,-0.236259,0.912244
-0.988886,0.013627,0.543892
-1.240447,-0.211570,0.877625
-0.478029,0.090292,0.184882
-0.495157,0.092425,0.105382
-0.572102,0.104216,-0.781972
-0.516226,0.098851,-0.904127
-0.321103,0.079958,-1.293146
-0.379327,0.085270,-1.099057
-0.379539,0.076373,1.039305
-0.512818,0.102560,-1.879319
-0.378543,0.081162,-0.133795
-0.208787,0.068421,-1.358283
-0.439616,0.092904,-1.409559
-0.503690,0.092252,0.361838
-0.330628,0.072860,0.648772
-0.539708,0.100781,-0.774870
-0.403177,0.083332,-0.033205
-0.182370,4.412096,0.618271
0.205789,-0.439355,0.212210
0.267594,-0.448501,0.846877
0.183837,-0.439718,0.852533
0.236155,-0.444774,0.745846
-0.889745,-0.321588,-0.406860
-0.884991,-0.325205,0.340355
0.672516,-0.484193,-0.802955
0.750630,-0.497380,0.389631
0.721825,-0.493419,0.165939
-0.910874,-0.323874,0.673626
-0.844201,-0.331703,0.869951
-2.164457,0.266013,0.566381
-2.163237,0.267025,0.292933
-2.280591,0.276633,0.947565
-2.202410,0.271975,0.093580
0.687941,0.002160,-1.246074
0.589715,0.015561,-1.982829
0.996273,-0.037331,0.449623
0.755809,-0.004247,-1.420668
0.727804,-0.003575,-0.876000
0.704807,-0.000663,-0.994476
0.598229,0.011868,-1.312108
0.629447,0.007873,-1.141379
1.021327,-0.041168,0.738014
0.911596,-0.025407,-0.274638
0.879533,-0.017923,-1.260740
0.604202,0.011444,-1.361092
1.051788,-0.046441,1.234304
0.795700,-0.012105,-0.542374
0.726048,-0.864462,-0.427304
0.870029,-0.802026,-0.572907
-2.487119,0.006286,0.758276
-1.244342,-0.389836,-0.345691
-0.039845,2.354037,0.311443
1.855059,-0.151712,-0.605689
1.874584,-0.156397,0.025454
1.914203,-0.164532,0.977124
2.139916,-0.186701,0.602554
1.893412,-0.160920,0.635134
2.158329,-0.188854,0.654547
0.910511,-0.656138,0.855464
0.389516,-0.572050,-1.032508
1.307477,-0.680714,0.145628
-0.676906,0.054699,-2.010498
-0.080746,-0.516271,-1.640680
0.471385,-0.462024,-1.048046
0.540610,-0.470463,-0.769582
0.366427,-0.452592,-0.663503
0.509721,-0.467634,-0.669256
0.648205,-0.480801,-1.003422
0.514269,-0.471832,0.222558
2.452041,-0.195839,-0.108974
1.880216,-0.696976,0.969315
-0.893835,-0.642951,0.265207
-0.411977,-0.860271,0.150245
-0.706387,-0.717062,0.298235
-1.071936,-0.272356,-1.763207
0.844681,-0.648314,-1.008772
0.473219,-0.291544,2.072293
-1.105641,-0.411082,-1.089864
-1.082901,-0.410036,-1.176782
-1.258841,-0.390701,-1.030419
-0.870361,-0.448597,-1.062276
0.168926,0.381024,0.127260
-0.123330,0.416182,-0.089142
1.244450,-0.316671,1.817816
-2.070035,0.285882,0.253015
-2.029973,0.279988,0.656100
-2.106705,0.288099,0.645827
-1.938886,0.267422,1.372637
-2.055784,0.283070,0.567834
0.062425,-0.558693,0.996054
1.715584,-0.217922,-1.750088
-0.008614,0.433231,0.152149
0.357209,4.356211,0.415321
1.465900,-0.107770,-1.330909
1.512933,-0.120189,0.460801
1.565970,-0.119736,-0.984686
1.653152,-0.126425,-1.578452
1.550455,-0.116297,-1.418055
1.521136,-0.113867,-1.261546
1.600987,-0.126517,-0.241646
1.639576,-0.127249,-1.038746
1.621283,-0.129434,-0.053845
2.240848,-0.739358,0.109920
0.113387,-0.556045,-1.356980
0.894312,-0.605255,-1.589666
-0.086860,-0.396187,-2.044896
-0.775978,-0.350537,0.109809
-0.687305,-0.362360,0.709041
-0.980379,-0.327261,-0.318393
2.123390,-0.131160,0.951658
-0.853952,-0.304053,-1.848574
1.483143,-0.712677,-0.002006
1.677930,-0.714175,0.347446
2.045832,-0.725769,0.445123
1.334203,-0.702971,0.276146
-0.033366,3.156024,0.334564
-1.294907,-0.324853,-0.057754
1.246159,-0.546254,-0.383956
0.708604,-0.028050,-1.354367
0.643854,-0.032243,1.283059
0.724150,-0.036472,0.272819
0.609432,-0.025035,0.422472
0.851199,-0.040910,-1.865516
0.692228,-0.024339,-1.831205
0.632257,-0.019214,-1.548236
0.552675,-0.015270,-0.487870
0.667577,-0.026415,-0.712292
0.672506,-0.029258,-0.154971
0.747361,-0.034449,-0.797165
0.621891,-0.017896,-1.603016
0.735959,-0.029359,-1.730088
0.605005,-0.019393,-0.818405
0.660487,-0.032871,1.014203
0.065484,0.031324,0.622097
-0.001893,0.043827,-0.677120
0.096663,0.027174,0.831025
0.318394,0.004795,0.607099
0.449917,-0.012644,1.472755
0.200357,0.016744,0.717749
0.061759,0.032216,0.501999
0.306994,0.004359,0.998977
0.116414,0.023272,1.268596
0.479434,-0.015238,1.350742
0.281399,0.002925,1.987972
0.030432,0.037388,0.051750
0.211985,0.013708,1.152416
0.854065,-0.370570,-2.068352
-0.077761,-0.364186,-1.381409
0.007985,4.273095,0.349606
-0.089602,-0.684309,0.858428
1.643698,-0.083823,-1.623008
2.381787,-0.209572,-0.011052
-1.513125,-0.345676,1.566663
-1.247124,-0.314550,-1.628924
-2.242327,-0.005150,1.275810
-0.556161,-0.118178,-2.073495
-2.034672,-0.143784,1.372296
0.204948,0.333535,0.001577
0.972716,-0.195277,0.379285
0.849812,-0.030945,0.116986
0.757593,0.001637,0.202641
0.884007,-0.067191,0.160454
1.442459,-0.531947,0.518326
-1.318017,-0.415303,0.786888
-0.283836,0.094479,2.157135
1.051646,-0.526630,-0.185436
1.021346,-0.035577,-0.602880
1.133431,-0.050800,0.221464
1.403203,-0.081777,0.847804
1.360126,-0.076956,0.777920
1.126640,-0.047633,-0.366774
1.312688,-0.070954,0.534599
1.299907,-0.071097,0.891201
1.403838,-0.083798,1.316344
1.232024,-0.061062,0.196342
1.118452,-0.052325,0.964505
1.267215,-0.069585,1.352842
1.215806,-0.063894,1.284221
1.059446,-0.043957,0.445763
0.498284,-0.327338,2.042694
0.023372,-0.419870,0.138884
0.133603,-0.426441,-1.064421
0.042850,-0.418717,-0.628654
-0.984161,-0.360117,-1.734749
0.080369,-0.662598,0.952594
2.225711,-0.191060,-0.514950
2.265179,-0.194373,-0.715686
2.131789,-0.179567,-0.902917
-2.296411,0.307603,0.751546
-2.322794,0.312471,0.249482
2.222230,-0.274464,-1.312335
0.928297,-0.051700,-1.222180
0.975347,-0.057842,-0.935694
0.948161,-0.055416,-0.832111
1.219866,-0.094142,1.603566
1.530672,-0.126276,1.472939
1.202301,-0.090920,1.273722
1.147779,-0.083475,0.863184
1.083535,-0.070324,-0.670293
1.084162,-0.073895,0.170024
1.216808,-0.094124,1.676219
1.260670,-0.096176,1.062510
0.020235,-0.367206,-1.327932
-0.038047,-0.285721,-1.202470
0.026171,-0.201592,-1.069195
0.169804,0.161504,-0.497827
-1.352809,-0.419748,0.040856
1.167723,-0.555613,0.281096
1.184544,-0.556049,-0.038553
1.659282,-0.404952,-1.784773
0.385172,0.204431,0.282767
0.350810,0.264607,0.165304
0.450411,0.225894,0.084166
0.768978,-0.096149,0.440226
0.361396,0.270809,0.124680
-0.093177,-0.597660,-1.047596
0.065385,4.385141,0.835458
-0.125404,2.241528,0.212959
-1.686469,-0.362292,-0.141191
-1.845490,-0.335134,-0.128427
1.810113,-0.716871,-0.646740
-1.695431,0.118839,1.824519
-1.137240,-0.543863,0.186380
0.598291,-0.849803,0.362785
0.303301,-0.963561,0.140002
2.407710,-0.480010,0.575233
-2.416656,0.348867,0.719980
2.349079,-0.206033,-0.035061
2.312069,-0.202861,0.137310
-2.294991,0.271326,-0.756261
0.028276,0.399263,0.145500
-0.159955,0.419419,0.057950
-0.158520,4.202198,0.359632
-1.347076,0.216154,-1.557270
0.689758,-0.490456,0.264079
0.641711,-0.484063,-0.057578
2.174968,-0.369099,-1.414173
-0.045764,4.355628,-0.042098
1.310856,-0.658140,-0.429706
-0.216283,4.301003,0.829883
-0.834309,-0.580782,-0.593288
-0.405859,0.056501,-2.054351
0.036893,0.072646,-1.733757
0.344745,0.038033,-1.195655
0.073360,0.069024,-1.784759
0.055720,0.067955,-1.083775
0.334466,0.041661,-1.806157
0.198261,0.052861,-1.058108
0.386761,0.029439,-0.194160
0.222845,0.052319,-1.547805
0.204884,0.055260,-1.800273
0.193511,0.053973,-1.204859
0.276164,0.043529,-0.784389
0.493749,0.015897,0.355465
1.230264,-0.628370,0.340750
-0.320724,-0.383774,0.158650
-0.322026,-0.384810,0.439764
-0.338671,-0.380692,-0.127951
-2.459363,0.354471,0.452834
-1.506790,-0.391077,-0.241111
0.109819,4.382667,0.308447
-2.555369,0.207738,0.713140
-1.012690,0.141636,1.352703
-1.439847,0.197447,-1.260402
-1.350368,0.187654,-1.168172
-1.217584,0.174952,-1.469949
-1.489334,0.202666,-1.264296
-1.090898,0.154827,0.161614
-1.081609,0.155393,-0.208349
-1.084212,0.151453,0.801960
-1.038227,0.150315,-0.084380
-1.181648,0.164313,0.174759
-1.273200,0.177476,-0.673087
-2.382524,-0.037717,0.973552
-1.301133,-0.408867,0.964841
-1.876765,-0.314959,1.070343
0.616185,-0.494101,-1.062278
1.159072,-0.761822,0.174008
-0.010115,1.760433,0.242064
1.585405,-0.669532,1.257234
0.818947,-0.579406,1.745432
-0.097929,0.852890,0.146791
-0.768371,0.154560,-1.919891
0.227165,-0.281211,-2.138513
-0.064203,0.054747,-1.724500
0.348559,0.005572,-0.339546
0.218544,0.019526,-0.407725
0.496719,-0.010981,-0.105618
0.143327,0.030343,-1.104969
0.084483,0.037618,-1.365754
0.370297,0.008844,-1.671764
0.176243,0.024999,-0.653524
0.016676,0.045678,-1.588952
0.517153,-0.016757,0.763935
0.392339,-0.002770,0.556899
0.149484,0.030829,-1.376573
0.419779,-0.002548,-0.187875
0.404118,0.004653,-1.519657
-0.380112,-0.713922,0.666312
-1.913912,-0.262907,1.366474
-0.602039,-0.157834,-2.034290
1.946607,-0.721603,0.473090
1.893854,-0.719239,0.476977
-1.959120,-0.022323,-1.225305
0.556847,-0.918029,0.114417
0.443736,-0.946486,0.095602
-0.212045,-0.392870,-0.400090
-0.137414,-0.405393,0.721024
-0.137702,-0.399320,-0.727768
-0.191944,-0.395175,-0.354257
-1.699247,0.215833,-1.428235
-0.564958,-0.659765,0.689942
1.218678,-0.681960,-0.830065
0.038065,-0.421835,0.239640
0.092590,-0.426546,-0.005429
-0.028061,-0.410393,-0.836679
0.046598,-0.422118,0.092217
-0.482310,-0.276896,-2.007085
0.442991,-0.558239,-1.723602
0.444052,-0.560642,-1.694664
-2.624327,0.130772,0.001140
-0.074887,2.730685,0.359482
-0.082898,1.327103,0.217299
2.372290,-0.619786,-0.819959
-1.244595,-0.330045,-0.081150
0.038309,-0.664092,0.940105
-0.334689,0.451961,-0.065215
-0.278803,-0.489410,1.790514
-0.356764,-0.482707,1.758377
-0.806278,-0.344163,0.928240
-2.103805,-0.293715,0.268966
-1.621153,-0.376829,0.071527
-2.283479,-0.151058,0.974627
0.365670,-0.479496,-1.132961
-0.347349,-0.395835,0.165355
-0.406174,-0.386739,-0.532737
-0.246577,-0.408737,0.718305
-0.110080,-0.422604,0.602158
-0.214380,-0.413372,1.018011
0.030329,-0.438971,0.986919
-0.296297,-0.399933,-0.139079
-0.442646,0.115800,0.007916
-0.339418,0.104839,0.033649
-0.326236,0.095825,1.862425
0.032025,0.058078,1.881313
-0.445778,0.115015,0.275057
-0.438611,0.113901,0.361426
-0.283955,0.096722,0.581526
-0.487398,0.121542,-0.240760
-0.219576,0.086987,1.292705
-0.382007,0.107421,0.488248
-0.434168,0.112456,0.595929
-0.405832,0.107821,0.992918
-0.524819,0.128510,-0.968017
0.007811,0.061541,1.661463
-0.172424,0.082503,1.179050
-0.373315,0.101878,1.597890
-0.390267,0.102087,1.975197
-1.547235,-0.386007,0.517023
-1.427338,-0.407785,0.439180
-0.045814,0.093820,2.104670
1.405074,-0.072279,-1.476432
1.567121,-0.088585,-1.651817
1.622290,-0.099853,-0.340903
1.734072,-0.109985,-0.729632
1.750423,-0.110078,-1.119434
1.760405,-0.115068,-0.174607
1.774323,-0.113898,-0.805974
1.758057,-0.115383,-0.039956
-0.172558,4.067737,0.490355
-2.158091,-0.034736,-0.953243
-1.984714,0.249552,-0.017886
-1.944894,0.244235,0.252924
-1.938869,0.244233,0.101695
-1.903515,0.239475,0.351229
-1.909275,0.243712,-0.519414
0.334493,-0.403945,2.008703
-1.549412,0.234080,-0.451112
-1.557378,0.230341,0.646215
-1.496765,0.222607,0.972295
-1.559266,0.233448,-0.051238
-1.496309,0.226143,0.113245
-1.612085,0.236752,0.488134
-1.585062,0.237356,-0.337891
-1.791681,0.262109,-1.064000
-0.765686,-0.470864,1.182174
-0.791357,-0.473776,1.118078
-1.005024,-0.452855,0.967853
-1.635325,-0.352988,1.044383
0.774449,-0.623441,-1.016652
1.525271,-0.711817,0.160902
-0.195580,0.039601,2.182552
0.632090,-0.560096,-1.903482
0.548381,-0.551717,-1.910763
1.533345,-0.714428,-0.153900
-0.999939,-0.176900,-1.852943
-0.807426,-0.339260,-0.825369
0.885850,-0.508967,-0.241053
0.769540,-0.494647,-0.742344
0.763247,-0.494835,-0.538594
0.954160,-0.513662,-0.837312
0.840479,-0.502115,-0.739971
-0.483918,-0.759286,-0.455591
1.540380,-0.697184,-0.865843
0.209936,-0.435162,-0.897653
0.284651,-0.449942,0.762447
-1.190295,-0.301876,-0.397385
0.121059,-0.433789,1.013486
0.234135,-0.443313,0.446585
0.862778,-0.509107,0.374112
1.023099,-0.525896,0.358132
0.961508,-0.520114,0.524395
-1.751400,-0.309795,-1.116081
-0.416232,-0.824986,0.297883
-1.849851,-0.334121,0.584335
-1.401335,-0.409155,0.567438
-1.903989,-0.323556,0.651852
-1.052347,-0.365181,-1.685700
-0.186883,-0.495109,-1.718668
-2.406634,0.268855,1.024154
-0.805672,-0.335596,0.832109
-0.893411,-0.320338,-0.614131
1.158904,-0.641551,1.288274
0.920482,-0.614974,1.490276
1.042706,-0.623375,1.485721
-0.005685,2.261883,0.251273
-0.142118,4.408955,0.356744
-2.268405,-0.215987,-0.491536
-1.337250,-0.045392,-1.742785
0.158579,4.372052,-0.001809
1.786752,-0.674445,1.132595
-0.078076,-0.607480,0.990894
1.308806,-0.599294,0.106641
-0.612706,-0.641867,0.703161
-0.362545,-0.798914,0.434785
1.527299,-0.706887,-0.573500
-2.257641,0.273997,1.001065
1.053169,-0.065049,-1.169563
1.007421,-0.058693,-1.540028
1.282772,-0.091372,-0.646297
1.077524,-0.065184,-1.751002
1.213011,-0.082304,-1.061685
1.273337,-0.086138,-1.663131
1.087255,-0.067135,-1.528526
1.308171,-0.089393,-1.760857
1.244124,-0.089763,-0.057727
1.249122,-0.084625,-1.415528
1.190284,-0.078049,-1.508937
-0.254908,0.099771,-2.052414
-1.351922,-0.051934,1.995064
-1.364367,-0.397310,-0.667288
-1.722983,-0.335896,-0.670475
-0.212453,-0.599291,-1.011012
2.284754,-0.195846,-0.855905
2.213391,-0.189645,-0.543853
0.023197,-0.990110,-0.268123
0.906301,-0.633020,-1.241595
-1.775904,0.103291,1.769356
-1.607626,0.206043,0.907868
-1.546720,0.199120,1.032478
-1.716211,0.215285,1.429262
-1.585961,0.203583,0.951541
-1.826656,0.232408,0.108115
-1.631925,0.208792,0.861421
1.195696,-0.648872,-0.399133
-0.133046,-0.631973,-1.010016
2.464203,-0.455950,0.495081
0.853986,-0.846365,-0.358416
0.388984,-0.977110,-0.180692
0.927347,-0.835606,-0.320348
-0.615324,0.101449,0.970957
-0.525589,0.089987,1.457032
-0.684869,0.111763,0.251325
-0.457653,0.081773,1.713642
-0.643503,0.103353,1.224632
-0.640218,0.107638,0.114571
-0.693392,0.116485,-0.665969
-0.776758,0.116485,1.435324
-0.769888,0.115341,1.536416
-0.648620,0.106010,0.716620
-0.537828,0.094273,0.737912
-0.694626,0.110441,0.814033
-0.532745,0.089585,1.733768
-0.685145,0.109150,0.884708
-0.622031,-0.573339,-0.833319
0.787801,-0.047385,1.284640
0.758131,-0.043156,1.018887
0.567927,-0.015038,-0.927904
1.030151,-0.074169,1.597129
0.623687,-0.025672,0.216102
0.622746,-0.024540,-0.031754
0.878258,-0.057276,1.375881
0.738808,-0.041241,1.046603
0.653896,-0.027040,-0.217561
0.620354,-0.024436,0.003633
0.705932,-0.037131,0.889996
0.772436,-0.043373,0.710273
0.675638,-0.030560,0.078222
2.114767,-0.181135,-0.098059
1.975976,-0.168402,0.347759
2.001689,-0.170196,0.129792
2.048608,-0.170185,-1.055420
1.952903,-0.168000,0.832959
-0.130000,-0.856304,0.417727
-0.238398,-0.702396,0.770768
2.425204,-0.691854,-0.400962
-0.451616,-0.377191,1.055855
2.463064,-0.160368,-0.195880
-0.911299,-0.318331,-0.644402
-1.029058,-0.307165,-0.353134
1.180564,-0.635931,-0.431573
0.896889,-0.652399,-0.998382
2.398259,-0.183835,-0.590420
-1.168923,-0.392553,-1.248452
-0.476433,-0.494755,-1.183285
-1.335941,0.180365,0.215791
-1.365527,0.178436,1.424007
-1.176291,0.159117,1.285469
-1.516193,0.203541,-0.797103
-1.329699,0.177596,0.722170
-1.048162,0.144987,1.443328
-1.363819,0.177296,1.654109
-1.339830,0.181416,0.061740
-1.231815,0.167475,0.681366
-0.574251,-0.433406,-0.979683
-1.223044,-0.415745,0.060176
-0.885515,-0.630225,0.387001
-0.427455,-0.866830,0.052978
-0.047458,0.106016,-2.057015
0.283548,0.031638,1.880245
0.113195,0.054585,0.672807
-0.078288,0.082362,-1.159782
0.002579,0.069345,-0.077532
0.471104,0.012015,1.857055
0.385013,0.022617,1.485310
0.182363,0.047089,0.726339
0.002643,0.069845,-0.198993
0.347482,0.026476,1.506071
-0.066402,0.082982,-1.608194
0.083004,0.060522,0.010511
0.210632,0.043818,0.798190
0.053264,0.060681,0.721927
0.194098,0.042297,1.579396
0.166448,0.044105,1.842920
0.371312,4.355350,0.266300
0.205882,-0.478523,-2.022064
-2.516280,0.195405,-0.350809
-1.161555,-0.310934,0.334328
-0.373210,-0.377020,-0.137579
-0.384817,-0.373509,-0.686906
-0.336730,-0.379030,-0.575199
2.614329,-0.458160,-0.179027
1.191685,-0.541788,-0.081332
2.069121,-0.143044,-1.249313
2.264245,-0.166603,-0.519647
-0.946640,0.144523,2.009504
0.355753,-0.748364,0.739298
0.259071,-0.736332,0.768889
-0.251452,0.311161,0.455908
0.160406,-0.819954,0.558237
0.652889,-0.236235,-2.164643
-0.148060,-0.626457,0.973258
-0.012575,-0.415659,0.035327
-0.068107,-0.406060,-0.866117
-0.005704,-0.418983,0.659170
1.487848,-0.536727,0.520187
0.411484,-0.477363,0.583504
0.060533,-0.434737,-0.789509
0.167007,-0.448490,-0.176317
0.148779,-0.444861,-0.586832
0.191494,-0.448548,-0.779564
0.292526,-0.461737,-0.164244
-0.942719,-0.316041,-0.401622
-1.938936,0.282170,1.567617
-0.164923,-0.904002,-0.363194
-0.932696,0.173977,-1.587263
-0.700022,0.149247,-1.523266
-0.627635,0.139967,-1.123145
-0.755525,0.155782,-1.690926
-0.455667,0.110757,1.545094
-0.586415,0.128176,0.664807
-0.650335,0.143165,-1.317578
-0.635927,0.142158,-1.439381
-0.526616,0.122364,0.550878
-0.772335,0.156888,-1.532408
-0.542738,0.120979,1.289306
-0.966052,0.174762,-0.934491
-0.689490,0.143203,-0.339748
-0.645804,0.137674,-0.115376
-0.691809,0.143855,-0.437617
-0.489960,0.116131,1.121169
-1.700728,-0.332336,-0.848976
-1.349297,-0.386753,-0.911035
-1.446888,-0.376231,-0.778497
-2.016518,-0.286579,-0.714775
-0.507965,4.447401,0.361357
2.416108,-0.158925,0.121234
0.443559,4.233411,0.402111
0.984383,-0.535528,0.087143
0.979276,-0.534193,-0.104080
0.946284,-0.529634,-0.365565
-2.357480,0.318473,-0.315056
-2.287684,0.309444,0.090408
-2.204769,0.302238,-0.272072
2.083296,-0.211475,-1.441234
0.385372,-0.909364,0.277637
-1.025712,0.151202,-0.612463
-0.814214,0.123447,0.710494
-0.916299,0.137595,-0.108148
-0.977042,0.141195,0.559898
-0.815235,0.132119,-1.342805
-0.977055,0.141627,0.456646
-1.002212,0.153381,-1.727162
-0.813046,0.127645,-0.325478
-0.924239,0.144360,-1.529994
-0.776385,0.122078,0.085089
-0.941090,0.142695,-0.706023
-0.879770,0.128543,1.141196
-2.047303,-0.110449,1.396067
-1.385954,-0.345583,-1.444415
1.309132,-0.553499,-0.234158
1.715969,-0.138423,-0.285580
1.736669,-0.142045,0.060953
1.708693,-0.132468,-1.529671
1.775752,-0.145422,-0.114504
1.534811,-0.114979,-1.339670
1.570811,-0.121093,-0.781243
1.718653,-0.138140,-0.420900
1.873616,-0.159820,0.870435
2.380435,-0.418162,-1.118857
-2.451800,0.326309,0.183824
-2.332359,0.283700,0.558140
-2.307540,0.282084,0.320063
1.587492,-0.546498,0.329414
-0.048977,-0.415655,0.952105
0.059562,-0.427294,1.006501
-1.861691,-0.333345,-0.084073
-1.707218,-0.361022,-0.009287
-2.254710,-0.267493,0.236574
-1.996056,-0.310667,0.012743
1.468583,-0.687801,0.754172
1.740527,-0.702290,0.712067
1.339104,-0.681185,0.762100
1.782520,-0.698917,0.883283
1.092930,-0.739600,0.329922
-0.234588,-0.520416,-1.105736
0.534522,-0.587631,1.497919
0.753063,-0.603355,1.493654
0.037919,-0.530118,1.723495
-0.042607,3.438104,0.352758
0.827307,-0.604234,-0.861015
0.289925,4.282970,0.068996
-0.809391,0.152661,0.415040
-0.892551,0.158632,1.079816
-0.967278,0.171302,-0.074168
-0.497147,0.112968,2.060544
-0.633867,0.127453,2.034260
-0.627870,0.129722,1.338961
-0.609667,0.128639,1.139722
-0.901041,0.157835,1.484819
-0.892540,0.164505,-0.328403
-1.064139,0.186425,-1.258328
-0.614558,0.127134,1.623992
-0.800382,0.151270,0.521550
-0.846462,0.152654,1.351121
-0.749362,0.143533,1.090323
2.416685,-0.211405,-0.451274
-1.490870,-0.086628,1.889582
-0.449420,-0.497704,1.336118
-0.437520,-0.494301,1.434533
-0.907402,-0.339164,0.695938
-1.009197,-0.324399,-0.277935
-1.003170,-0.325349,-0.202115
-0.826931,-0.346351,0.390409
0.041558,0.348304,0.015471
-2.594269,0.062899,0.424442
0.302720,-0.737807,-0.888397
1.410114,-0.108046,0.141342
1.369942,-0.105616,0.571407
1.268878,-0.094284,0.402143
1.392120,-0.111409,1.401286
1.390060,-0.110104,1.140223
1.453051,-0.117776,1.391866
1.312530,-0.091248,-1.426135
1.134683,-0.085365,1.646433
1.336874,-0.097555,-0.527656
1.498288,-0.122985,1.500359
1.360492,-0.100287,-0.468075
1.264066,-0.095430,0.798067
0.074558,-0.516734,1.884306
-2.231166,0.304473,-0.142585
-2.165505,0.295920,0.252806
-2.299308,0.312983,-0.465165
-2.202830,0.302697,-0.431115
-0.495153,-0.820002,-0.208665
-0.511428,-0.803919,-0.249958
-0.807908,-0.490232,-0.720803
-1.325798,-0.288364,1.816941
0.024201,0.785134,0.064056
1.268777,-0.549020,-0.290892
1.057512,-0.525248,-0.664759
1.035743,-0.525879,0.035211
0.254083,-0.015403,-2.144695
0.303729,-0.566487,-1.439785
1.079953,-0.653407,0.374649
-1.152363,-0.338184,-0.454708
-0.006293,-0.799952,-0.685643
0.161291,0.049085,-0.673575
-0.038128,-0.102853,-0.917020
0.051334,-0.125239,-0.949231
0.079420,-0.141026,-0.972960
-0.049361,-0.035544,-0.812222
-0.340911,-0.429797,1.054830
0.965958,-0.630501,1.247690
0.886747,-0.624335,1.267224
-1.190844,-0.495139,-0.104546
1.169850,-0.653194,-1.248374
1.793831,-0.684202,-1.368626
1.880233,-0.696365,-1.215928
1.312616,-0.661700,-1.246708
-1.205819,-0.290990,0.224489
-0.419837,0.095217,2.090829
-1.366973,-0.363108,1.649872
-0.330260,-0.533563,1.118542
-0.835326,-0.457678,1.229266
-1.008389,-0.423937,1.426838
2.222550,-0.172806,-1.017157
-0.423953,-0.506675,-1.144700
2.562418,-0.279771,-0.483909
-0.302474,4.425937,0.327351
-0.316453,-0.432249,1.026120
-1.227496,-0.304022,0.339258
-1.170285,-0.204946,0.925295
-0.933570,-0.026921,0.696164
-1.011419,-0.108192,0.828390
-0.790784,0.036872,0.667105
-0.260057,0.420337,0.192833
-1.883822,-0.303293,-0.833155
-1.750473,-0.325315,-0.822972
-1.050614,-0.435773,-0.893982
-1.478107,-0.368009,-0.856928
-0.369180,-0.490132,-1.482671
-0.128912,-0.528686,-1.418291
-0.165143,3.268552,0.399387
-0.792861,-0.668973,0.381018
-0.572732,-0.763042,0.320199
-0.598595,0.099970,0.903753
-0.648452,0.112878,-0.934054
-0.847153,0.136401,-1.564912
-0.625330,0.104107,0.585827
-0.672855,0.116598,-1.210661
-0.696123,0.118721,-1.133293
-0.736229,0.117907,0.072961
-0.589072,0.101045,0.406058
-0.521101,0.094608,0.236059
-0.710930,0.118812,-0.781811
-1.095485,0.162501,-1.562706
-0.599793,0.105302,-0.344348
-0.868416,0.137478,-1.287084
-0.101484,4.203732,0.548906
-2.300078,-0.245529,-0.199540
1.226395,-0.558224,-0.572017
-0.181500,4.300180,0.150366
-0.437215,-0.381641,-0.972480
-0.257928,-0.408982,1.063159
-0.318089,-0.401924,0.887603
-0.364471,-0.392115,-0.294903
-0.348849,-0.396245,0.301456
-0.300229,-0.402232,0.511191
-0.129316,-0.421232,0.758187
-1.026782,-0.308906,0.006936
-2.440511,0.303346,-0.037866
-0.101311,0.776708,0.130749
1.682810,-0.516806,1.389501
-0.437859,-0.234621,2.132133
-1.130610,-0.299643,0.403356
1.220074,-0.678281,-0.901530
-0.017921,-0.870156,0.414825
2.495300,-0.577210,0.074210
-1.542702,-0.380347,-0.412174
-1.502850,-0.384877,-0.460789
-1.823906,-0.327996,-0.519107
-0.649224,-0.768489,-0.023574
-0.839158,-0.681919,0.011483
2.497910,-0.584174,-0.490223
-0.089394,1.013485,0.177425
-0.215353,0.223075,-0.433438
-0.131586,0.126434,-0.581702
-0.190980,0.251347,-0.388600
-0.280672,-0.177953,-1.061692
0.432149,-0.035618,2.094509
-1.019208,-0.395831,1.813211
0.821419,-0.476196,1.852659
-1.015430,-0.601287,-0.045100
-0.791463,-0.686629,-0.213448
-1.014739,-0.586736,-0.190277
0.029660,-1.036071,-0.166799
2.604260,-0.470837,-0.138470
1.658456,-0.717847,0.092490
2.402467,-0.183120,-0.043995
-0.445536,4.438665,0.881909
-2.399942,0.291349,0.428090
1.259021,-0.655374,1.189485
1.414075,-0.667308,1.118052
1.438765,-0.666754,1.165162
2.134153,-0.228428,-1.390983
2.183590,-0.168549,-1.077287
-0.178038,0.065074,-1.330890
-0.303594,0.064093,2.069175
-0.318530,0.065962,1.997428
-0.050013,0.044526,0.368133
-0.148801,0.057026,-0.138531
-0.058231,0.046050,0.209892
-0.019195,0.042912,-0.021560
-0.118004,0.059060,-1.402284
-0.021923,0.034987,1.947104
-0.140529,0.061966,-1.531210
-0.070356,0.049252,-0.252046
0.092111,0.024202,1.658205
-0.244723,0.059025,1.800177
-2.153662,-0.245621,1.053838
-0.231197,-0.091443,-2.146623
-0.426911,0.083100,0.620788
-0.166741,0.066549,-1.969329
-0.371168,0.082535,-0.649011
-0.368554,0.081384,-0.438946
-0.316006,0.082089,-1.932480
-0.479414,0.097064,-1.403727
-0.448196,0.084411,0.843009
-0.460909,0.097294,-1.925264
-0.260671,0.074455,-1.497135
-0.497511,0.094341,-0.294745
-0.335013,0.079279,-0.779639
-0.385581,0.076105,1.255987
-0.574855,0.108581,-1.758923
-0.390696,0.082649,-0.183964
-0.104454,4.270623,0.307290
-2.292745,0.308091,0.542131
-2.279092,0.307469,0.347166
0.346406,4.246128,0.149131
1.409086,-0.678827,0.904704
1.117849,-0.236994,-2.059223
-0.122713,4.167205,0.387552
1.833439,-0.495150,-1.614704
-2.476005,0.357599,0.122633
-0.772759,-0.710063,0.119686
1.503000,-0.329762,1.669818
-1.104856,-0.387145,1.781271
0.739678,-0.676536,-0.919480
-0.666687,4.349433,0.572127
1.736702,-0.116060,0.660584
1.521598,-0.094098,0.817475
1.696234,-0.111050,0.479601
1.808326,-0.123920,0.739486
1.844611,-0.129659,1.200870
1.844337,-0.128179,0.853031
1.674416,-0.106988,0.055660
1.653634,-0.109196,1.108764
1.663178,-0.107956,0.571077
1.405589,-0.075575,-0.699130
2.231528,-0.257843,0.908364
-2.201717,0.046699,1.395018
0.555511,-0.014347,-0.780591
0.632398,-0.019650,-1.447423
0.712936,-0.032616,-0.368878
0.585161,-0.013388,-1.757783
0.790996,-0.035615,-1.617585
0.582758,-0.022067,0.383291
0.507849,-0.012530,-0.014855
0.654223,-0.020748,-1.734307
0.492989,-0.007789,-0.776896
0.567660,-0.020107,0.294070
0.568933,-0.018306,-0.169724
0.742956,-0.034649,-0.638263
0.693429,-0.030046,-0.493441
0.817815,-0.038122,-1.692612
0.466362,4.320245,0.345466
2.485926,-0.598293,-0.510908
-0.183110,-0.708758,-0.810596
-0.302994,-0.664504,-0.852621
-2.262567,0.305716,-0.581329
1.531348,-0.554178,0.333367
0.418568,0.042931,-2.019033
1.456452,-0.449267,-1.854755
1.067919,-0.736744,-0.635069
-1.012149,0.202232,-1.739798
-0.327603,-0.204557,-2.087096
0.947101,-0.614950,-1.528400
-0.102784,4.391188,0.979345
1.664741,-0.137403,0.761336
1.695477,-0.142200,1.136528
1.495065,-0.114211,-0.522031
1.432218,-0.104600,-1.241849
1.586809,-0.124590,-0.346218
1.629394,-0.134148,0.871861
1.543171,-0.122446,0.239656
1.426569,-0.105503,-0.883070
1.676931,-0.138511,0.719493
1.708877,-0.142306,0.824050
-0.128244,4.405746,0.776117
1.129279,-0.581293,0.316449
-1.965666,0.249726,-0.539808
-2.090166,0.262600,-0.487971
-1.829411,0.228537,1.105558
-2.103939,0.263168,-0.276979
-1.993199,0.250031,0.081027
-1.886594,0.240063,-0.216258
-1.913182,0.239016,0.704762
2.362140,-0.176153,-0.697682
1.686040,-0.719125,0.072262
2.379147,-0.207875,-0.351470
-0.905297,0.200402,-1.782851
0.289460,-0.276693,-2.146809
0.169801,-0.499000,0.977895
-0.685144,-0.355852,-0.905658
-0.434116,-0.382513,-0.841365
-0.518080,-0.377421,0.054159
-0.496882,-0.376262,-0.757893
-0.618619,-0.365456,-0.280053
-0.627448,-0.362133,-0.854195
-0.175313,0.056409,0.677663
-0.164495,0.049419,2.080772
-0.574655,0.106447,-1.252444
-0.322307,0.069231,1.308974
-0.253054,0.059086,1.995606
-0.289190,0.069721,0.356704
-0.289677,0.064279,1.673760
-0.332491,0.067310,2.026228
-0.405444,0.082424,0.241631
-0.367008,0.078958,0.103750
-0.188988,0.053285,1.771375
-0.430697,0.086625,-0.129055
-0.223529,0.058471,1.398797
-0.290598,0.071420,-0.015040
-0.333536,0.069214,1.596014
-0.348817,0.073984,0.837778
-2.355072,0.057303,-0.729109
-0.549142,0.132334,-1.271736
-0.177197,0.079856,1.934014
-0.298295,0.095213,1.304800
-0.345963,0.105323,0.082553
-0.405830,0.104437,1.803951
-0.201126,0.085625,1.154120
-0.397746,0.111633,-0.124888
-0.414210,0.113982,-0.273052
-0.400251,0.109202,0.521053
-0.246528,0.093690,0.364971
0.007706,0.059964,2.042157
-0.288824,0.091973,1.842773
0.049059,0.056822,1.753225
-0.297239,0.096534,0.961548
-0.487191,0.122335,-0.436126
-0.384786,0.105442,1.032768
-0.257818,-0.385439,-1.027826
-0.171457,-0.397975,-0.199285
-0.204341,-0.391541,-0.913085
-0.119714,-0.400970,-0.785533
0.363431,-0.453824,-0.292658
0.328915,-0.453284,0.447823
0.307135,-0.448779,-0.083048
1.105532,-0.593107,-0.762793
0.393360,0.168808,0.377148
0.747733,-0.014075,0.228266
0.899786,-0.184926,0.451744
0.818434,-0.127384,0.437380
0.614134,0.088720,0.179071
-1.433630,-0.335888,-1.439346
-0.804287,-0.519954,0.806078
-0.589747,4.456256,0.299660
1.589032,-0.546840,0.394123
0.792700,-0.036074,-1.550330
0.874515,-0.049789,-0.324651
0.876769,-0.049564,-0.435390
0.811115,-0.042931,-0.370670
0.759391,-0.033884,-1.235833
0.815102,-0.042928,-0.471954
0.654235,-0.023117,-1.166570
0.691485,-0.025103,-1.629363
0.680704,-0.025028,-1.375577
0.971085,-0.063666,0.568141
0.519705,-0.007686,-1.474867
0.697444,-0.030209,-0.555442
0.849701,-0.044616,-0.939315
-2.617320,0.254471,0.264351
-0.843710,0.177862,2.068405
2.063491,-0.150871,0.769097
1.937555,-0.136736,0.554790
1.904704,-0.131908,0.225336
1.869045,-0.126693,-0.126083
1.987789,-0.140738,0.247887
2.136729,-0.157668,0.552395
0.899494,-0.542785,1.776690
0.377400,-0.566520,1.633161
-1.209655,-0.148585,1.979095
0.272205,4.249989,0.747046
-0.072119,1.564622,0.244809
-0.168101,-0.484656,-1.836067
-0.126124,0.366204,-0.049034
1.542847,-0.701720,-0.751414
1.838977,-0.711199,-0.847648
