-0.018065,-0.123805,0.166963
-0.400280,0.069874,-0.060131
0.053613,-0.053761,-0.293710
0.315488,-0.062175,0.355444
-0.755886,0.296298,0.005867
0.301259,-0.072143,-0.289449
0.725677,0.031369,0.077813
0.161546,-0.003975,0.091559
0.036142,-0.092749,-0.190600
0.099219,0.007279,0.291911
0.207046,0.096107,0.026419
0.090163,0.009557,-0.391166
0.139092,0.000447,-0.253784
-0.757333,0.025608,-0.007290
0.396304,-0.084174,-0.030254
0.039760,-0.021740,-0.145100
0.026925,-0.014532,-0.203515
0.170094,-0.071500,-0.333153
-0.447226,0.004734,0.082770
0.023307,-0.017828,0.174090
-0.790265,0.036460,0.073580
0.185609,-0.090981,0.264204
0.281216,-0.002474,0.310909
-0.737102,-0.008208,0.004259
0.163663,-0.060460,-0.334225
-0.219918,0.092838,-0.030415
0.223284,-0.048992,0.360830
-0.026747,-0.041864,-0.162357
-0.112869,0.057012,0.077492
0.218996,-0.021714,-0.217047
-0.081330,-0.038514,-0.088615
-0.185351,0.053770,-0.714215
0.672112,-0.016542,-0.083738
0.131160,0.076627,0.060664
0.749900,-0.066248,-0.008147
0.264817,-0.022544,0.116533
0.107580,-0.050224,-0.293710
-0.330906,-0.084255,-0.015918
-0.570138,0.037612,0.065702
0.351850,0.042703,0.084566
0.767505,0.042141,-0.058282
-0.044834,-0.006735,-0.332617
0.317792,-0.004779,-0.087302
0.358897,0.098948,-0.005307
0.369481,0.099457,-0.001422
-0.185566,0.073036,-0.061498
0.243488,-0.017051,0.134272
-0.474799,-0.060621,0.031430
0.288773,0.051332,-0.077334
0.327680,-0.036290,0.066291
0.453245,-0.080048,0.033064
-0.506418,-0.060380,-0.008094
0.216799,-0.116999,-0.321899
-0.475067,-0.061639,-0.025190
-0.579704,-0.024500,0.049785
0.486847,0.087854,0.045926
0.583686,0.092704,0.034485
0.295659,-0.077663,-0.272300
-0.750956,0.050823,-0.078915
0.120120,0.081075,0.055010
-0.112547,0.030217,-0.551833
-0.755484,0.000045,-0.011470
0.161225,-0.026483,-0.013748
-0.285299,0.078127,-0.883939
0.198149,0.080968,-0.051369
0.310343,-0.014425,0.318921
0.255358,-0.124234,-0.320157
0.251580,-0.020025,-0.264985
0.087644,0.008083,-0.323587
-0.740613,0.048974,-0.024252
-0.012706,0.015184,0.402229
-0.101722,0.039461,0.580742
0.252277,-0.120885,0.301102
0.210288,-0.032700,0.094132
0.122800,-0.024206,0.094132
-0.004855,0.029815,-0.540445
0.142575,-0.024795,0.295582
0.057740,-0.019972,0.124170
-0.021924,0.014568,-0.414960
-0.033848,0.018426,-0.441917
0.618414,-0.084389,-0.014900
0.140565,-0.021553,-0.053620
0.350590,-0.028707,-0.081112
0.309459,-0.025786,-0.311261
0.039626,-0.040471,0.313133
-0.014957,0.006074,-0.368631
0.016689,0.023223,0.435349
-0.006972,0.028287,0.475221
0.297294,-0.062925,0.313616
0.289764,-0.030342,0.317769
-0.701437,0.054413,-0.058738
0.164172,-0.049769,-0.296818
0.331512,-0.023670,-0.281035
0.669433,-0.032941,0.081672
-0.705885,0.285017,0.003991
0.200266,-0.097385,0.321279
0.191129,-0.006226,0.172188
-0.036608,0.036594,-0.565231
0.814773,-0.042882,-0.050458
0.619218,-0.047839,-0.070421
0.161037,-0.018418,-0.060935
0.353645,0.090829,0.038933
0.299410,-0.052261,0.290036
0.298097,-0.052850,0.311151
0.746069,-0.119223,-0.001797
0.500995,0.017676,0.091104
-0.092933,0.001760,-0.453278
-0.079535,-0.003198,-0.383449
0.663859,0.076841,-0.050860
-0.078785,0.060469,-0.071144
-0.301940,0.096215,-0.938013
-0.163834,0.047741,0.661156
0.471707,-0.065310,0.058199
0.185395,-0.088783,0.039067
0.297615,-0.086372,0.043113
0.304100,-0.086211,0.028000
0.037321,0.014193,0.489878
0.307824,-0.031601,-0.049842
0.310825,-0.035460,0.094453
0.603488,-0.030020,0.084217
-0.290980,0.043132,-0.080657
-0.097702,0.047446,-0.641250
-0.392723,-0.043793,0.070096
-0.640182,0.050903,-0.006325
0.277518,-0.011156,-0.304187
-0.333880,0.090025,-0.037087
-0.142773,0.087667,-0.042634
0.214682,-0.012871,-0.090786
0.058624,0.028689,0.089684
-0.034143,-0.044356,0.261980
-0.206413,-0.046124,0.075723
-0.726384,0.052162,0.029125
-0.126267,0.016872,-0.597145
0.283842,-0.035272,-0.087892
0.549066,-0.073001,-0.044643
-0.539966,-0.012683,0.065782
0.705848,-0.078387,0.030706
0.299330,-0.033611,-0.329509
0.269801,-0.023884,-0.293710
0.665547,-0.084067,-0.017231
0.506756,-0.002796,0.091318
0.051871,-0.009923,-0.358609
0.039117,-0.009575,-0.360753
0.157473,-0.026108,0.295582
-0.186637,-0.060380,-0.060748
0.169022,-0.027341,-0.327553
-0.097810,0.053797,-0.076155
-0.835791,0.381160,0.005947
-0.807977,0.075582,0.253968
0.485132,-0.001885,-0.087677
-0.264211,0.059826,-0.071627
0.123952,-0.021714,-0.063213
-0.029856,-0.027957,0.235185
-0.036233,-0.024125,0.258604
0.321329,-0.053815,-0.084971
-0.008553,-0.023562,0.262141
-0.001827,-0.029993,0.222617
0.015831,-0.025894,0.247859
-0.459204,-0.068579,-0.010532
-0.004292,-0.023643,-0.184410
0.016876,0.047634,0.082583
0.098550,0.075367,-0.058523
-0.391410,0.044445,-0.076611
-0.044995,-0.046232,0.099545
-0.019352,0.033030,0.511342
-0.679706,-0.021687,-0.010104
0.035767,0.023277,0.483608
0.234484,-0.124127,-0.318710
0.030622,-0.023241,-0.293710
-0.171685,-0.035915,-0.078192
-0.221552,-0.080477,0.032046
0.740549,-0.123082,0.006456
-0.097461,0.020168,-0.543339
-0.024255,0.010709,-0.485326
0.022878,0.000956,-0.425384
0.089466,-0.007003,-0.376562
0.034213,-0.003466,-0.398320
-0.056357,0.019123,-0.537015
0.056721,-0.005261,-0.387280
-0.007803,0.006208,-0.457592
-0.007669,0.012344,-0.495348
0.008060,0.004493,-0.447196
-0.789836,0.041471,0.021408
0.124997,-0.004939,-0.089151
-0.242346,-0.073724,-0.043705
0.186198,-0.101243,0.267420
0.169264,-0.033798,-0.274283
-0.116325,0.095437,0.028000
-0.109546,0.052296,-0.696155
0.601934,-0.066998,0.055975
0.277250,-0.017962,-0.329268
0.154472,-0.052984,0.094132
0.070146,0.004064,0.278433
-0.178518,-0.084040,0.021194
-0.310621,-0.084308,-0.015516
-0.280878,-0.084523,-0.013935
-0.022326,0.009557,-0.390389
0.032498,0.017033,-0.404108
-0.118121,0.049268,-0.657864
0.062724,0.012907,-0.370051
-0.704144,0.055994,0.074785
0.032150,-0.055128,-0.091107
0.290970,-0.116490,-0.271871
0.348607,0.008619,-0.088508
-0.130929,0.041953,0.084887
0.288210,-0.052904,0.081940
0.023495,-0.055851,-0.076503
0.215969,-0.027233,0.265062
0.010954,-0.138864,0.178136
-0.677535,0.059853,-0.029879
0.134804,-0.018069,0.065594
-0.744819,0.293324,-0.006165
-0.056517,-0.033638,-0.199764
0.650167,-0.041676,-0.074681
-0.627267,0.029868,0.037941
-0.606098,0.027751,0.025883
-0.130500,-0.004939,-0.456601
0.189896,-0.010138,-0.091107
0.388453,0.094902,0.029286
-0.652240,0.128771,-0.006513
0.487731,-0.084389,0.018729
-0.336318,0.002242,-0.088213
0.118968,-0.012898,-0.134731
0.307851,-0.105423,0.336660
-0.103624,-0.033155,-0.084328
0.128775,-0.004162,0.180253
-0.542565,0.100931,-0.005254
-0.159091,0.007226,0.092444
0.096326,-0.011451,-0.161312
-0.752081,0.036326,0.028536
-0.216300,0.097367,0.020631
0.205706,-0.094705,0.351210
0.114038,-0.057164,0.303567
-0.206413,0.053047,0.716088
0.307369,-0.116597,0.309302
-0.082804,0.041444,0.583476
0.034749,0.014997,0.377256
0.325456,-0.116302,0.293224
0.761021,0.019686,0.074571
-0.174258,0.025661,-0.603200
-0.072836,-0.007807,0.090675
0.300991,-0.079298,0.319270
0.293113,-0.063595,-0.323024
0.041903,-0.057754,-0.091107
-0.638842,0.134291,-0.006406
-0.782387,0.047419,-0.015088
-0.035429,-0.001027,0.340921
0.374787,0.068106,-0.065383
0.771551,0.066873,0.030706
-0.362203,-0.012683,-0.084328
0.059347,-0.022812,0.094132
-0.809370,0.071911,-0.269888
-0.484017,-0.006118,-0.073047
-0.324153,-0.051564,0.071623
-0.001265,-0.014398,0.318493
-0.038350,0.029359,-0.599342
0.287835,-0.041489,-0.324873
0.769220,-0.044945,0.062647
-0.069245,-0.088569,0.028429
-0.356120,0.090507,0.038182
0.097558,-0.064346,-0.295987
0.274946,-0.011317,0.330497
0.830689,-0.016676,0.057448
-0.516493,0.089971,-0.012890
0.015858,-0.091597,0.050535
-0.005552,-0.090847,0.036092
0.059535,0.006663,-0.321684
0.206483,-0.021285,-0.026958
0.272132,-0.052153,-0.091107
0.304394,-0.007967,0.301611
-0.629598,0.074724,-0.019053
-0.053731,-0.001751,-0.365656
-0.487956,0.055458,0.067497
0.308119,-0.042587,0.088933
0.452146,0.084558,-0.046787
-0.464911,-0.005529,-0.075539
-0.874859,0.075314,0.295582
0.179714,-0.006467,-0.202283
0.174730,-0.053842,-0.091107
0.206912,-0.026269,0.302013
-0.076212,-0.071527,0.085396
0.420929,-0.040685,0.079796
0.618092,0.050983,-0.076745
0.075639,0.006208,-0.310028
-0.402236,0.021347,0.085906
0.226955,-0.051269,-0.245370
0.768363,-0.090203,-0.026771
0.259083,-0.108317,0.345262
0.148416,-0.057941,-0.281893
0.277197,-0.123591,0.307721
0.016849,-0.022035,-0.168600
0.738646,-0.131817,0.002624
0.405093,0.040238,-0.081836
-0.168684,0.060603,-0.791762
-0.732225,0.049429,-0.003003
0.098550,0.093213,-0.029557
-0.642835,0.198815,0.004768
-0.497816,0.087345,0.004420
0.166986,-0.004162,-0.219244
-0.051855,-0.038273,0.171786
-0.050113,-0.032405,0.207746
0.184832,-0.038327,0.327684
-0.159547,0.028127,-0.590687
0.131964,-0.002796,-0.208955
0.064733,-0.055128,-0.080871
-0.469199,0.000822,0.079582
0.272722,-0.118607,0.328595
0.293783,-0.022089,0.074812
-0.138593,0.056208,-0.710062
-0.048800,-0.044410,0.277334
0.302626,-0.043070,-0.349900
-0.125007,0.088444,0.044533
0.613242,0.080459,0.054635
-0.115709,0.029198,0.540442
-0.264988,-0.057861,0.066881
0.222935,-0.018659,0.334222
-0.001988,-0.116383,0.151743
-0.191916,0.056289,0.752637
-0.047273,-0.046071,-0.267048
-0.753984,0.314439,-0.005923
0.298365,-0.048482,-0.285805
0.249302,0.078369,-0.054692
-0.697981,0.025393,0.012512
-0.810121,0.283195,0.004098
-0.818963,0.072661,0.239177
-0.622738,-0.022785,0.038075
0.261896,-0.022893,-0.030576
-0.066914,-0.005958,0.370316
-0.239077,0.013737,-0.087865
0.182661,-0.081870,-0.347114
0.200320,-0.060701,0.094132
0.020601,0.027082,0.484010
0.765067,0.075153,0.004259
-0.054695,-0.031896,-0.258956
-0.073372,0.016229,-0.458557
-0.530588,0.009075,0.072856
-0.250385,0.075260,0.062433
0.736342,0.062773,-0.049842
0.286870,-0.025385,-0.344059
0.115913,0.001090,-0.375651
0.099595,-0.028788,-0.039874
0.197828,-0.100949,-0.315763
0.177409,-0.036049,0.339849
-0.751143,0.102297,0.001981
-0.056866,-0.018498,0.275057
0.453915,-0.083880,-0.018812
-0.182993,-0.002715,-0.087570
-0.766363,0.029466,0.008546
-0.142853,0.027242,0.089871
0.661528,-0.062363,-0.057586
0.293837,-0.059522,-0.300060
-0.241649,0.034236,0.088022
0.169156,-0.084014,-0.261474
-0.751465,0.011996,0.028938
-0.017717,-0.043632,-0.279267
-0.450602,0.092142,-0.021492
0.027809,-0.136319,0.169562
-0.662021,0.180353,-0.006218
-0.360408,-0.076806,0.034002
0.156080,-0.043659,0.313133
0.263933,-0.018712,-0.337628
-0.745730,0.086273,-0.002413
-0.639807,0.030351,-0.034193
-0.660413,0.030511,-0.035131
-0.010080,-0.021365,-0.264475
0.387970,-0.032512,0.083333
0.228509,-0.105075,0.261337
-0.109627,0.051305,0.655342
0.628542,-0.069464,0.052652
0.286816,-0.003305,0.091238
-0.367026,-0.064265,-0.050458
0.020601,-0.018016,-0.188697
0.311629,-0.075519,-0.247728
0.250026,-0.117348,0.332882
-0.785201,0.249567,-0.005468
0.631008,0.038175,0.085343
-0.571799,0.091311,-0.006379
-0.033285,-0.045964,-0.094644
0.111653,0.007762,0.352389
-0.006222,-0.058049,-0.091107
0.062992,-0.055208,0.067792
0.106106,0.080137,-0.052441
0.030167,-0.046366,0.094132
-0.676571,0.057254,0.104957
0.291908,-0.079298,0.275941
0.513214,-0.085300,0.011896
0.297052,-0.074823,-0.336985
0.515786,0.004493,0.092256
0.702579,0.039354,-0.074708
-0.149070,0.044740,0.636638
-0.761433,0.172529,0.004232
-0.009678,-0.119893,-0.158204
0.741942,-0.088810,-0.001047
0.282717,-0.090686,-0.276909
0.248365,-0.014586,-0.281625
-0.757413,0.004841,0.021167
-0.469949,0.053315,0.003160
-0.041914,-0.041918,-0.091107
0.712467,-0.075305,0.036467
0.583070,-0.083799,-0.019241
-0.837345,0.023464,0.007448
0.220765,-0.019061,-0.311261
-0.689727,0.144876,-0.006406
-0.003113,-0.061961,-0.038963
0.211976,-0.065578,-0.016722
0.278751,-0.064747,-0.021867
0.207260,-0.062899,-0.033148
-0.046630,-0.064399,-0.023984
0.051416,-0.059415,-0.054584
0.068002,-0.060273,-0.049359
0.077435,-0.009012,-0.364236
-0.657063,0.064703,0.032180
-0.031035,-0.052636,0.037995
0.595155,-0.078333,-0.033362
0.637090,-0.056870,0.067229
0.257797,0.093481,-0.028914
0.219881,-0.072706,-0.248398
0.283467,-0.117053,0.287195
0.460533,0.003126,0.092069
0.189548,-0.022276,-0.322167
-0.094969,-0.080021,-0.071144
0.277626,-0.024473,0.023418
-0.035885,-0.041194,0.282425
0.007471,-0.112042,-0.153863
-0.326538,-0.081977,-0.024761
0.178990,-0.010057,-0.267503
0.218380,-0.033584,-0.259759
0.175962,-0.012389,0.286150
-0.080124,-0.087926,-0.022858
-0.594683,-0.026832,0.043059
0.293435,-0.096393,-0.317477
0.487704,0.094446,-0.026583
0.102381,-0.018632,0.086709
-0.191675,0.094875,0.029340
0.068860,-0.028841,0.094132
-0.791685,0.059987,-0.152201
-0.416974,-0.060246,-0.045715
0.721711,-0.010861,-0.079103
0.538857,0.025313,0.090113
-0.493100,-0.010620,0.073714
0.278885,0.016578,-0.087490
0.596468,0.067195,-0.065946
-0.627025,0.111274,-0.006459
0.087912,0.091552,0.037218
0.014545,0.002429,0.310829
-0.068522,0.042221,-0.601700
-0.169944,-0.078762,0.041237
0.395286,0.017060,0.091184
-0.166380,0.041444,-0.674048
0.582347,0.080673,0.055492
0.586125,0.073760,0.064308
0.190405,-0.029324,0.297431
-0.196847,0.099698,0.000320
-0.151589,0.098599,-0.007906
0.291961,-0.055235,0.272886
-0.056491,0.091472,0.037405
0.311335,-0.065471,-0.296791
-0.134225,0.021508,-0.608184
0.241183,-0.020802,-0.156757
0.400806,0.068213,-0.065330
-0.127499,0.034745,-0.583800
-0.852056,0.070732,-0.263216
-0.812907,0.045839,-0.122029
0.112644,-0.060541,-0.305098
-0.051507,-0.059522,0.029125
0.185930,-0.009200,-0.234411
0.057499,0.017435,0.390305
0.278751,0.036165,0.087219
0.411497,-0.027743,0.085262
-0.781824,0.066444,-0.175460
0.834307,-0.068526,0.004152
-0.114048,-0.081763,0.068944
0.309084,0.061085,0.074437
0.209189,-0.009682,0.169723
-0.170908,0.082763,0.052840
0.011678,0.028930,0.507617
0.047450,-0.113757,0.167740
0.282717,-0.054645,0.269162
0.196649,-0.018954,0.031483
-0.059465,-0.015551,-0.086820
-0.003274,-0.108076,-0.156676
0.052997,-0.047464,0.185130
0.817586,-0.026296,-0.057157
0.023682,-0.072036,0.161791
0.002219,0.030913,0.526320
0.809735,-0.066248,0.030492
-0.029480,-0.015122,0.313964
0.067118,0.026278,-0.086230
-0.833567,0.069955,0.236417
0.195523,-0.064989,0.250029
-0.790989,0.057655,0.148822
0.096513,0.087292,0.047052
-0.522951,0.091123,0.005143
0.350322,-0.023268,0.087085
-0.054561,-0.009629,-0.329696
0.046941,0.017355,0.388537
-0.686941,0.160364,0.005920
-0.719176,0.285017,0.004929
-0.521209,0.075957,-0.005602
0.020922,0.099376,0.005813
-0.699856,0.069204,-0.004691
0.000022,-0.132246,0.132155
-0.067343,0.014005,-0.443953
0.516108,-0.004966,0.091024
0.143138,-0.043391,-0.293710
0.042145,0.022044,0.433366
0.282717,-0.050197,0.286579
-0.589002,0.031422,0.043032
0.288371,-0.078199,0.247296
-0.308290,0.090427,0.039870
0.188556,-0.024447,0.331756
-0.490314,-0.048000,0.047695
0.138850,-0.007780,-0.163268
0.683393,-0.039372,0.078456
-0.643049,0.096054,-0.006379
0.738057,0.050287,0.064389
-0.430184,0.087988,-0.033282
0.665708,0.094848,-0.004450
0.163636,-0.030315,0.313133
0.297240,-0.033718,-0.289369
0.416052,-0.082004,0.028831
0.071968,0.001116,-0.426456
0.570637,-0.072063,-0.045849
-0.225009,-0.065712,0.057663
0.320472,-0.074421,-0.355581
-0.791364,0.252755,0.004500
-0.310059,0.063872,-0.068572
0.093137,0.080459,0.055760
0.163797,-0.025063,0.326317
-0.010777,-0.017480,0.216615
0.262647,-0.106442,0.266696
0.297535,-0.028037,0.033707
0.108491,-0.025867,-0.091107
-0.005204,0.033807,-0.084435
-0.811059,0.337081,0.005599
0.139949,-0.013139,0.101581
-0.141111,0.032628,-0.584015
-0.044031,0.029547,0.588299
-0.073774,0.033941,0.615309
-0.053999,0.029225,0.586316
-0.110859,0.043641,0.674849
0.086009,-0.001751,0.396173
-0.135618,0.043481,0.673938
-0.144407,0.044713,0.681575
-0.148132,0.054038,0.738810
0.268086,-0.078788,0.249574
0.034990,-0.053976,0.299494
-0.315471,0.070919,-0.063293
0.049031,-0.016113,-0.170958
0.310370,-0.023321,-0.336663
0.163288,-0.028895,0.281166
0.299946,-0.060648,-0.291003
-0.712102,0.055941,-0.073047
0.080704,-0.050439,0.313133
-0.163191,0.061460,0.736774
0.641217,0.096215,-0.011443
0.323768,0.094634,0.029929
0.160850,-0.040846,0.094132
0.795560,0.039488,0.053644
0.603756,-0.046955,0.075000
0.290863,-0.045508,0.274816
0.356539,-0.060541,0.080573
-0.218390,-0.085514,-0.006513
-0.840829,0.058754,0.200323
-0.055874,0.041096,0.574928
0.308012,-0.023402,0.295582
0.109080,-0.033048,0.094132
0.238557,-0.086050,-0.058872
0.484381,0.030565,-0.085694
0.266666,-0.073081,-0.358046
-0.008821,0.036996,0.086897
-0.735548,0.155272,-0.005548
-0.101963,0.010093,-0.456762
-0.055526,-0.047679,-0.126611
-0.050167,-0.040069,-0.173477
0.021619,0.013603,-0.386557
-0.110109,0.043748,-0.620537
0.156589,-0.066918,-0.344193
0.230653,-0.072759,0.362491
0.218621,-0.088060,0.027598
0.284994,-0.086640,0.013155
0.326474,-0.105450,-0.272085
0.167227,-0.110649,-0.295532
0.232796,-0.016194,-0.271335
0.328269,-0.067802,-0.253355
-0.630723,0.089623,0.005867
0.146755,-0.022196,-0.283152
0.057499,-0.033048,-0.216565
0.280091,-0.046607,-0.115679
0.173765,-0.014291,0.067417
0.050156,-0.003171,-0.255686
0.210985,-0.028948,-0.340093
0.537223,0.096992,0.023418
0.422644,0.098251,0.014200
0.095147,-0.050787,-0.107506
0.206322,-0.060648,-0.047001
0.015751,-0.042963,-0.155578
0.094343,-0.055583,-0.078084
-0.004158,-0.049929,-0.112919
0.110527,-0.051457,-0.103460
0.044342,-0.048750,-0.120154
0.214495,-0.009039,0.288883
-0.339373,0.042569,-0.080871
0.330976,-0.106415,0.273904
0.519591,-0.038327,-0.077227
0.303430,-0.080128,0.073633
0.265273,-0.081790,0.071918
-0.229377,0.076841,0.870190
-0.135538,0.018560,0.590094
-0.700338,0.027001,0.021623
-0.003221,0.010522,0.372700
-0.133796,0.047446,0.641194
0.645343,-0.009120,-0.085775
0.025531,-0.057566,0.094132
0.502388,-0.051859,0.071409
-0.067316,0.040372,-0.585837
0.306217,-0.121742,-0.289637
0.131508,-0.024634,-0.091107
0.163636,-0.029511,-0.091107
-0.046362,0.038872,-0.601003
0.780769,0.040479,-0.054879
0.210877,0.051546,0.080975
-0.214505,0.054065,0.738891
0.192897,-0.011290,0.078188
-0.032401,0.012773,-0.412790
-0.752644,0.174753,-0.005334
0.162270,-0.028278,-0.245906
0.027085,-0.043123,-0.311261
-0.318982,-0.072867,0.048552
0.143727,-0.044543,0.313133
-0.005847,0.032548,0.521176
0.503889,0.043025,0.084459
0.635643,0.087559,0.042577
0.813755,-0.071902,-0.006834
-0.655054,0.048598,-0.042634
-0.099685,-0.000786,-0.414746
-0.153572,0.023571,-0.564400
-0.125329,0.012799,-0.498161
-0.000220,-0.135783,0.179959
0.241317,-0.050385,0.362438
-0.787451,0.278184,-0.005950
0.373286,-0.080316,0.069453
0.806841,0.015693,-0.058765
0.457130,0.048518,-0.078459
-0.282834,0.075689,-0.871908
0.246891,-0.083076,0.070096
0.298955,-0.105986,-0.296684
0.766273,0.057039,0.048927
0.880315,-0.016622,0.029152
0.307208,-0.116008,0.294510
-0.639057,0.045946,0.002089
-0.561135,0.043668,-0.061069
-0.383104,-0.067266,-0.043437
-0.025274,-0.047357,-0.260081
-0.839274,0.069714,0.263856
-0.743748,0.035871,0.071945
-0.790962,0.044820,0.122669
-0.000273,-0.120670,-0.180176
-0.185968,-0.025974,-0.082238
-0.519199,0.013389,-0.071117
0.024540,0.094607,-0.026235
0.249731,-0.012576,0.076045
0.344374,-0.056977,-0.079987
0.176686,-0.080128,0.346842
0.469054,-0.074046,0.047025
-0.180448,0.051600,0.723805
0.244479,-0.075895,-0.243334
0.188851,-0.046955,0.118382
0.163208,-0.037630,0.175671
0.280493,-0.056468,0.060021
0.195872,-0.034040,0.197778
0.187645,-0.031762,0.211685
0.202142,-0.037443,0.176797
0.101229,-0.038675,0.169240
0.067681,-0.032700,0.206058
0.160689,-0.031038,0.216213
0.275321,-0.058209,0.049303
0.221033,-0.049903,0.100375
0.188503,-0.043150,0.141748
0.152543,-0.047196,0.116989
0.096835,-0.031708,0.212006
0.031882,-0.035567,0.188319
0.214522,-0.036478,0.182745
0.292122,-0.094598,0.272457
-0.743131,0.104816,-0.004101
0.296784,-0.097224,-0.334761
-0.043977,-0.079217,0.079662
0.237003,-0.106844,-0.346497
-0.396796,-0.078306,0.007528
-0.063484,-0.021070,-0.290092
-0.050863,-0.029350,-0.239207
0.239468,-0.114346,-0.272300
0.074407,-0.005288,0.206915
0.675328,0.053797,-0.071117
0.315032,-0.098081,0.342903
0.282368,-0.041596,-0.351535
0.403780,-0.033530,0.082904
0.266639,-0.101511,-0.350892
0.219827,-0.042159,-0.091107
0.344025,-0.040444,0.079984
-0.205394,0.061621,0.074035
0.069557,-0.003278,-0.239984
0.772972,-0.058049,-0.003029
0.300563,-0.032780,-0.019107
-0.135056,0.059344,0.720991
-0.164129,0.057307,-0.723728
-0.461883,0.020061,-0.077361
0.433148,0.000956,-0.088052
0.183840,0.041873,0.084914
0.235154,-0.122680,-0.304803
0.290086,-0.078119,0.305979
-0.042369,-0.054806,0.042952
-0.686967,0.059612,-0.095314
0.138341,-0.077904,0.310775
0.223364,-0.064212,-0.243923
0.014304,0.036219,0.087192
0.263745,0.015157,-0.087677
0.711314,0.072607,-0.045929
-0.334630,-0.066864,-0.052441
0.232769,-0.034334,0.257398
0.270819,-0.033236,-0.138214
-0.059947,0.081638,0.054287
0.444215,-0.051564,0.071623
0.006185,0.028555,0.477927
0.072477,0.004868,0.434331
0.274330,-0.032914,0.258256
-0.322117,-0.014398,-0.086069
0.070602,-0.064265,-0.301346
0.018430,-0.082111,0.125456
-0.692353,0.055297,-0.137892
-0.367589,-0.055985,0.064442
0.093512,-0.028439,0.232210
0.136680,-0.025947,0.247430
0.288558,-0.030824,0.256702
-0.568798,0.007601,0.067068
0.188932,-0.104218,-0.271121
-0.093549,0.007413,0.478865
0.289898,-0.061532,0.280871
-0.049068,-0.085246,0.069480
0.189682,-0.023214,-0.258500
0.310236,-0.054110,0.358767
0.198551,-0.025733,0.240571
-0.827350,0.040774,0.001285
0.023682,0.036219,-0.083470
-0.614217,0.031530,-0.040865
0.276125,-0.091972,-0.355903
0.745720,-0.085943,0.030840
0.297856,-0.087149,-0.288538
0.293381,-0.035862,-0.253436
0.338773,-0.022169,0.087513
-0.463759,-0.037014,0.064469
-0.324930,0.099805,0.001151
-0.090896,0.097876,-0.013131
-0.007186,-0.127664,0.164176
-0.176482,0.064408,-0.813225
-0.013564,-0.144733,-0.134677
-0.265980,0.022741,-0.086686
0.888890,-0.004136,0.002196
0.252893,-0.016220,0.295582
-0.671828,0.033030,-0.049306
-0.646988,0.037639,0.052250
0.000665,-0.145939,0.132155
-0.492618,-0.022223,-0.065330
0.186949,-0.115043,-0.305312
0.222775,0.018507,0.090997
0.287995,-0.028654,-0.296711
0.370232,-0.079405,-0.067339
0.651882,0.039515,0.083762
0.200347,-0.101083,0.309194
0.071298,0.014595,0.440494
-0.245668,0.099350,0.006027
0.199677,0.006610,0.092524
-0.193551,-0.083478,0.024945
0.167709,0.076037,0.061414
-0.544575,0.015023,-0.068090
0.067708,-0.030101,0.048579
-0.769445,0.070223,0.200323
-0.159735,0.040399,-0.667698
0.706009,-0.060969,-0.055228
0.103534,-0.090525,-0.042875
0.230009,-0.087819,-0.048180
0.299678,-0.086318,-0.044322
0.245283,-0.008718,-0.293710
-0.756851,0.062238,-0.136311
0.129499,0.000366,-0.241485
-0.819955,0.058057,-0.170556
-0.645166,0.075609,-0.011497
-0.084814,0.088846,0.043622
0.143138,-0.001161,0.201074
0.686662,-0.019650,0.086040
0.330065,-0.115713,0.312651
-0.625418,0.049670,-0.023314
-0.014475,-0.136855,-0.187759
-0.235700,0.058245,-0.072832
-0.230743,0.072688,0.829996
0.203776,-0.018123,0.243545
-0.830137,0.032869,0.009163
-0.104642,0.018373,-0.492882
-0.263756,-0.036424,0.081752
0.405146,-0.080155,0.060771
0.281940,-0.034924,0.252843
0.013580,-0.000920,-0.303463
-0.129241,-0.006520,0.090836
-0.481042,-0.002233,0.077679
-0.471664,0.092892,-0.012194
-0.294142,0.094044,0.928819
0.161627,-0.078949,0.277951
-0.050381,0.034531,0.618766
-0.508615,-0.031976,-0.055844
-0.044995,-0.003868,-0.087436
0.089814,-0.023991,0.064094
0.159269,-0.005341,-0.180257
0.318864,-0.066918,-0.084274
-0.371876,-0.066757,0.050080
-0.782226,0.057414,-0.187732
-0.013510,-0.038434,0.170687
0.009775,-0.040283,-0.066187
-0.237281,0.075207,-0.871479
0.748480,-0.096795,0.029125
0.754509,-0.116624,-0.015784
0.025022,-0.036237,0.148876
-0.041110,-0.035111,-0.203810
-0.045772,-0.030985,-0.229212
-0.000997,-0.037737,-0.096761
0.072290,-0.001108,-0.087784
0.000692,-0.081924,-0.195155
0.293328,-0.024313,0.304800
0.261789,-0.006092,-0.087141
-0.443394,-0.024875,-0.071466
-0.609957,-0.012898,0.050455
0.170523,-0.043766,0.094132
-0.082965,0.073277,0.064951
0.168540,0.046696,0.082958
-0.000300,-0.014961,-0.327660
-0.335273,0.095571,-0.936459
0.781600,0.007681,-0.068170
-0.267266,0.070169,-0.846184
0.787602,0.067088,-0.004235
-0.395001,-0.077181,-0.013882
0.185180,-0.005100,0.196867
0.646656,-0.019489,0.087835
0.068967,-0.061907,0.312276
-0.286880,0.078449,0.876541
-0.420966,-0.026992,0.076795
0.662787,0.022553,-0.084542
0.804189,0.060898,0.005545
-0.133421,0.020275,-0.544035
-0.182725,0.032655,-0.620055
-0.179885,0.038443,-0.655720
-0.153196,0.032146,-0.616920
0.007953,-0.130022,-0.188027
0.174944,-0.007887,-0.153434
0.760110,-0.074394,0.026821
-0.396394,0.063122,0.069212
0.123389,-0.077743,0.082154
0.843498,-0.002501,-0.046197
-0.442349,0.094500,-0.012381
-0.101454,-0.017158,0.089469
-0.061099,-0.039774,-0.172861
-0.739434,0.042569,-0.042526
0.136841,0.005618,0.092390
0.052863,-0.028252,-0.087490
-0.769284,0.295521,0.005920
-0.131117,0.069044,0.068462
0.202437,-0.080155,0.077599
0.245283,-0.030208,0.255255
-0.307459,0.051894,-0.077093
-0.652589,0.017783,-0.048797
-0.608027,0.031101,-0.056353
-0.727724,0.060121,-0.106327
-0.091861,0.048491,-0.660624
-0.655536,0.054360,-0.071198
0.030328,0.076600,-0.056969
0.098067,0.086247,-0.044643
-0.039716,0.039649,0.596123
-0.057187,-0.004216,-0.458316
-0.020343,-0.012925,-0.267182
-0.742783,0.147528,0.004581
0.205223,-0.017989,0.280523
-0.268793,-0.073670,0.047534
-0.035938,-0.089105,0.056645
0.314952,-0.114668,-0.283983
-0.030016,0.021562,0.090595
-0.307995,0.033807,0.088183
0.329181,0.092865,-0.030361
-0.665933,0.056503,-0.076289
0.240567,-0.042989,0.248636
-0.503872,0.088229,-0.021653
-0.259977,0.085469,0.892966
-0.775501,0.052028,-0.105872
0.309244,-0.060353,-0.086981
-0.013403,-0.050331,0.097615
0.236708,-0.014773,0.124411
0.112376,-0.008369,-0.173102
-0.681126,0.200477,0.005786
0.033088,-0.041167,0.295582
-0.758057,0.030136,0.039415
-0.662557,0.226013,0.004527
0.249222,0.089194,0.042818
0.034937,-0.090471,-0.161365
-0.067852,0.098867,0.009538
-0.279163,0.099350,0.006054
0.282717,-0.098296,0.322083
-0.125007,0.021642,0.515736
0.551076,-0.023911,0.086817
0.356351,0.096724,-0.021251
-0.151374,-0.002421,0.091345
0.309405,-0.122814,-0.301427
-0.816364,0.072929,0.282104
0.294802,-0.056736,0.335079
-0.623488,0.079950,0.005384
-0.178277,-0.082567,-0.023341
-0.777055,0.033030,-0.037864
-0.161182,0.065292,0.770537
0.568574,0.082870,-0.048957
-0.271339,0.047018,-0.079076
-0.352985,-0.031092,-0.078754
0.792532,0.019204,-0.062355
0.107848,0.030270,0.089469
-0.698516,0.079494,0.004795
0.271409,-0.122305,-0.323721
0.318221,-0.017024,0.277066
0.195738,-0.115472,-0.288404
0.174917,-0.025786,-0.276266
0.132607,0.098090,0.015433
-0.402075,0.096670,0.010261
0.022021,-0.043338,0.184675
0.301286,-0.012523,-0.303436
-0.818106,0.076091,0.260694
0.086358,-0.005502,0.196170
0.302144,-0.060460,-0.320613
0.322133,-0.037657,-0.044215
-0.341892,0.024268,0.090113
-0.288756,-0.044302,-0.073342
0.037134,-0.061264,0.155494
0.747435,0.067811,-0.038963
0.247909,-0.020159,-0.123905
-0.760415,0.325131,-0.005816
-0.207860,0.050823,-0.716037
0.502495,-0.028064,0.085128
-0.703179,0.043481,0.019800
0.279474,-0.033986,-0.346846
-0.142023,-0.014211,0.089845
-0.536322,0.073063,0.005331
0.130758,-0.027528,-0.311261
0.291800,-0.009387,-0.308983
0.818658,-0.064855,0.029715
0.257207,-0.022785,0.144079
-0.049845,-0.034522,0.282345
0.739745,0.005940,-0.076852
0.281591,-0.021124,0.344243
-0.111181,0.088149,-0.041508
0.142763,-0.042561,0.299092
0.287969,-0.095750,0.313750
0.719782,-0.082995,0.000427
0.045976,-0.033691,-0.061873
-0.022594,-0.028359,-0.245317
0.220283,0.084746,-0.046546
0.264254,0.084290,-0.047135
0.308333,-0.056119,-0.074735
0.498851,-0.053038,-0.066777
-0.297036,0.085952,-0.909958
-0.014823,0.004091,-0.358663
0.000504,-0.091061,0.028107
-0.177205,-0.058584,0.066345
0.185850,-0.015577,-0.067178
-0.084197,-0.007110,-0.375812
-0.070880,-0.003626,-0.397248
-0.112011,0.023678,-0.565017
-0.332353,0.098171,-0.010988
-0.124364,0.097286,-0.017660
-0.309148,0.013764,0.091613
0.688565,-0.073778,-0.041589
-0.108501,0.054440,0.702449
-0.415473,-0.049072,-0.059193
0.255707,-0.068713,-0.242208
0.171407,-0.005904,0.149706
0.026362,-0.083076,-0.074440
0.157152,-0.057995,0.279907
0.041823,-0.075600,-0.082720
0.185904,-0.013809,0.065380
0.045708,-0.027180,0.157370
-0.580669,-0.021955,-0.047698
-0.467591,0.065909,-0.058014
0.633366,0.078074,0.056537
-0.275492,0.083781,-0.903206
-0.060001,-0.039050,0.166909
-0.062573,-0.026001,0.247216
-0.602936,0.047339,-0.048502
-0.019861,-0.023964,0.259649
0.188422,-0.113382,0.304371
0.053399,-0.001322,0.251289
-0.056625,-0.010245,-0.356546
-0.043307,-0.010486,-0.355072
0.001763,-0.145563,-0.174522
0.180598,-0.057700,-0.348051
0.550728,0.055994,0.078242
-0.704492,0.107415,0.005143
0.697327,-0.064989,-0.051449
-0.026265,0.026170,-0.579995
0.222533,0.042275,0.084753
0.114493,0.096777,0.024865
-0.593960,0.044150,0.038879
0.024915,-0.040712,-0.044884
0.199302,-0.078172,-0.355822
-0.726330,0.062586,-0.121574
-0.724749,0.025849,0.015138
0.314282,-0.045696,-0.092420
0.231510,-0.038247,0.353273
0.234082,-0.022383,-0.335672
0.524361,0.034209,-0.084274
0.549013,-0.002528,0.091345
0.008945,0.010066,0.362625
0.045467,-0.035299,-0.202765
0.325134,-0.049554,-0.256142
-0.772741,0.031181,-0.020795
-0.647497,-0.030529,-0.002440
0.730366,-0.117937,-0.004396
0.796766,0.060549,0.022936
0.658554,0.091713,0.028188
0.703517,-0.052743,0.066505
0.193567,-0.088596,-0.026771
0.173310,-0.089024,-0.021786
0.167709,-0.089158,-0.035318
0.050344,0.097313,-0.017338
-0.478309,0.083808,-0.036471
0.056293,0.017060,-0.418069
0.469376,0.013094,-0.087945
-0.796482,0.293913,0.005170
-0.382193,-0.018016,0.084646
0.012321,-0.010191,0.344190
0.530309,-0.082272,-0.024064
0.682375,0.057066,0.071623
-0.087038,0.020517,-0.086981
-0.422708,0.082388,-0.043759
-0.627025,0.171511,-0.005468
0.038393,-0.119947,-0.185696
0.146085,-0.014291,0.080868
0.162431,-0.004859,-0.188242
0.719353,0.000795,0.084619
-0.791605,0.232176,-0.004664
-0.810469,0.251603,-0.001824
-0.633564,0.038175,-0.050619
-0.862640,0.075019,-0.287466
0.557802,-0.033745,0.082824
-0.446101,0.059612,-0.064874
0.238343,-0.077234,-0.076209
0.746738,-0.101672,-0.005950
-0.728528,0.036969,0.078188
-0.695355,0.037559,0.081457
-0.752563,0.053395,0.171384
-0.757226,0.057334,0.193571
-0.706073,0.042301,0.108360
-0.725205,0.049885,0.151448
0.394482,-0.060594,-0.063856
-0.717354,0.144715,0.005304
0.093539,-0.020963,-0.091107
0.230117,-0.035567,-0.252149
-0.068495,0.065882,0.070820
-0.645032,0.055807,0.043274
0.040805,-0.139481,0.186122
-0.302717,-0.032110,-0.079746
-0.334121,0.065855,-0.067098
0.803117,-0.040229,-0.055630
0.512276,0.064542,-0.068090
-0.134305,0.025447,-0.575842
0.671416,0.030860,-0.082184
0.082901,-0.020910,-0.106863
-0.071630,0.017730,0.455178
-0.265953,-0.086318,0.004339
0.779536,-0.043847,-0.057827
-0.215577,0.074483,0.837231
0.288371,0.075796,-0.057988
-0.605776,-0.005234,-0.051878
-0.522495,0.072768,0.049222
-0.680322,0.155835,-0.006513
0.176070,-0.103173,0.280362
0.080891,-0.007190,-0.091107
0.204821,-0.024956,-0.238403
-0.009464,-0.008101,-0.369756
-0.685708,0.050608,-0.005521
0.017546,-0.100520,-0.194163
-0.165951,0.017542,0.605904
0.754938,-0.077636,0.019077
0.133411,-0.001054,-0.225327
0.042064,0.079816,0.056591
-0.507516,0.037425,-0.069483
-0.376351,-0.076940,-0.024627
0.220926,0.037237,-0.083042
-0.656018,0.044820,0.103457
0.313934,-0.051269,0.085638
0.106669,0.099484,-0.001154
-0.133796,-0.084925,0.014656
0.005783,0.084746,0.050294
0.146246,0.097126,-0.018759
0.171032,0.097474,-0.016267
0.445715,-0.016971,0.089469
0.278403,-0.010593,-0.284063
0.305627,-0.074474,0.309194
-0.156599,-0.071956,-0.067554
0.190137,-0.078708,0.351264
-0.025622,-0.027662,0.177279
-0.058929,-0.088971,-0.026074
-0.754921,0.116499,-0.003003
-0.284254,0.045008,0.083655
0.570208,0.010307,-0.088294
-0.576408,0.010361,-0.062248
-0.022058,-0.135971,-0.172673
-0.704894,0.040024,0.004902
0.200507,0.061675,0.074008
0.282717,-0.022946,-0.316379
0.154874,-0.065578,0.323128
0.129740,-0.089962,0.008252
0.187860,-0.088730,0.005599
0.126953,-0.090016,0.031296
0.249678,-0.058450,-0.357939
-0.734155,0.063631,-0.182775
0.223364,-0.007512,-0.293710
0.214173,-0.024018,0.339313
0.201204,0.021294,0.090622
-0.776412,0.027725,0.025696
-0.748705,0.028528,0.030278
-0.763228,0.250129,-0.006218
0.018136,0.045651,-0.079638
0.237405,-0.032539,-0.258259
0.148872,0.084398,0.050750
-0.097649,0.005323,-0.433798
-0.820276,0.024857,0.003750
0.176070,-0.049152,0.261605
-0.211772,0.069151,-0.814297
-0.833835,0.069633,-0.256999
-0.695381,0.033405,-0.051476
0.178776,-0.088917,-0.029530
0.265889,-0.087042,-0.015838
-0.193310,0.020222,0.604885
0.017734,-0.043766,-0.035693
0.048468,-0.016220,0.157343
0.219425,-0.040685,0.255415
-0.615637,0.080325,0.010502
0.255412,-0.018337,0.041317
0.282717,-0.048697,-0.343121
-0.332004,0.011969,-0.088079
0.305332,-0.027421,-0.081300
0.032686,-0.105423,-0.154586
0.213878,0.099162,-0.003512
0.186708,0.098894,-0.005575
0.187163,-0.076430,-0.353303
-0.042530,0.024509,-0.570027
-0.062627,0.029306,-0.599556
-0.172677,0.054333,-0.753337
-0.145533,0.040908,-0.670833
-0.049979,0.029145,-0.598645
-0.016860,0.017917,-0.529539
-0.039100,0.026144,-0.580183
0.054176,0.002510,-0.434896
0.003773,-0.032164,0.112273
-0.245293,0.081798,-0.886190
0.136198,-0.031601,-0.225381
0.150373,-0.040390,-0.171441
0.219747,-0.042989,-0.155524
0.093110,-0.034549,-0.207267
0.188047,-0.052877,-0.094724
0.226285,-0.056575,-0.072055
0.092360,-0.041891,-0.162277
0.107687,-0.043766,-0.150728
0.118191,-0.034066,-0.210268
0.166155,-0.049822,-0.113482
0.037616,-0.037255,-0.190653
0.159671,-0.036022,-0.198210
0.277277,-0.061291,-0.043116
0.082954,-0.043874,-0.149951
0.181402,-0.040042,-0.173611
-0.173454,0.048357,0.670776
-0.203063,0.094714,-0.025993
0.269748,-0.020293,-0.088454
-0.041244,-0.025277,-0.091107
0.101336,0.007789,-0.343416
0.768497,0.068427,-0.025324
-0.679009,0.246833,-0.004852
0.035740,-0.000277,-0.287815
0.228857,-0.023696,-0.008710
-0.102472,-0.065176,-0.083845
0.102837,-0.059281,0.042738
0.247989,-0.061237,0.030653
-0.049149,-0.053413,0.078698
0.038393,-0.058611,0.046864
0.071513,-0.056843,0.057716
0.153079,-0.060353,0.036066
0.033624,-0.055610,0.065192
-0.301511,-0.076993,0.040272
-0.324287,-0.000652,-0.087838
0.523423,0.098948,0.009055
0.545931,0.099484,0.004929
0.062054,0.016229,0.380096
-0.211450,0.047580,0.696875
0.079257,-0.014907,0.315277
0.242068,-0.049581,-0.091107
-0.096979,0.029386,-0.595081
-0.551113,-0.023268,-0.054156
-0.746990,0.058459,-0.109971
-0.144327,0.051734,0.670508
0.421009,0.058433,0.076420
-0.228010,-0.004162,0.091131
0.298285,-0.028278,-0.259893
-0.476273,0.046723,-0.004289
-0.089851,0.018480,0.472890
0.326528,-0.041757,-0.348855
-0.059358,0.040185,0.085584
-0.666844,0.109880,-0.006406
0.640627,-0.070535,0.051205
-0.682519,-0.007431,-0.031487
0.156723,-0.080745,-0.322488
0.291961,-0.071098,-0.282589
-0.698677,0.129602,0.005572
0.326313,-0.037362,-0.072270
0.418973,0.019552,0.090863
-0.135350,0.031851,0.567666
0.400511,0.080861,0.055278
0.207099,-0.011853,-0.177898
0.066689,-0.009602,0.183683
0.694406,0.075689,0.050214
0.298526,-0.082727,0.341376
-0.771079,0.069687,-0.225300
-0.007347,0.067195,-0.066080
-0.285031,-0.045803,0.075964
0.726829,0.011138,0.082369
0.550513,-0.041301,0.079341
0.529827,-0.030020,-0.080603
0.519645,0.095196,0.028589
0.189548,-0.008262,-0.175996
-0.466331,0.050072,-0.068652
0.096031,0.006690,-0.309412
-0.218417,-0.054565,-0.065624
0.071593,0.020838,0.090702
0.290648,-0.047518,0.307453
0.282717,-0.054565,-0.258688
0.002942,-0.087953,0.187863
-0.630241,-0.032646,0.017282
-0.706930,0.028528,0.030304
-0.696158,0.030860,0.043488
-0.224366,0.066525,-0.828097
0.529639,0.020570,0.090729
0.177008,0.050957,0.081216
-0.067611,-0.011022,0.329747
-0.320027,-0.054967,-0.065330
0.356244,0.031181,-0.085507
0.287138,-0.055315,0.093569
0.872786,0.005136,-0.016642
-0.077900,0.027939,0.578518
0.206590,-0.059174,-0.091107
0.480121,-0.070535,0.051527
-0.729867,0.060094,0.018434
-0.177554,0.092383,-0.031513
-0.138995,0.043829,-0.080362
0.305038,-0.039854,0.354881
0.046780,0.020115,0.475944
0.069315,0.016685,0.398880
-0.556392,0.069848,0.005652
0.162967,0.050608,-0.077629
0.001978,0.030163,0.493576
-0.054159,-0.001536,0.462680
-0.688146,0.061809,0.028670
0.071030,-0.026322,-0.079317
-0.528899,0.089810,0.012057
0.045950,0.099162,-0.003699
0.160207,-0.003626,-0.265467
0.329984,0.082308,0.053402
0.189119,0.060549,0.074839
0.027032,-0.028412,-0.118626
0.099273,0.004198,-0.088454
0.103266,0.008619,0.309382
0.292122,-0.015202,0.326960
-0.711432,0.174592,-0.006379
0.303162,-0.115177,0.320234
0.358977,-0.085621,0.009431
0.260262,-0.107326,-0.341835
-0.238702,0.067838,0.823619
-0.228680,0.071938,0.848780
-0.015734,-0.049313,0.035181
-0.012090,0.099028,-0.004691
0.521413,-0.036210,0.081833
0.121755,-0.045428,0.313133
0.134911,-0.053038,-0.311261
-0.134814,-0.082084,0.064496
0.291613,-0.077207,-0.074976
0.147130,-0.015899,-0.087784
-0.111904,0.022178,0.587817
0.295739,-0.106736,0.343439
0.316077,-0.070696,-0.301829
0.090377,0.008860,-0.335511
0.599228,0.089435,0.041532
0.049219,-0.024875,-0.115545
0.234726,-0.023723,0.342475
0.161359,-0.003573,0.175269
-0.185271,0.012237,0.091801
-0.816820,0.062398,0.222296
-0.790747,0.053556,0.172268
-0.797661,0.049563,0.149626
-0.747955,0.034343,0.063263
0.295900,-0.087685,0.352845
-0.601007,0.032896,0.061093
-0.043146,-0.043525,0.139524
0.262379,-0.088408,-0.354134
0.218621,-0.123189,-0.288699
-0.133957,-0.064104,-0.078165
-0.688682,0.052270,0.141480
0.300991,-0.056870,-0.249899
-0.653928,0.045731,0.006295
-0.790694,0.060925,0.162139
-0.097300,0.030619,-0.607622
0.613376,0.083487,-0.047001
0.650220,0.094848,0.018970
0.216880,-0.038059,-0.348078
0.200856,-0.079271,-0.337226
0.749231,-0.093071,-0.004182
0.041501,0.061353,0.074223
0.250642,-0.013675,-0.320961
-0.175571,0.066337,-0.799345
0.138314,0.000822,-0.291352
0.255144,-0.123457,0.314661
-0.475174,0.050099,-0.067714
0.266077,-0.046098,0.361125
-0.013617,0.031958,-0.537926
0.099514,0.091552,0.037218
0.382611,0.093749,-0.028271
-0.046442,0.098867,-0.005789
-0.031142,0.035067,0.599928
-0.750715,0.037344,0.007716
0.163368,0.025715,0.090059
-0.121095,0.013121,0.478624
0.561580,0.062961,0.073017
0.506809,0.009771,-0.088374
0.160716,-0.016649,-0.071493
-0.078651,-0.088006,0.029956
-0.282781,-0.055851,0.068408
0.197319,-0.016890,-0.294326
0.048629,-0.017587,-0.161741
0.192147,-0.077931,-0.268013
-0.387418,0.074671,-0.056085
0.170094,-0.090230,-0.288404
-0.115012,0.003099,-0.088320
0.008811,-0.028734,0.126421
-0.217721,0.060737,-0.769173
-0.859130,0.388422,0.002571
-0.674909,0.046910,-0.015007
0.010043,-0.115740,0.174680
0.674738,-0.084228,0.019961
0.847062,-0.061023,0.020899
-0.023693,-0.006735,0.295663
-0.147141,0.034933,0.621472
-0.161530,0.035656,0.625947
-0.091486,-0.002099,0.394030
-0.117263,0.010254,0.469835
-0.249822,0.076305,0.867939
0.639823,-0.080798,-0.027387
-0.263300,0.087559,0.909473
0.294989,-0.102637,0.283765
0.075746,0.098653,0.011172
0.215942,-0.020159,0.313133
-0.089369,0.042811,-0.607407
-0.035670,0.032092,-0.521902
0.258413,-0.047303,-0.128996
0.172559,-0.008021,0.128511
0.281832,-0.105933,0.346467
-0.205341,0.053315,0.734255
-0.052498,-0.037175,0.260212
-0.460410,0.075716,0.052840
-0.773652,0.052270,-0.011604
-0.097676,-0.086908,-0.040811
-0.776921,0.049242,0.103296
0.594673,0.098814,0.009270
0.141423,0.035174,0.087621
0.058356,-0.091490,-0.038587
0.113368,-0.090311,0.000320
0.158009,-0.089373,-0.003083
0.076738,-0.091114,-0.033041
0.065805,0.001572,-0.278570
0.005836,-0.007163,0.362786
-0.523246,-0.048724,-0.034113
0.163476,-0.053976,0.285936
-0.148427,-0.082165,0.056671
0.298097,-0.102315,0.272859
0.232314,-0.035460,-0.352633
0.331190,0.098707,0.010717
0.305064,0.097795,0.017442
0.282717,-0.080155,-0.274042
0.322187,-0.041301,0.085906
0.262995,-0.011665,-0.311261
-0.119085,-0.085568,0.042282
-0.024282,0.056342,-0.074253
0.283842,-0.048911,-0.246308
-0.079321,-0.039265,-0.273532
0.197104,-0.038622,-0.091107
0.037884,-0.089426,0.151314
-0.236451,0.079869,-0.052789
0.206510,-0.047571,-0.354777
-0.205046,0.058781,-0.751756
-0.042610,-0.018873,-0.262117
0.111117,-0.019248,0.074812
-0.258209,0.010897,-0.088213
-0.107027,0.051466,-0.679943
0.313344,-0.115043,-0.329723
0.272802,-0.018310,-0.078272
0.858021,-0.055905,-0.020447
-0.671479,0.046267,0.016183
-0.518851,-0.040015,-0.046439
0.705795,-0.004243,0.085664
-0.309255,-0.031012,0.083949
0.732162,-0.065525,0.048847
-0.012170,0.023169,0.445370
-0.030659,0.026438,0.472756
-0.103463,-0.086559,-0.025913
0.045038,-0.031146,-0.077897
0.054524,-0.026644,0.313133
-0.169890,-0.073536,-0.058845
0.715173,0.036353,0.077706
0.630365,-0.028814,-0.080603
0.316292,-0.059415,0.040942
-0.743640,0.137989,-0.004986
0.188074,0.077431,-0.055871
0.223337,-0.019034,-0.293710
0.007605,-0.122814,-0.145234
0.338479,0.086166,-0.044724
-0.127606,0.054494,-0.696852
0.595718,0.000286,-0.087892
0.658232,0.086059,-0.037837
0.282717,-0.068419,0.284730
0.182206,-0.095134,-0.344354
0.135287,-0.037362,0.313133
0.439043,-0.084014,0.021381
0.378377,-0.085809,0.008037
-0.022192,-0.007967,0.357882
0.039170,-0.007860,0.358633
-0.743185,0.211275,-0.006191
0.200427,-0.024072,-0.268173
-0.062922,0.048250,-0.078567
-0.574854,-0.044892,-0.017419
-0.318312,-0.066007,0.057288
-0.530668,-0.055047,0.018889
-0.588172,-0.036612,0.032904
-0.750125,0.067356,0.171866
0.606918,0.070812,0.066559
0.244667,-0.013836,0.279880
0.089466,0.005404,0.278781
0.117762,-0.000947,0.212221
-0.039636,0.010013,0.468308
0.055114,0.001170,0.414127
-0.027337,-0.000947,0.401050
0.042922,0.000848,0.412010
-0.029882,0.012129,0.481357
-0.009437,-0.002581,0.391055
-0.036876,0.008405,0.458420
-0.075087,0.016738,0.509653
-0.126615,0.036567,0.631494
-0.760495,0.141580,0.003214
-0.227099,0.062961,0.073017
0.811075,-0.020535,-0.060158
-0.341008,0.015479,0.091318
-0.048130,0.001920,0.470880
0.628837,0.019927,-0.086284
-0.108662,0.011406,0.460483
-0.427049,-0.074367,-0.002896
-0.398190,-0.041382,-0.067393
-0.117397,0.080700,-0.051717
0.288933,-0.121796,-0.301507
-0.758110,0.024804,0.031135
-0.003301,-0.035379,-0.114928
0.179205,-0.043284,-0.327553
0.145683,-0.038809,0.168463
0.079578,-0.040363,0.158897
0.203776,-0.041033,0.154851
0.157045,-0.040363,0.158951
0.123738,-0.036773,0.181030
0.181134,-0.026215,0.245823
0.138609,-0.042159,0.147964
0.079203,-0.035165,0.190838
0.150721,-0.033477,0.201261
0.293542,-0.060139,0.037405
0.174087,-0.042185,0.147777
0.019690,-0.037898,0.173983
0.111331,-0.031172,0.215383
0.129981,-0.040417,0.158602
-0.042718,0.037559,-0.082908
0.079283,0.075341,0.062299
0.703222,0.082254,-0.031942
-0.786246,0.328882,0.005947
0.150694,0.002537,-0.088240
0.035580,0.004948,0.309516
0.038688,-0.135622,-0.172405
-0.010938,-0.031146,-0.228221
-0.004292,-0.029082,-0.240922
-0.725553,0.044740,0.046569
-0.039556,-0.042802,-0.123369
-0.819794,0.070571,0.268706
-0.451996,0.038309,0.078644
-0.812211,0.064220,0.232666
-0.001747,-0.130343,0.155976
0.292631,-0.017748,-0.333180
0.580471,0.093401,-0.029102
0.026255,-0.025545,-0.091107
0.243113,-0.020213,-0.144055
-0.697391,-0.015202,0.018675
0.023254,-0.047035,-0.130550
0.155115,-0.053386,-0.091670
0.090779,-0.048804,-0.119725
0.129633,-0.052180,-0.098958
0.081963,-0.051457,-0.103406
0.064867,-0.046982,-0.130899
0.174194,-0.050492,0.350621
0.295096,-0.065712,-0.307375
0.220765,-0.032673,-0.206356
0.296758,-0.108853,-0.304696
0.293462,-0.024554,-0.071278
0.360478,-0.086211,-0.001368
-0.731824,0.087586,0.003777
-0.162012,0.058754,0.719062
-0.199044,0.067168,0.784551
0.035178,-0.031387,-0.088535
0.201686,-0.044142,-0.298533
0.458443,0.024027,-0.086525
-0.153786,0.077082,0.060101
-0.833138,0.338368,0.004179
0.673318,0.031128,0.085691
0.445420,0.071000,0.066988
-0.696319,0.047285,-0.030040
0.000236,-0.036746,-0.301507
0.202597,-0.015068,-0.065035
0.612733,0.099028,0.002517
-0.588761,0.076332,0.005920
-0.262148,0.030887,-0.085614
-0.038511,-0.016488,0.267956
0.282717,-0.100359,-0.300543
0.004657,-0.045723,0.264258
0.340542,0.092329,0.035342
0.017037,-0.008610,0.237918
0.456326,0.023277,0.090380
-0.437848,-0.028493,0.074357
-0.180394,0.064006,-0.772121
-0.008741,0.000902,-0.088052
-0.819231,0.371192,0.005947
-0.263916,0.091364,-0.033871
-0.618290,0.021481,0.059512
-0.606607,0.021213,0.061629
0.105918,-0.028386,0.025588
0.462061,0.003582,-0.088374
0.610804,-0.059737,-0.061444
-0.643505,0.027725,0.025749
-0.595004,0.024616,0.008171
-0.593450,0.055726,0.053134
0.323393,-0.063595,0.250646
-0.674454,0.170546,-0.006486
0.162699,-0.001831,0.201556
0.414150,-0.075814,0.059458
0.653864,0.031824,-0.082988
0.091342,0.009718,-0.377687
0.260691,-0.049849,-0.248586
-0.122221,0.033700,0.607243
-0.007374,0.011754,-0.088106
0.243782,-0.017373,0.039924
0.110608,0.007735,0.302951
0.006989,0.028689,0.538700
0.202437,-0.062121,-0.357269
0.314255,-0.055423,0.064094
0.018886,-0.064453,-0.106407
0.178133,-0.094571,0.287356
-0.081223,0.048679,0.655637
0.045708,0.001894,0.280041
0.236682,-0.028654,-0.304160
-0.359979,0.097179,-0.013265
0.309352,-0.100895,0.262061
-0.640289,0.048170,0.017148
-0.534446,-0.054860,-0.011497
-0.680912,0.255649,-0.004610
-0.718479,-0.000465,-0.026288
0.041877,-0.063970,0.184326
0.537276,0.098224,-0.010613
0.554157,0.099457,-0.001449
0.106481,0.005377,-0.296523
0.056695,-0.070080,-0.087704
0.208894,-0.119062,-0.295130
0.154981,-0.050921,0.317608
0.128373,0.015720,0.091345
0.041635,-0.119116,-0.173075
0.108410,-0.000518,-0.238296
0.011865,-0.014398,0.208041
0.293810,-0.063756,0.297592
-0.061099,0.035710,-0.552851
-0.013349,0.022848,-0.456172
0.255867,-0.004270,0.305255
-0.029052,-0.090016,0.022078
0.844382,-0.065551,-0.003860
0.542742,0.076788,-0.056701
-0.735146,0.324648,-0.003110
-0.607786,0.048625,0.040969
0.096326,0.040774,0.085370
0.234860,-0.011826,0.090139
-0.040895,-0.023857,0.220018
-0.041431,-0.046741,-0.103085
0.009963,0.088337,-0.041079
-0.807682,0.048813,-0.003163
0.832753,-0.051055,-0.038052
-0.481873,0.009905,0.079126
0.078158,0.002751,-0.280339
0.014920,-0.045830,0.267741
-0.733003,0.065801,-0.160776
0.333950,0.020034,0.090782
0.175132,-0.083906,0.071543
0.199248,0.002456,0.303943
-0.414267,0.012103,0.086200
0.680473,-0.061586,0.062057
-0.565610,0.073036,-0.039016
-0.248884,-0.024420,0.086629
-0.774536,0.267252,0.005518
-0.129027,-0.045642,0.084217
0.626962,-0.008235,0.090032
0.027648,-0.053440,0.078590
-0.245481,-0.064131,-0.055951
-0.191327,0.068079,0.825012
-0.731180,0.198065,0.005626
0.017626,-0.041301,-0.083738
-0.802939,0.028636,0.008171
-0.626061,0.110363,0.005893
0.126203,-0.040229,0.295582
-0.707895,0.141205,-0.006111
-0.817731,0.049563,-0.139473
0.141825,-0.088944,0.057368
-0.455292,-0.020910,-0.071546
-0.575872,0.061916,0.005840
0.004416,-0.059496,0.041371
0.128507,-0.060273,0.036682
0.023709,-0.057271,0.054983
-0.006356,-0.060916,0.032582
0.100961,-0.063301,0.017978
-0.038645,-0.053172,0.080252
0.025746,-0.059603,0.040648
0.004604,-0.062416,0.023445
-0.056812,0.038711,0.636370
0.268649,-0.044142,0.094132
0.281913,0.074430,0.063478
-0.366330,0.044767,0.081940
0.295123,-0.098966,0.338027
-0.022755,-0.120429,-0.137008
-0.207002,0.002697,-0.088267
0.287165,0.057334,0.077251
-0.018441,-0.141544,0.131726
-0.120130,0.034852,-0.578870
0.376368,-0.083746,-0.054558
0.139306,-0.089453,-0.050672
0.133223,-0.020856,0.278701
0.052381,-0.029967,0.222805
-0.293901,0.084264,-0.900472
0.130303,0.009798,-0.088374
-0.825421,0.320227,-0.004905
-0.628070,0.047098,-0.059488
0.372992,0.089784,-0.037623
-0.018441,-0.043713,-0.085132
-0.711325,0.032923,-0.048770
-0.647229,0.032762,-0.047805
-0.245642,0.054279,0.079555
-0.629785,0.078904,-0.003110
-0.052980,-0.088676,-0.051905
-0.537501,-0.026349,0.058226
-0.039234,0.048679,0.082154
0.781251,0.006100,0.072213
0.517930,-0.066918,0.056136
0.409514,0.073599,0.064549
0.170094,-0.079083,-0.272380
-0.168684,0.005832,-0.088669
0.752768,-0.144920,0.011547
-0.381094,0.085737,-0.042392
0.040966,-0.060380,-0.300248
-0.735521,0.040479,0.032930
-0.535813,0.002322,-0.067580
-0.201563,0.066391,-0.827293
-0.053409,0.023464,-0.479618
-0.107215,0.038229,-0.588088
0.163342,-0.100841,0.279666
-0.447092,-0.063515,0.036762
0.162618,-0.038220,-0.290843
0.209725,-0.011879,-0.139795
0.363211,0.090185,-0.036685
0.480308,-0.011317,0.090220
-0.136663,-0.084282,0.031001
0.253054,-0.008021,-0.086900
0.198149,-0.096206,0.260078
0.536713,-0.077315,0.039495
-0.073667,-0.006199,-0.473402
-0.195828,-0.051752,-0.067741
0.318837,-0.034629,0.038906
-0.012814,-0.032030,0.210077
-0.007320,-0.026081,0.246707
0.011008,-0.028466,0.231996
0.610536,-0.086425,0.003616
0.729053,-0.139186,-0.021117
-0.148159,0.058674,-0.729676
-0.666228,0.044177,0.004500
-0.485919,0.091659,-0.014659
-0.388329,-0.049394,-0.062730
0.076041,-0.015149,-0.152121
0.050344,-0.006333,-0.234089
-0.790506,0.042677,0.094078
0.236333,-0.087685,0.041505
0.155089,-0.089426,0.043032
0.350992,-0.085219,0.047695
0.029390,-0.029163,0.181995
0.240567,-0.121983,-0.292022
-0.758324,0.196002,-0.005468
-0.083018,0.016015,0.456785
0.493867,0.048089,0.082395
-0.732413,0.055029,0.088853
0.236896,0.098573,0.011842
0.307717,0.099028,0.008359
0.436471,0.090025,0.040808
0.693227,0.086086,0.031001
-0.189129,0.049510,0.687577
-0.012519,0.011406,0.383151
0.367284,-0.010647,-0.086552
0.048576,0.023035,-0.086659
0.540358,-0.084764,0.015915
0.516322,-0.086452,0.003321
0.296731,-0.076404,0.327389
-0.063699,-0.033530,0.200913
0.280439,-0.093580,0.256862
0.189119,-0.018444,-0.297006
-0.130206,0.022580,-0.558184
-0.575551,-0.007914,0.061093
0.125881,0.002563,-0.271844
0.169398,0.088953,0.043381
0.612063,-0.041542,0.078992
0.015134,0.009718,-0.088374
0.233788,-0.000491,-0.297863
-0.356388,0.089248,-0.037382
-0.391705,-0.008905,-0.082184
0.144210,-0.089668,-0.011551
0.048442,-0.091704,-0.010425
0.296222,-0.098483,-0.274497
-0.800421,0.292654,-0.005655
-0.005927,-0.089668,-0.056085
0.102167,0.002135,0.245206
0.158411,-0.002474,0.313133
-0.766551,0.343030,-0.005254
0.303778,-0.082192,-0.247567
-0.619255,0.046267,-0.008442
0.696309,-0.082406,0.023445
-0.749696,0.160417,-0.005146
-0.059438,-0.034629,0.187515
-0.181278,0.051064,-0.698674
0.124086,0.005940,0.310749
0.783797,0.051680,0.047079
-0.747660,0.059317,0.121035
-0.386641,0.084183,0.047722
-0.303708,0.099484,0.941520
-0.109332,-0.086211,0.043488
0.225856,-0.068928,-0.357457
-0.610090,0.061112,-0.006513
0.659116,-0.079432,-0.030442
0.252196,-0.063461,0.360857
0.237834,-0.005073,0.299896
-0.334228,-0.043284,0.077867
-0.156412,0.092302,0.035449
0.716995,-0.054699,0.063290
-0.214317,-0.074930,-0.041401
-0.281119,-0.074448,-0.042526
0.027648,-0.060675,-0.154291
0.132795,-0.061532,0.317099
-0.761299,0.350694,-0.003860
-0.627106,0.025233,-0.053754
0.553488,0.044338,-0.080174
0.037268,-0.045160,0.184916
0.689530,-0.077877,0.035771
-0.823572,0.287509,-0.001931
-0.028784,-0.001349,0.332426
0.236306,0.086059,0.048633
-0.637422,0.035924,0.054287
0.206081,-0.065364,-0.246281
0.224972,-0.017962,-0.091107
0.303349,-0.026778,0.060959
-0.230181,-0.047839,0.074437
0.270149,-0.064480,-0.023475
0.040242,-0.059737,-0.052682
0.009025,-0.057191,-0.068170
0.032793,-0.063033,-0.032344
0.056695,-0.061639,-0.040865
0.022637,-0.110300,0.164015
-0.020022,0.007655,-0.379644
0.331056,-0.109470,-0.325221
-0.079830,0.001331,-0.475519
0.131669,-0.059683,-0.052977
0.478486,-0.013809,-0.086150
-0.009625,-0.043525,0.061200
-0.311961,-0.044490,-0.073181
0.118968,-0.058584,-0.059756
0.292015,-0.084496,-0.061498
-0.139182,0.056289,0.752691
0.823294,0.039166,-0.033335
0.285852,-0.088649,0.357480
0.296758,-0.074957,0.347995
-0.016351,-0.045160,-0.142153
0.448743,0.067731,-0.065705
-0.204564,0.050474,0.081431
0.027568,-0.047143,-0.185241
-0.088940,0.003903,-0.420132
0.198792,-0.118794,0.308659
0.155785,0.099001,-0.004744
0.025719,-0.000572,-0.294406
0.084964,-0.019356,-0.116000
0.299571,-0.074742,-0.309412
0.292149,-0.028654,-0.306920
-0.537260,-0.055825,-0.000618
-0.488250,-0.056602,-0.031219
-0.120291,-0.011719,-0.086418
0.059133,-0.017346,-0.312922
0.143700,-0.074635,0.285453
-0.696962,0.172797,0.005920
0.230251,-0.006306,0.313214
-0.201429,0.067972,0.824316
0.201686,-0.037737,0.289232
0.703892,0.054815,-0.065383
-0.265685,-0.081629,-0.025565
0.567287,0.050072,-0.077843
0.218648,-0.087417,-0.052789
-0.179537,0.065855,0.770242
-0.046898,0.036835,0.542559
0.178856,-0.094116,0.268920
0.421277,-0.080155,-0.029343
0.282717,-0.081307,0.281595
-0.060054,-0.044731,-0.274497
0.201472,-0.031065,0.347780
0.090779,-0.000465,-0.247728
0.746524,-0.028546,0.074357
-0.123132,-0.056012,0.086040
-0.011902,-0.050251,-0.036444
0.031158,0.007655,-0.466489
-0.056276,0.030726,-0.608211
-0.115602,0.040855,-0.670458
-0.150651,0.043079,-0.684177
-0.136663,0.047098,-0.708776
-0.068736,0.028019,-0.591705
-0.067450,0.032494,-0.619197
0.553863,-0.073590,0.047614
0.307878,-0.016328,-0.278382
0.196140,0.028180,-0.085989
0.114252,-0.029457,0.225913
-0.706850,0.024938,-0.003458
0.201686,-0.087149,0.306997
0.876859,-0.038032,0.029554
0.744380,-0.059522,0.054367
0.028077,-0.127959,0.152091
0.216692,-0.025974,0.221090
0.042922,0.011540,0.476989
0.301233,-0.109979,0.332400
-0.508856,0.054386,0.004741
0.058812,-0.025411,0.085209
-0.582839,0.075126,0.036092
-0.021415,-0.045294,0.067684
-0.142987,0.059451,0.766544
0.329288,-0.015792,0.302683
0.478031,0.097045,-0.019375
0.380387,0.098037,-0.011979
-0.069996,-0.009066,-0.363834
0.056641,-0.061612,-0.188376
0.007015,-0.016730,-0.316834
0.239817,-0.095080,-0.253436
-0.632090,0.026063,-0.009889
0.744514,-0.113167,-0.014873
-0.201804,0.070330,0.838946
-0.235191,0.058459,-0.778579
-0.358479,0.059558,0.074383
0.051791,-0.017989,0.142820
-0.121015,0.040426,0.085504
-0.756181,0.045276,0.026928
0.436739,0.099832,0.002464
-0.608215,0.131612,-0.005897
0.244399,0.042864,-0.080764
-0.027310,-0.090069,-0.044992
-0.373993,0.055137,-0.072940
0.829859,-0.010325,-0.054638
0.769408,-0.013916,0.074544
-0.546585,0.111193,0.003991
0.731170,-0.088194,0.030760
-0.724803,0.061005,0.003777
0.006587,-0.091275,0.011655
0.272427,-0.077315,-0.247433
-0.016002,-0.009897,-0.279883
0.614823,0.048652,0.081538
0.077917,0.001920,0.257184
0.196381,-0.112685,-0.273398
-0.037707,-0.020240,-0.247594
0.309378,-0.107674,-0.334600
0.737360,0.076412,0.030948
-0.223428,0.055914,-0.762983
-0.223133,0.052109,-0.739671
-0.775179,0.071268,0.228325
0.228375,-0.116544,0.322592
-0.370858,0.028448,-0.083631
-0.387070,-0.079003,-0.008147
-0.020263,-0.052636,-0.034407
0.093137,-0.017078,0.109888
0.060071,0.089221,0.042711
0.233547,-0.061505,-0.247005
-0.147542,0.038925,-0.658668
0.744809,0.072313,-0.031969
0.583847,-0.044731,0.076768
-0.778475,0.314761,-0.006540
0.388989,-0.052770,0.070712
0.016287,-0.017480,0.184300
0.551612,-0.084389,0.018755
0.138529,-0.051242,0.296574
0.280037,-0.049661,0.361634
-0.690853,0.051626,0.054287
-0.455533,0.093455,0.019157
-0.693479,0.059585,0.093891
-0.053677,-0.074314,0.084030
0.739477,-0.133211,-0.014123
0.733073,0.083219,0.008332
0.317873,-0.057727,0.253915
0.253000,-0.019811,-0.103138
-0.269088,0.081396,0.889670
0.247025,-0.024206,0.093676
0.024567,-0.070080,-0.163348
-0.456149,0.013603,-0.078835
0.168969,-0.085461,0.311472
0.055596,-0.051001,-0.091107
0.268461,-0.080745,-0.070153
-0.458534,0.003823,0.081323
0.061947,-0.012121,0.094132
0.216558,-0.019865,-0.033094
0.290568,-0.069651,0.337116
0.128990,0.004573,0.318734
-0.544334,0.063095,0.005492
-0.617486,0.121885,-0.006245
-0.044031,-0.014532,0.091935
-0.041699,0.026867,0.480580
-0.821482,0.344879,0.005304
-0.619308,0.118267,0.005733
0.298097,-0.090954,-0.312252
0.125158,-0.014639,0.316912
0.476102,0.052216,0.080707
0.559463,-0.077743,-0.034756
0.028666,-0.027341,-0.251506
0.020279,-0.021044,-0.290226
0.002085,-0.021097,-0.289905
-0.600417,0.032226,-0.044777
0.176043,-0.024822,0.326558
-0.193229,0.072715,0.842135
-0.583643,0.029225,0.017362
0.023870,-0.069973,0.126421
0.293301,-0.097626,-0.284197
-0.092745,0.006395,0.455446
-0.003837,0.005832,0.347271
0.257422,-0.004752,-0.293710
-0.200223,0.075073,-0.058925
0.152972,0.002108,0.303407
0.004657,0.019364,-0.427983
-0.037626,0.030377,-0.511291
-0.147542,0.029841,-0.577289
0.041046,-0.041087,-0.157105
0.217978,-0.114641,0.324146
0.002031,-0.145724,-0.134891
0.172506,-0.023294,0.014897
-0.053677,0.039997,-0.623780
-0.097300,0.031047,-0.545322
-0.009142,0.020677,-0.441488
-0.181761,0.060603,-0.750577
0.745827,-0.077931,0.004527
0.141048,-0.050867,0.094319
0.152543,-0.055074,0.068488
0.264362,-0.060916,0.032582
-0.010348,-0.047437,0.115408
0.034561,-0.042989,0.142873
0.109777,-0.050037,0.099491
0.824714,-0.040712,-0.049252
-0.244329,0.066391,0.814642
-0.623006,0.069446,0.005893
0.084375,-0.033316,-0.091107
-0.103035,0.011969,0.476052
0.309030,-0.078654,-0.072672
0.053265,-0.025304,-0.264074
0.039733,-0.028278,-0.245852
0.070816,-0.023268,-0.276614
0.286924,-0.124020,-0.315280
0.145362,-0.073295,-0.082800
0.374197,0.012612,-0.087999
-0.862881,0.072179,0.269456
-0.716094,0.030860,0.040460
-0.089315,0.023089,0.592961
0.686448,0.044660,0.078831
-0.704626,0.058191,-0.025404
-0.126722,0.059156,-0.072136
0.110715,-0.008878,-0.364960
-0.720516,0.059665,0.106110
0.035097,0.010817,-0.485755
-0.794740,0.074162,-0.244218
0.410398,0.091445,0.037459
-0.198079,-0.019382,-0.084917
-0.298804,0.096590,-0.021519
-0.562046,0.123573,0.004045
-0.735950,0.004412,-0.024466
0.751401,-0.073778,0.030465
0.334111,0.097447,-0.016293
0.125640,0.097045,-0.019321
-0.003435,-0.006279,0.368225
-0.015332,-0.035647,-0.200594
0.641780,0.039354,-0.080764
0.085071,0.037291,0.086790
0.164172,-0.039345,0.309972
0.067520,-0.035433,-0.293710
0.198123,-0.024768,-0.246362
0.032578,-0.021231,0.142927
0.481032,0.041042,0.085262
0.289496,-0.070455,0.326451
0.443839,0.078315,-0.054745
0.007471,0.012076,0.481036
-0.034196,0.015479,0.501936
0.011999,-0.001027,0.400622
-0.003221,0.003823,0.430311
0.000799,0.008298,0.457777
-0.037921,0.012933,0.486261
0.048361,-0.004779,0.377443
-0.016538,0.003957,0.431142
-0.102954,0.025742,0.564906
-0.099337,0.022098,0.542532
0.730447,-0.006252,-0.078245
0.243622,-0.040685,0.358901
0.313532,-0.017507,0.302817
0.101658,-0.012496,-0.149709
0.176927,-0.023589,0.261954
0.435667,-0.045749,0.075991
0.053908,-0.007699,0.207612
0.217255,-0.011585,-0.319005
-0.042128,-0.013728,0.322539
0.518921,-0.009280,-0.086713
0.188824,-0.085300,-0.332965
0.112403,-0.000920,0.382883
0.071325,-0.062765,-0.091107
-0.179697,0.049536,-0.723888
0.001147,0.064194,-0.068357
-0.310193,0.099269,0.006617
-0.257861,0.098251,0.014120
0.546869,-0.085675,-0.005361
-0.688924,0.261008,-0.004744
0.010954,-0.103065,-0.161794
-0.806932,0.049670,-0.128514
0.800169,-0.053359,-0.046707
0.341962,-0.084978,0.055090
0.037670,-0.074796,0.087192
0.178535,-0.100439,0.332775
0.154231,-0.012523,-0.116509
0.626881,0.088283,-0.037971
0.212673,-0.025358,-0.293710
0.038768,0.020463,-0.438675
0.040617,-0.145992,0.139176
-0.711673,0.270012,-0.005655
0.770801,-0.090445,0.028697
-0.236665,-0.038622,-0.077120
-0.278922,0.092704,0.034485
-0.753126,0.054762,0.018541
0.020413,-0.102771,-0.149334
0.680231,-0.065846,-0.052870
0.030649,-0.121367,-0.169619
-0.734423,0.045731,0.127894
-0.732922,0.051010,0.157825
-0.667889,0.037344,0.080278
-0.754680,0.047875,0.139926
-0.704358,0.044552,0.121169
0.286388,-0.105289,-0.258179
-0.868267,0.075126,0.284408
0.057499,-0.046366,0.121999
0.125453,-0.047759,0.113425
0.198658,-0.056923,0.057207
0.030783,-0.040846,0.155923
0.003719,-0.038970,0.167445
0.103319,-0.053413,0.078831
0.170603,-0.051859,0.088317
-0.763871,0.230997,-0.005897
0.221462,-0.096983,0.260533
-0.104267,0.003073,0.425783
-0.172168,0.035201,0.623053
-0.134761,0.017542,0.514664
0.178026,-0.100118,-0.265628
0.282717,-0.029752,0.278701
-0.125114,0.019338,0.588754
-0.820946,0.032655,-0.005441
-0.727643,0.064756,-0.139822
-0.117799,-0.084308,0.060155
-0.038805,-0.087042,-0.062811
-0.039073,-0.048134,-0.280285
0.144933,-0.059603,0.094132
0.283279,-0.123109,0.300057
-0.182806,0.060362,0.737444
-0.002122,0.074215,-0.059970
0.312138,-0.070616,0.249333
0.319695,-0.053332,-0.354938
-0.212763,0.065453,0.780639
-0.215872,0.060040,-0.788305
-0.173240,0.053422,0.695348
-0.754091,0.212213,0.005224
-0.730966,0.196002,-0.006245
0.084777,-0.010968,0.339447
-0.153572,0.017649,0.588728
0.174435,-0.003251,0.201610
0.209805,-0.035192,0.352872
0.315381,-0.058022,-0.060104
0.161573,-0.084067,0.071811
0.289496,-0.080771,0.319940
0.257448,-0.001322,-0.306196
-0.711700,0.040104,-0.001207
-0.132001,-0.084657,-0.017901
0.642717,0.018132,0.089898
0.196381,-0.013541,-0.075967
-0.269731,0.081638,-0.896533
-0.006972,-0.009870,0.346173
-0.035215,-0.008878,0.352255
0.282717,-0.045723,0.298610
0.235476,-0.017480,-0.137705
0.259994,-0.086720,0.248743
0.016581,0.025233,-0.476885
-0.828369,0.299514,-0.001770
0.708715,-0.040042,-0.071359
0.497404,0.032682,-0.084890
-0.027658,0.028582,0.484037
0.167817,-0.105718,0.317072
0.289496,-0.067427,0.315947
0.242068,-0.105370,0.342957
-0.026560,-0.018391,-0.258152
-0.233048,0.066203,-0.806419
0.086492,-0.089158,-0.059810
0.331297,-0.059951,-0.026931
-0.067772,0.011272,-0.488783
-0.002336,0.009852,-0.480101
-0.063752,0.021267,-0.550091
0.040698,-0.007003,-0.376508
-0.148480,0.037532,-0.650147
0.070200,-0.003841,-0.395882
0.010526,-0.002153,-0.406359
-0.025327,-0.005368,-0.386557
-0.093495,0.025688,-0.577289
0.009749,0.003019,-0.438085
-0.039127,-0.024929,0.094132
-0.017771,-0.141330,0.182665
-0.826600,0.070464,-0.261662
-0.814649,0.064140,-0.225809
0.026496,-0.102717,-0.195369
-0.126320,0.008324,0.470022
-0.828369,0.073197,0.283685
-0.554061,0.137212,0.000749
-0.545030,0.012987,0.071516
0.794542,-0.033584,-0.060212
-0.151267,0.023410,-0.554003
-0.197543,-0.012523,0.090059
-0.378790,-0.071634,-0.036390
0.085634,0.018534,0.090997
-0.110055,0.018373,-0.587900
-0.724669,0.038229,-0.078915
-0.728608,0.052966,-0.162437
-0.682037,0.044874,-0.116483
-0.686646,0.035495,-0.063427
-0.781610,0.060523,-0.205230
-0.722231,0.044177,-0.112651
-0.757279,0.053877,-0.167609
0.720184,0.080727,0.031912
0.091529,0.011433,0.395128
-0.204242,0.064381,-0.782169
-0.029105,0.022071,-0.458718
-0.283263,-0.061934,-0.058738
0.298955,-0.052475,-0.093626
-0.022862,-0.013032,0.257639
0.327573,0.056289,-0.074306
-0.146819,-0.043874,0.078617
-0.556606,-0.051912,0.007448
-0.078919,0.030297,0.519648
0.151578,-0.043231,-0.309171
0.047772,-0.041891,0.295582
-0.729465,0.037934,-0.005655
0.296945,-0.116838,-0.282616
0.351019,-0.084148,0.059351
0.026817,-0.062095,0.146491
-0.111851,0.046160,0.690364
-0.024014,0.023250,0.549659
-0.011634,0.020704,0.533957
-0.163379,0.053100,0.733049
-0.104669,0.037371,0.636451
-0.151776,0.046482,0.692347
-0.119032,0.049161,0.708772
0.132848,0.003421,0.255469
0.291666,-0.076672,-0.261608
0.568949,-0.017775,-0.085560
-0.656742,0.050153,-0.006084
0.187083,-0.017051,0.283444
0.021673,0.097179,-0.018437
0.813326,0.024965,0.055814
-0.538653,0.055163,-0.058657
0.382906,-0.018793,-0.085158
0.237378,-0.050224,0.094132
-0.248964,-0.086184,-0.001636
0.111572,-0.010674,-0.353893
0.300831,-0.055155,-0.358153
0.043618,-0.059871,0.296922
-0.001318,-0.090981,-0.019723
0.021726,-0.091784,-0.005280
0.474681,0.000581,0.091747
-0.597416,-0.037416,0.025535
0.538268,0.063738,0.072427
0.178374,-0.017105,-0.303303
0.134617,0.003876,0.299655
0.682697,0.082924,0.043113
-0.779734,0.218296,-0.004986
0.233547,-0.060728,0.363322
-0.427478,-0.042587,0.066130
0.817881,0.024643,-0.049895
-0.726732,0.024241,0.000427
-0.777644,0.026224,-0.010693
0.296918,-0.092106,0.253620
0.208359,0.082066,0.053724
0.034267,-0.092454,0.159112
-0.067557,0.007815,0.454910
-0.081839,0.011728,0.478945
-0.079669,-0.005850,0.370878
-0.083769,0.014273,0.494487
-0.094674,0.020195,0.530876
0.201686,-0.080396,-0.275462
-0.436079,0.076573,0.053992
-0.745811,0.058165,-0.011658
-0.042718,-0.007699,0.314339
0.081106,-0.030637,-0.044911
-0.166433,0.044606,-0.693529
-0.192131,0.056476,-0.766521
0.019931,0.005243,-0.337226
0.114171,-0.068981,0.090943
0.184028,-0.069758,0.253406
0.700221,0.005404,0.086977
-0.710414,0.076493,0.004473
0.134617,0.053073,0.080359
0.201686,-0.046660,0.324039
-0.059733,-0.012710,-0.320773
-0.215845,0.096938,-0.020098
0.183278,-0.016783,-0.311716
-0.678982,-0.022410,0.011038
0.232046,-0.118768,-0.282831
-0.142264,0.011835,0.091854
-0.147944,0.023544,-0.609310
-0.514376,-0.059549,0.007421
0.403244,0.092811,-0.030468
0.132553,0.029118,-0.085882
0.180491,-0.040524,-0.279910
0.159108,0.058406,-0.072698
-0.009678,-0.068043,-0.087811
0.332771,-0.053038,-0.348614
-0.688361,0.222958,0.005599
-0.176696,0.020383,0.592104
0.296409,-0.019784,0.268251
-0.801653,0.058272,0.160853
0.009159,0.010709,-0.376696
-0.063029,0.029306,-0.516221
0.263665,-0.010486,0.329800
-0.820142,0.352516,-0.006191
0.302653,-0.068740,-0.249068
0.201686,-0.077556,-0.304830
-0.178384,-0.050117,0.072722
0.056453,-0.118366,0.141935
0.086170,-0.004752,-0.217449
-0.204537,-0.063488,0.060503
0.330092,-0.053574,-0.054183
0.077944,0.009155,-0.433315
-0.334148,0.097661,0.937447
0.078935,0.008405,0.092283
0.126819,-0.085085,-0.067527
0.065564,-0.087068,-0.066133
0.120602,0.005457,0.347244
0.129418,-0.007351,0.154315
0.464472,-0.024179,0.086709
-0.575470,0.086327,0.006188
0.338747,-0.085487,-0.026610
0.113207,-0.090311,-0.048368
0.278188,-0.086774,-0.040329
0.724793,0.069419,0.049758
-0.830164,0.061460,-0.210670
-0.803127,0.057923,-0.190519
-0.812184,0.051251,-0.152630
-0.773410,0.042677,-0.104049
-0.709985,0.064997,-0.012596
0.450083,0.077511,0.059539
-0.511107,0.014005,0.075964
-0.805941,0.300371,-0.005602
-0.729171,0.028984,-0.034086
0.155892,-0.090150,-0.292048
-0.005123,-0.049474,0.019613
0.580015,-0.016328,-0.085828
-0.776224,0.005136,-0.009273
0.189896,-0.067239,-0.351562
0.134295,-0.024473,-0.269272
0.081427,-0.029377,-0.239020
0.266934,0.095464,-0.024171
-0.543825,0.087104,-0.017606
-0.404272,0.005484,-0.082934
-0.756315,0.037693,-0.035345
-0.097622,0.015934,0.468709
-0.685467,0.269904,0.003053
-0.128732,-0.005315,0.474712
-0.839757,0.033620,-0.007183
0.173390,-0.063542,0.259515
-0.775474,0.055592,-0.120020
0.448689,0.098117,0.015084
0.563295,0.097152,0.022292
-0.142934,0.061487,0.742026
-0.375119,-0.080718,0.011092
-0.736164,0.233998,-0.006486
0.137511,-0.020883,0.047400
0.119531,0.074322,-0.059863
-0.774643,0.313608,0.005947
0.084991,-0.001429,0.227414
-0.043655,-0.034227,-0.257750
0.078774,0.094741,-0.025913
0.293301,-0.062443,0.023284
0.755581,-0.066677,-0.001636
0.858021,0.023920,0.008868
0.289871,-0.035111,-0.109033
-0.090066,0.025956,0.506518
-0.587957,0.153638,0.004018
0.236467,-0.066864,0.244644
0.093941,0.023652,0.090327
0.242845,-0.121019,0.304318
0.259967,-0.026269,-0.341701
-0.053811,-0.007083,-0.375999
-0.106036,0.016631,-0.521661
-0.088136,0.001465,-0.428492
-0.111422,0.011969,-0.493070
-0.836836,0.072420,0.250217
-0.039020,-0.037979,-0.149629
0.029497,0.025233,0.475355
0.008114,-0.033691,0.199841
0.094182,-0.022491,0.268679
0.070870,-0.024634,0.255523
0.290461,0.041283,-0.081407
0.115618,-0.005984,0.172831
0.596388,-0.084148,0.020470
0.298660,-0.115070,0.286472
0.053104,-0.040980,-0.011604
0.264496,-0.036022,-0.353866
-0.557196,0.079440,0.005652
-0.813149,0.277675,-0.004208
0.583445,-0.006601,0.090809
-0.657573,-0.019141,-0.026369
0.672729,0.092088,-0.020098
-0.020611,-0.037469,-0.126129
-0.261049,0.067195,-0.832250
-0.216220,0.068079,-0.837770
-0.768507,0.294717,-0.006540
-0.629249,-0.009629,0.047775
-0.002336,-0.001804,-0.313806
-0.300225,0.080137,0.056189
-0.160110,0.000179,-0.087945
0.009159,-0.043123,-0.091107
0.201552,-0.016649,-0.314396
0.059321,0.006690,0.447943
0.403405,0.056557,-0.074092
0.247561,-0.024018,0.343761
0.192361,-0.040658,0.256675
0.227062,-0.018846,0.025856
-0.442028,-0.056602,0.049142
0.286977,-0.052743,0.250485
-0.781503,0.026492,0.013959
0.206483,-0.014559,-0.216859
-0.535866,0.078931,-0.005897
0.418598,0.088497,0.044399
0.483845,-0.083638,-0.020420
0.180250,-0.033289,-0.293201
-0.078543,0.008834,-0.430663
0.192817,-0.049903,0.351800
-0.234307,-0.083906,0.022266
-0.185566,0.040292,-0.667081
-0.001372,-0.020856,-0.311261
0.122961,-0.011772,0.124625
0.072156,0.008083,0.309275
0.098952,-0.026858,0.039710
0.300777,-0.069169,-0.280178
0.474842,0.032575,0.088692
-0.707949,0.061085,0.149251
0.535454,0.079548,0.056939
0.291157,-0.030744,0.106163
-0.414053,-0.068981,-0.030977
0.170094,-0.092079,-0.299498
0.223712,-0.036907,0.094132
0.509060,0.099403,-0.001904
0.575487,0.097340,-0.017178
-0.078704,0.034182,0.088049
0.302572,-0.022330,-0.267316
-0.128062,-0.083317,-0.057880
0.300991,0.076332,0.061039
0.320927,-0.056655,0.050589
-0.708779,0.216688,-0.006513
-0.635145,0.151708,0.005599
0.219345,-0.089024,0.251878
-0.781503,0.038255,0.024570
-0.088619,-0.032593,0.272618
-0.052632,-0.040792,0.143114
-0.062573,-0.028814,0.224493
0.690896,0.066096,0.063210
-0.065333,-0.007431,-0.351803
0.896125,-0.013755,0.008841
0.366507,-0.084871,0.015084
0.350403,-0.085219,0.012673
-0.197972,0.037264,-0.083042
0.065778,-0.012630,0.329264
0.530845,-0.007914,-0.086900
0.259967,-0.016569,0.058226
0.331967,-0.030878,0.338857
0.024754,-0.044677,0.086575
0.282743,-0.026430,-0.033309
-0.020959,-0.031949,0.146571
0.755581,-0.052046,-0.055656
0.178160,-0.006333,0.260239
0.066100,-0.035165,-0.032666
-0.540984,0.045115,0.066639
0.113770,-0.020079,0.283551
0.106186,-0.018659,0.292313
0.170389,-0.004484,-0.293710
-0.799617,0.053556,-0.134731
0.077836,0.011969,-0.370292
0.717397,-0.081227,-0.014391
-0.039958,-0.005850,0.370905
-0.786782,0.060013,0.208871
-0.643210,0.182738,0.005224
0.723560,0.052403,0.066961
0.160796,-0.048429,0.298155
0.082392,-0.019248,-0.311261
-0.154081,0.086488,0.048070
0.149569,-0.001697,-0.227444
0.070682,-0.048643,-0.311261
-0.614324,0.047795,-0.021920
-0.213782,0.064810,0.804862
0.247909,-0.063220,-0.031192
0.148416,-0.072036,-0.319005
-0.170721,0.049992,-0.686294
0.065725,-0.034254,0.295582
0.126203,-0.025894,0.025454
0.170523,-0.017078,0.094132
-0.779225,0.210981,0.004152
-0.452022,-0.028680,0.072642
-0.676490,0.211115,-0.006057
-0.062278,0.013121,0.460858
0.322401,-0.036746,-0.055094
-0.856424,0.065399,0.239392
0.529720,-0.054136,-0.065946
0.043297,0.030163,-0.085748
0.627765,-0.086211,-0.001449
-0.487446,-0.040363,0.057368
0.076014,-0.033343,-0.311261
-0.413356,-0.063542,0.045980
-0.173132,0.001786,0.091908
-0.549050,0.070276,-0.045501
-0.101427,0.029788,0.605046
-0.187227,-0.063676,0.060262
0.169746,-0.037764,-0.187599
0.273901,-0.055825,-0.076664
0.060258,-0.043820,-0.150433
0.093780,-0.037523,-0.189099
0.128668,-0.047250,-0.129318
0.150694,-0.043043,-0.155122
0.176552,-0.038729,-0.181650
0.301608,-0.062550,-0.035292
0.066957,-0.044972,-0.143332
-0.783057,0.071750,-0.237975
0.165968,-0.046419,0.330390
-0.155045,0.085282,-0.045876
0.257180,-0.071178,-0.358475
0.314068,-0.041569,0.254263
0.122961,-0.068177,-0.292289
0.210717,-0.017480,-0.225193
-0.692809,0.284267,-0.000537
-0.114450,0.024375,0.556519
-0.066673,-0.000920,0.401157
-0.053409,0.001760,0.417664
-0.117344,0.020383,0.532081
0.215835,0.067248,-0.066053
0.188369,-0.114159,-0.314476
0.822946,0.015881,0.055707
0.107071,0.004868,0.266777
0.060982,-0.025492,-0.097806
-0.590503,0.170814,-0.002869
-0.004453,-0.127583,-0.159972
-0.458051,0.088819,0.000963
-0.721186,0.041846,-0.099333
-0.750715,0.046106,-0.123476
-0.672149,0.041256,-0.095984
-0.739675,0.051948,-0.156676
-0.759852,0.058647,-0.194619
0.307931,-0.068713,-0.083845
-0.589404,0.031235,-0.036149
-0.091834,0.013014,-0.459468
0.374867,-0.028332,0.085021
0.031185,-0.119036,-0.127790
-0.182297,0.024161,-0.593527
-0.126535,0.051010,0.658397
0.279796,-0.068419,-0.357912
0.605793,-0.082567,-0.023341
0.099916,0.007333,-0.379054
0.116503,0.001813,-0.256464
-0.726598,0.064997,0.155280
0.474467,-0.002635,-0.087570
-0.684127,0.054386,-0.033175
0.160930,-0.019088,0.045096
0.410506,0.072045,-0.062436
0.482372,0.022901,0.090434
-0.743667,0.048465,-0.062730
-0.546370,0.097474,0.005250
0.324223,-0.109336,0.332882
-0.201348,0.072340,0.065970
-0.074122,-0.032405,-0.277471
0.300643,-0.097519,-0.258634
-0.222437,-0.085112,0.013236
-0.047568,0.082442,-0.049493
-0.035777,0.082709,-0.049145
-0.505909,0.097474,0.004205
-0.082697,0.035871,-0.562739
0.045440,-0.027233,0.089148
0.011008,0.001652,0.091881
-0.707949,0.213982,0.005947
0.046325,0.002376,-0.298051
-0.029320,-0.024661,-0.298104
0.291881,-0.031226,0.286579
0.287352,-0.028707,-0.096734
0.176150,-0.004859,0.295582
0.603998,-0.051323,-0.067929
-0.156841,0.028475,-0.605103
-0.083313,0.013416,-0.454109
-0.155179,0.062077,-0.771906
0.113609,-0.016944,-0.315387
-0.775956,0.044258,-0.113080
-0.783727,0.038898,-0.082720
0.237432,-0.039559,0.163801
0.018109,-0.060862,0.098205
-0.221284,0.056235,0.752342
0.033195,-0.143179,0.173152
-0.149713,0.054386,0.079475
-0.789059,0.059478,-0.199335
0.844463,0.028689,-0.022564
0.157018,-0.055262,-0.280312
-0.526541,0.044901,-0.005763
0.097451,-0.026188,-0.258607
0.125131,-0.021312,-0.288672
-0.716791,0.065828,-0.006888
-0.091539,0.027564,0.515066
0.701320,0.025876,-0.080389
-0.028141,-0.090043,-0.018464
-0.018762,-0.090364,-0.008147
0.290380,0.039086,0.086040
-0.803100,0.061996,0.220072
-0.442376,-0.003519,-0.078406
0.271355,0.022365,0.090488
-0.287363,-0.075868,0.042979
0.261709,-0.018123,0.097267
0.077569,-0.026805,-0.070394
-0.790292,0.218403,0.003294
-0.036903,0.003984,0.367100
-0.067450,0.006770,-0.412736
0.302760,-0.099260,0.348852
0.048200,-0.137042,0.168570
-0.527292,0.032601,-0.068438
0.001013,0.028555,-0.533076
0.486900,0.066632,0.070257
0.291211,-0.026483,0.296440
0.259780,-0.062523,-0.090705
0.283065,0.034959,-0.083953
0.732349,-0.072867,-0.026904
0.652793,0.071670,0.062727
-0.257298,-0.014104,0.089845
0.197587,-0.087176,0.060932
-0.506177,0.046374,0.069748
-0.038537,0.097983,0.016103
-0.031410,-0.023107,-0.222701
-0.015681,-0.023321,0.188855
-0.735628,0.136194,0.004661
-0.118844,0.055512,0.689453
0.487865,-0.056950,-0.063829
0.298285,-0.063408,-0.087758
0.442607,-0.058343,-0.062784
-0.054802,0.056396,0.077947
-0.496905,0.051278,0.068729
0.234672,-0.015711,0.152627
0.163717,-0.085568,0.344029
-0.129455,0.036380,0.583100
-0.646077,0.109237,-0.006513
0.060687,-0.118848,0.182397
0.236950,-0.087658,0.004473
0.079873,-0.091034,0.027786
0.256109,-0.087256,0.006805
-0.136663,0.074564,-0.059568
-0.600042,0.054092,-0.006540
-0.702643,0.058245,0.029715
0.178856,0.095571,-0.023930
-0.018065,-0.123805,0.166963
-0.400280,0.069874,-0.060131
0.053613,-0.053761,-0.293710
0.315488,-0.062175,0.355444
-0.755886,0.296298,0.005867
0.301259,-0.072143,-0.289449
0.725677,0.031369,0.077813
0.161546,-0.003975,0.091559
0.036142,-0.092749,-0.190600
0.099219,0.007279,0.291911
0.207046,0.096107,0.026419
0.090163,0.009557,-0.391166
0.139092,0.000447,-0.253784
-0.757333,0.025608,-0.007290
0.396304,-0.084174,-0.030254
0.039760,-0.021740,-0.145100
0.026925,-0.014532,-0.203515
0.170094,-0.071500,-0.333153
-0.447226,0.004734,0.082770
0.023307,-0.017828,0.174090
-0.790265,0.036460,0.073580
0.185609,-0.090981,0.264204
0.281216,-0.002474,0.310909
-0.737102,-0.008208,0.004259
0.163663,-0.060460,-0.334225
-0.219918,0.092838,-0.030415
0.223284,-0.048992,0.360830
-0.026747,-0.041864,-0.162357
-0.112869,0.057012,0.077492
0.218996,-0.021714,-0.217047
-0.081330,-0.038514,-0.088615
-0.185351,0.053770,-0.714215
0.672112,-0.016542,-0.083738
0.131160,0.076627,0.060664
0.749900,-0.066248,-0.008147
0.264817,-0.022544,0.116533
0.107580,-0.050224,-0.293710
-0.330906,-0.084255,-0.015918
-0.570138,0.037612,0.065702
0.351850,0.042703,0.084566
0.767505,0.042141,-0.058282
-0.044834,-0.006735,-0.332617
0.317792,-0.004779,-0.087302
0.358897,0.098948,-0.005307
0.369481,0.099457,-0.001422
-0.185566,0.073036,-0.061498
0.243488,-0.017051,0.134272
-0.474799,-0.060621,0.031430
0.288773,0.051332,-0.077334
0.327680,-0.036290,0.066291
0.453245,-0.080048,0.033064
-0.506418,-0.060380,-0.008094
0.216799,-0.116999,-0.321899
-0.475067,-0.061639,-0.025190
-0.579704,-0.024500,0.049785
0.486847,0.087854,0.045926
0.583686,0.092704,0.034485
0.295659,-0.077663,-0.272300
-0.750956,0.050823,-0.078915
0.120120,0.081075,0.055010
-0.112547,0.030217,-0.551833
-0.755484,0.000045,-0.011470
0.161225,-0.026483,-0.013748
-0.285299,0.078127,-0.883939
0.198149,0.080968,-0.051369
0.310343,-0.014425,0.318921
0.255358,-0.124234,-0.320157
0.251580,-0.020025,-0.264985
0.087644,0.008083,-0.323587
-0.740613,0.048974,-0.024252
-0.012706,0.015184,0.402229
-0.101722,0.039461,0.580742
0.252277,-0.120885,0.301102
0.210288,-0.032700,0.094132
0.122800,-0.024206,0.094132
-0.004855,0.029815,-0.540445
0.142575,-0.024795,0.295582
0.057740,-0.019972,0.124170
-0.021924,0.014568,-0.414960
-0.033848,0.018426,-0.441917
0.618414,-0.084389,-0.014900
0.140565,-0.021553,-0.053620
0.350590,-0.028707,-0.081112
0.309459,-0.025786,-0.311261
0.039626,-0.040471,0.313133
-0.014957,0.006074,-0.368631
0.016689,0.023223,0.435349
-0.006972,0.028287,0.475221
0.297294,-0.062925,0.313616
0.289764,-0.030342,0.317769
-0.701437,0.054413,-0.058738
0.164172,-0.049769,-0.296818
0.331512,-0.023670,-0.281035
0.669433,-0.032941,0.081672
-0.705885,0.285017,0.003991
0.200266,-0.097385,0.321279
0.191129,-0.006226,0.172188
-0.036608,0.036594,-0.565231
0.814773,-0.042882,-0.050458
0.619218,-0.047839,-0.070421
0.161037,-0.018418,-0.060935
0.353645,0.090829,0.038933
0.299410,-0.052261,0.290036
0.298097,-0.052850,0.311151
0.746069,-0.119223,-0.001797
0.500995,0.017676,0.091104
-0.092933,0.001760,-0.453278
-0.079535,-0.003198,-0.383449
0.663859,0.076841,-0.050860
-0.078785,0.060469,-0.071144
-0.301940,0.096215,-0.938013
-0.163834,0.047741,0.661156
0.471707,-0.065310,0.058199
0.185395,-0.088783,0.039067
0.297615,-0.086372,0.043113
0.304100,-0.086211,0.028000
0.037321,0.014193,0.489878
0.307824,-0.031601,-0.049842
0.310825,-0.035460,0.094453
0.603488,-0.030020,0.084217
-0.290980,0.043132,-0.080657
-0.097702,0.047446,-0.641250
-0.392723,-0.043793,0.070096
-0.640182,0.050903,-0.006325
0.277518,-0.011156,-0.304187
-0.333880,0.090025,-0.037087
-0.142773,0.087667,-0.042634
0.214682,-0.012871,-0.090786
0.058624,0.028689,0.089684
-0.034143,-0.044356,0.261980
-0.206413,-0.046124,0.075723
-0.726384,0.052162,0.029125
-0.126267,0.016872,-0.597145
0.283842,-0.035272,-0.087892
0.549066,-0.073001,-0.044643
-0.539966,-0.012683,0.065782
0.705848,-0.078387,0.030706
0.299330,-0.033611,-0.329509
0.269801,-0.023884,-0.293710
0.665547,-0.084067,-0.017231
0.506756,-0.002796,0.091318
0.051871,-0.009923,-0.358609
0.039117,-0.009575,-0.360753
0.157473,-0.026108,0.295582
-0.186637,-0.060380,-0.060748
0.169022,-0.027341,-0.327553
-0.097810,0.053797,-0.076155
-0.835791,0.381160,0.005947
-0.807977,0.075582,0.253968
0.485132,-0.001885,-0.087677
-0.264211,0.059826,-0.071627
0.123952,-0.021714,-0.063213
-0.029856,-0.027957,0.235185
-0.036233,-0.024125,0.258604
0.321329,-0.053815,-0.084971
-0.008553,-0.023562,0.262141
-0.001827,-0.029993,0.222617
0.015831,-0.025894,0.247859
-0.459204,-0.068579,-0.010532
-0.004292,-0.023643,-0.184410
0.016876,0.047634,0.082583
0.098550,0.075367,-0.058523
-0.391410,0.044445,-0.076611
-0.044995,-0.046232,0.099545
-0.019352,0.033030,0.511342
-0.679706,-0.021687,-0.010104
0.035767,0.023277,0.483608
0.234484,-0.124127,-0.318710
0.030622,-0.023241,-0.293710
-0.171685,-0.035915,-0.078192
-0.221552,-0.080477,0.032046
0.740549,-0.123082,0.006456
-0.097461,0.020168,-0.543339
-0.024255,0.010709,-0.485326
0.022878,0.000956,-0.425384
0.089466,-0.007003,-0.376562
0.034213,-0.003466,-0.398320
-0.056357,0.019123,-0.537015
0.056721,-0.005261,-0.387280
-0.007803,0.006208,-0.457592
-0.007669,0.012344,-0.495348
0.008060,0.004493,-0.447196
-0.789836,0.041471,0.021408
0.124997,-0.004939,-0.089151
-0.242346,-0.073724,-0.043705
0.186198,-0.101243,0.267420
0.169264,-0.033798,-0.274283
-0.116325,0.095437,0.028000
-0.109546,0.052296,-0.696155
0.601934,-0.066998,0.055975
0.277250,-0.017962,-0.329268
0.154472,-0.052984,0.094132
0.070146,0.004064,0.278433
-0.178518,-0.084040,0.021194
-0.310621,-0.084308,-0.015516
-0.280878,-0.084523,-0.013935
-0.022326,0.009557,-0.390389
0.032498,0.017033,-0.404108
-0.118121,0.049268,-0.657864
0.062724,0.012907,-0.370051
-0.704144,0.055994,0.074785
0.032150,-0.055128,-0.091107
0.290970,-0.116490,-0.271871
0.348607,0.008619,-0.088508
-0.130929,0.041953,0.084887
0.288210,-0.052904,0.081940
0.023495,-0.055851,-0.076503
0.215969,-0.027233,0.265062
0.010954,-0.138864,0.178136
-0.677535,0.059853,-0.029879
0.134804,-0.018069,0.065594
-0.744819,0.293324,-0.006165
-0.056517,-0.033638,-0.199764
0.650167,-0.041676,-0.074681
-0.627267,0.029868,0.037941
-0.606098,0.027751,0.025883
-0.130500,-0.004939,-0.456601
0.189896,-0.010138,-0.091107
0.388453,0.094902,0.029286
-0.652240,0.128771,-0.006513
0.487731,-0.084389,0.018729
-0.336318,0.002242,-0.088213
0.118968,-0.012898,-0.134731
0.307851,-0.105423,0.336660
-0.103624,-0.033155,-0.084328
0.128775,-0.004162,0.180253
-0.542565,0.100931,-0.005254
-0.159091,0.007226,0.092444
0.096326,-0.011451,-0.161312
-0.752081,0.036326,0.028536
-0.216300,0.097367,0.020631
0.205706,-0.094705,0.351210
0.114038,-0.057164,0.303567
-0.206413,0.053047,0.716088
0.307369,-0.116597,0.309302
-0.082804,0.041444,0.583476
0.034749,0.014997,0.377256
0.325456,-0.116302,0.293224
0.761021,0.019686,0.074571
-0.174258,0.025661,-0.603200
-0.072836,-0.007807,0.090675
0.300991,-0.079298,0.319270
0.293113,-0.063595,-0.323024
0.041903,-0.057754,-0.091107
-0.638842,0.134291,-0.006406
-0.782387,0.047419,-0.015088
-0.035429,-0.001027,0.340921
0.374787,0.068106,-0.065383
0.771551,0.066873,0.030706
-0.362203,-0.012683,-0.084328
0.059347,-0.022812,0.094132
-0.809370,0.071911,-0.269888
-0.484017,-0.006118,-0.073047
-0.324153,-0.051564,0.071623
-0.001265,-0.014398,0.318493
-0.038350,0.029359,-0.599342
0.287835,-0.041489,-0.324873
0.769220,-0.044945,0.062647
-0.069245,-0.088569,0.028429
-0.356120,0.090507,0.038182
0.097558,-0.064346,-0.295987
0.274946,-0.011317,0.330497
0.830689,-0.016676,0.057448
-0.516493,0.089971,-0.012890
0.015858,-0.091597,0.050535
-0.005552,-0.090847,0.036092
0.059535,0.006663,-0.321684
0.206483,-0.021285,-0.026958
0.272132,-0.052153,-0.091107
0.304394,-0.007967,0.301611
-0.629598,0.074724,-0.019053
-0.053731,-0.001751,-0.365656
-0.487956,0.055458,0.067497
0.308119,-0.042587,0.088933
0.452146,0.084558,-0.046787
-0.464911,-0.005529,-0.075539
-0.874859,0.075314,0.295582
0.179714,-0.006467,-0.202283
0.174730,-0.053842,-0.091107
0.206912,-0.026269,0.302013
-0.076212,-0.071527,0.085396
0.420929,-0.040685,0.079796
0.618092,0.050983,-0.076745
0.075639,0.006208,-0.310028
-0.402236,0.021347,0.085906
0.226955,-0.051269,-0.245370
0.768363,-0.090203,-0.026771
0.259083,-0.108317,0.345262
0.148416,-0.057941,-0.281893
0.277197,-0.123591,0.307721
0.016849,-0.022035,-0.168600
0.738646,-0.131817,0.002624
0.405093,0.040238,-0.081836
-0.168684,0.060603,-0.791762
-0.732225,0.049429,-0.003003
0.098550,0.093213,-0.029557
-0.642835,0.198815,0.004768
-0.497816,0.087345,0.004420
0.166986,-0.004162,-0.219244
-0.051855,-0.038273,0.171786
-0.050113,-0.032405,0.207746
0.184832,-0.038327,0.327684
-0.159547,0.028127,-0.590687
0.131964,-0.002796,-0.208955
0.064733,-0.055128,-0.080871
-0.469199,0.000822,0.079582
0.272722,-0.118607,0.328595
0.293783,-0.022089,0.074812
-0.138593,0.056208,-0.710062
-0.048800,-0.044410,0.277334
0.302626,-0.043070,-0.349900
-0.125007,0.088444,0.044533
0.613242,0.080459,0.054635
-0.115709,0.029198,0.540442
-0.264988,-0.057861,0.066881
0.222935,-0.018659,0.334222
-0.001988,-0.116383,0.151743
-0.191916,0.056289,0.752637
-0.047273,-0.046071,-0.267048
-0.753984,0.314439,-0.005923
0.298365,-0.048482,-0.285805
0.249302,0.078369,-0.054692
-0.697981,0.025393,0.012512
-0.810121,0.283195,0.004098
-0.818963,0.072661,0.239177
-0.622738,-0.022785,0.038075
0.261896,-0.022893,-0.030576
-0.066914,-0.005958,0.370316
-0.239077,0.013737,-0.087865
0.182661,-0.081870,-0.347114
0.200320,-0.060701,0.094132
0.020601,0.027082,0.484010
0.765067,0.075153,0.004259
-0.054695,-0.031896,-0.258956
-0.073372,0.016229,-0.458557
-0.530588,0.009075,0.072856
-0.250385,0.075260,0.062433
0.736342,0.062773,-0.049842
0.286870,-0.025385,-0.344059
0.115913,0.001090,-0.375651
0.099595,-0.028788,-0.039874
0.197828,-0.100949,-0.315763
0.177409,-0.036049,0.339849
-0.751143,0.102297,0.001981
-0.056866,-0.018498,0.275057
0.453915,-0.083880,-0.018812
-0.182993,-0.002715,-0.087570
-0.766363,0.029466,0.008546
-0.142853,0.027242,0.089871
0.661528,-0.062363,-0.057586
0.293837,-0.059522,-0.300060
-0.241649,0.034236,0.088022
0.169156,-0.084014,-0.261474
-0.751465,0.011996,0.028938
-0.017717,-0.043632,-0.279267
-0.450602,0.092142,-0.021492
0.027809,-0.136319,0.169562
-0.662021,0.180353,-0.006218
-0.360408,-0.076806,0.034002
0.156080,-0.043659,0.313133
0.263933,-0.018712,-0.337628
-0.745730,0.086273,-0.002413
-0.639807,0.030351,-0.034193
-0.660413,0.030511,-0.035131
-0.010080,-0.021365,-0.264475
0.387970,-0.032512,0.083333
0.228509,-0.105075,0.261337
-0.109627,0.051305,0.655342
0.628542,-0.069464,0.052652
0.286816,-0.003305,0.091238
-0.367026,-0.064265,-0.050458
0.020601,-0.018016,-0.188697
0.311629,-0.075519,-0.247728
0.250026,-0.117348,0.332882
-0.785201,0.249567,-0.005468
0.631008,0.038175,0.085343
-0.571799,0.091311,-0.006379
-0.033285,-0.045964,-0.094644
0.111653,0.007762,0.352389
-0.006222,-0.058049,-0.091107
0.062992,-0.055208,0.067792
0.106106,0.080137,-0.052441
0.030167,-0.046366,0.094132
-0.676571,0.057254,0.104957
0.291908,-0.079298,0.275941
0.513214,-0.085300,0.011896
0.297052,-0.074823,-0.336985
0.515786,0.004493,0.092256
0.702579,0.039354,-0.074708
-0.149070,0.044740,0.636638
-0.761433,0.172529,0.004232
-0.009678,-0.119893,-0.158204
0.741942,-0.088810,-0.001047
0.282717,-0.090686,-0.276909
0.248365,-0.014586,-0.281625
-0.757413,0.004841,0.021167
-0.469949,0.053315,0.003160
-0.041914,-0.041918,-0.091107
0.712467,-0.075305,0.036467
0.583070,-0.083799,-0.019241
-0.837345,0.023464,0.007448
0.220765,-0.019061,-0.311261
-0.689727,0.144876,-0.006406
-0.003113,-0.061961,-0.038963
0.211976,-0.065578,-0.016722
0.278751,-0.064747,-0.021867
0.207260,-0.062899,-0.033148
-0.046630,-0.064399,-0.023984
0.051416,-0.059415,-0.054584
