-0.299200,-0.376521,-0.101222
0.353507,0.572545,-0.652596
-0.290589,-0.291318,0.175788
0.189043,0.100451,-0.575078
0.353507,-0.114248,-0.221493
0.353507,0.386081,0.438933
0.156448,-0.583613,-0.020016
-0.038269,-0.583613,-0.099341
-0.294687,0.389991,-0.510956
-0.290589,-0.066099,0.090306
-0.114328,0.534765,0.629663
-0.152504,0.614001,0.450993
0.247172,0.614001,-0.262436
-0.178923,-0.290965,0.582279
-0.411356,0.587604,0.010244
-0.109061,0.172135,-0.575078
0.353507,-0.274436,-0.518330
0.353507,0.081344,-0.025888
0.066011,-0.236554,-0.575078
0.162942,-0.630680,0.597773
-0.290589,-0.290206,-0.443432
0.055409,-0.530720,0.622535
0.095928,0.614001,-0.315086
0.353507,-0.390665,0.520039
-0.246128,0.614001,0.249505
0.270324,-0.518425,0.622535
-0.350573,0.528616,0.070810
-0.290589,0.362358,0.279800
0.005793,-0.583613,-0.239310
0.277646,0.085841,0.582279
0.293186,0.204726,-0.575078
-0.199157,-0.695869,0.421256
0.353507,-0.114248,-0.221493
0.353507,-0.580311,0.109414
-0.332291,0.614001,0.126882
0.353507,0.514770,-0.450889
0.281383,0.614001,0.504654
-0.264764,0.614001,0.629176
0.201066,-0.583613,0.357750
0.353507,-0.562304,-0.459728
-0.299197,-0.366399,-0.529003
0.353507,0.195241,0.531191
0.353507,0.558738,0.426470
0.247172,0.614001,-0.262436
0.353507,-0.419409,-0.340032
0.275366,-0.583613,0.175510
-0.299200,-0.376521,-0.101222
-0.290589,-0.302481,0.412347
-0.159187,-0.583613,-0.468702
0.170306,-0.593863,-0.446536
-0.290589,0.117980,0.150173
0.317105,0.448107,0.582279
0.353507,-0.270556,0.140349
0.353507,0.310145,0.340929
-0.361808,0.537479,0.276666
-0.184048,-0.096556,-0.575078
0.081416,0.614001,0.642747
0.353507,0.500521,-0.030500
0.004504,0.614001,0.559610
0.353507,0.600075,-0.400804
-0.290589,-0.279903,0.047341
-0.332320,-0.444192,0.357980
0.353507,-0.533377,-0.165625
-0.132207,0.256068,-0.575078
0.353507,-0.424994,-0.404677
-0.380432,0.552886,0.145266
-0.199157,-0.695869,0.421256
0.353507,-0.193975,-0.166950
0.353507,-0.382771,0.451188
0.184990,0.614001,0.412668
0.353507,0.310145,0.340929
-0.002017,-0.583613,0.526291
0.254454,-0.014594,-0.575078
-0.264764,0.614001,0.629176
-0.359239,0.614001,-0.401572
-0.185998,0.614001,-0.499063
0.353507,-0.291026,-0.413762
-0.290589,-0.308325,0.096175
-0.148259,0.614001,0.634936
0.026809,0.095906,-0.575078
0.102231,0.144876,-0.575078
-0.275211,0.317612,0.582279
0.353507,0.052441,-0.197958
0.353507,0.087774,-0.139671
-0.075395,0.614001,-0.574796
-0.298467,-0.091356,-0.526080
-0.306511,0.446219,0.135400
-0.290589,0.305997,-0.469996
0.161848,-0.704380,0.620843
0.127841,-0.077270,0.582279
0.335866,0.146936,-0.575078
0.343879,-0.636113,-0.561652
0.353507,0.261957,-0.442178
-0.171622,0.614001,-0.061476
0.305407,-0.314498,-0.575078
-0.350971,-0.504233,-0.570512
0.353507,0.339734,-0.415208
0.120007,-0.507613,-0.615334
-0.082389,-0.583613,-0.236393
-0.356683,0.533722,-0.244871
0.353507,-0.000999,-0.542916
0.293186,0.204726,-0.575078
-0.244745,-0.618245,0.609334
-0.264764,0.614001,0.629176
-0.290589,-0.279903,0.047341
0.170571,-0.432785,-0.585275
-0.290589,0.113660,0.267800
0.353507,0.061778,0.062746
0.247430,0.614001,-0.479217
-0.302306,-0.704380,-0.536228
0.353507,-0.193975,-0.166950
0.353507,-0.193739,-0.375794
0.353507,-0.449762,-0.573791
0.105417,-0.260046,0.582279
-0.293878,0.614001,0.000233
-0.071059,0.228965,-0.575078
-0.300963,0.347096,-0.575078
-0.290589,0.113660,0.267800
-0.199157,-0.695869,0.421256
-0.290589,-0.182879,-0.314177
0.353507,0.442803,-0.171392
-0.290589,0.113660,0.267800
0.249270,-0.661815,-0.610846
0.281383,0.614001,0.504654
0.353507,-0.291026,-0.413762
-0.142443,0.614001,-0.116850
-0.132207,0.256068,-0.575078
-0.290589,-0.049869,0.492800
-0.230083,0.111881,0.582279
0.275366,-0.583613,0.175510
0.168414,0.614001,0.234290
0.353507,0.461821,0.250686
-0.272724,0.208482,0.582279
-0.290589,-0.063413,-0.296396
0.316439,0.608659,-0.675718
-0.080693,-0.583613,0.532611
-0.149692,-0.689935,0.548484
0.081416,0.614001,0.642747
-0.270027,-0.331510,0.582279
0.353507,-0.198610,0.184780
-0.176980,-0.164200,-0.575078
-0.313397,0.472142,-0.464139
-0.103549,-0.583613,-0.495538
0.225788,0.378999,0.582279
-0.094394,0.512510,-0.599711
0.353507,-0.419409,-0.340032
-0.290589,-0.291318,0.175788
0.061538,-0.325697,0.582279
0.353507,0.143992,0.290722
0.353507,-0.167497,-0.268243
0.353507,-0.331137,0.090818
-0.262147,-0.583613,-0.300095
0.353507,0.537936,0.125178
-0.185998,0.614001,-0.499063
-0.361808,0.537479,0.276666
0.343879,-0.636113,-0.561652
-0.291650,-0.346321,-0.239280
0.084621,0.073351,0.582279
-0.383530,0.614001,-0.040199
-0.017828,0.315452,-0.575078
-0.162988,-0.583613,0.092311
-0.285556,0.028882,-0.008349
-0.290589,-0.290206,-0.443432
0.310628,-0.427537,0.587227
0.127841,-0.077270,0.582279
-0.300471,-0.046646,0.582279
-0.298467,-0.091356,-0.526080
-0.044172,-0.114373,0.582279
0.304761,0.323962,-0.575078
-0.410758,0.583211,-0.605575
-0.290589,-0.066099,0.090306
-0.164029,-0.226386,-0.575078
-0.341312,-0.583613,-0.173356
-0.290589,-0.242846,0.122408
0.305407,-0.314498,-0.575078
-0.290589,-0.150106,0.367861
0.353507,-0.016969,0.198783
-0.139960,-0.583613,0.461819
-0.290589,-0.313776,-0.321806
-0.290589,-0.252752,-0.307528
-0.150554,-0.583613,-0.412947
-0.049354,-0.524437,-0.615334
0.353507,-0.291026,-0.413762
-0.260525,-0.433757,0.593448
0.310628,-0.427537,0.587227
0.165782,0.614001,-0.593641
0.353507,0.386081,0.438933
0.152228,-0.693467,-0.594491
-0.290589,0.379830,0.483410
0.168414,0.614001,0.234290
-0.290589,0.379830,0.483410
0.353507,0.104535,-0.406124
0.249270,-0.661815,-0.610846
0.353507,0.567569,-0.060554
-0.281657,-0.517228,0.622535
-0.101198,-0.114331,-0.575078
-0.297969,0.506002,-0.594822
-0.290589,-0.176595,0.007767
0.187063,-0.563235,0.622535
-0.310584,0.446010,-0.574550
0.353507,-0.533377,-0.165625
0.019387,0.557907,0.657017
-0.270027,-0.331510,0.582279
0.260596,-0.098717,-0.575078
0.353507,-0.424994,-0.404677
0.304761,0.323962,-0.575078
-0.307610,-0.386220,0.569854
0.156448,-0.583613,-0.020016
0.281383,0.614001,0.504654
0.321385,0.614001,-0.533361
0.194881,-0.093648,0.582279
-0.244745,-0.618245,0.609334
0.033543,0.614001,-0.441889
0.353507,-0.000999,-0.542916
0.353507,0.537936,0.125178
-0.217250,0.614001,-0.173143
-0.082389,-0.583613,-0.236393
0.353507,-0.277214,0.511288
0.317115,-0.069324,0.582279
-0.410758,0.583211,-0.605575
-0.280779,-0.583613,0.054055
0.272398,0.614001,0.361322
0.095928,0.614001,-0.315086
0.050521,0.614001,-0.620313
-0.332320,-0.444192,0.357980
0.158373,-0.179578,0.582279
-0.079094,0.614001,-0.032163
-0.157294,-0.704380,-0.606037
0.353507,0.473179,0.473148
-0.262147,-0.583613,-0.300095
0.353507,-0.270556,0.140349
-0.101198,-0.114331,-0.575078
0.353507,-0.008885,-0.128792
-0.294687,0.389991,-0.510956
0.135436,0.195853,0.582279
-0.297969,0.506002,-0.594822
-0.025492,-0.442420,-0.594909
-0.164029,-0.226386,-0.575078
0.168282,0.614001,0.338057
0.026809,0.095906,-0.575078
0.197835,-0.583613,-0.133415
0.353507,-0.193975,-0.166950
-0.290589,0.143893,-0.432303
-0.317117,-0.695587,-0.615334
0.028810,0.614001,0.039340
-0.199157,-0.695869,0.421256
0.351501,0.243399,-0.575078
0.164476,-0.583613,0.454218
-0.080693,-0.583613,0.532611
0.353507,-0.437772,-0.130044
0.006193,0.240823,-0.575078
0.353507,0.572545,-0.652596
-0.330567,0.238729,-0.223761
-0.290589,-0.150106,0.367861
0.353507,0.515659,0.037628
-0.290589,-0.291318,0.175788
0.083530,0.614001,-0.469898
0.335866,0.146936,-0.575078
-0.109061,0.172135,-0.575078
-0.084644,0.072089,-0.575078
-0.274560,0.614001,-0.639533
0.254454,-0.014594,-0.575078
-0.290589,0.285449,-0.107063
-0.157471,-0.583613,-0.190551
-0.374896,0.547351,0.622427
-0.291367,0.385642,0.141896
-0.021666,-0.583613,0.132696
-0.276433,-0.357493,-0.575078
0.353507,0.195241,0.531191
-0.339954,0.517962,-0.428026
-0.350573,0.528616,0.070810
0.353507,0.549000,-0.131609
0.353507,0.473179,0.473148
-0.310584,0.446010,-0.574550
-0.290589,-0.226767,-0.035543
0.353507,0.549000,-0.131609
-0.290589,-0.222839,0.192467
0.316439,0.608659,-0.675718
0.137609,-0.195929,-0.575078
0.198387,0.614001,-0.124212
0.353507,0.372567,-0.074581
-0.326892,-0.438765,0.273146
0.353507,-0.248619,-0.087055
-0.308056,0.452401,-0.276511
0.353507,-0.372960,-0.086637
-0.333644,-0.635746,0.612834
-0.344985,-0.654317,0.458812
0.242981,0.593377,0.682919
0.353507,-0.008885,-0.128792
-0.411356,0.587604,0.010244
0.353507,-0.424994,-0.404677
-0.291650,-0.346321,-0.239280
0.170571,-0.432785,-0.585275
0.353507,-0.266592,0.318575
0.094578,0.592582,-0.675718
-0.309174,0.086555,0.582279
-0.075395,0.614001,-0.574796
0.324085,0.500780,0.598543
0.353507,0.061778,0.062746
-0.214937,-0.583613,0.249311
-0.290589,0.187131,0.206896
0.353507,0.558738,0.426470
-0.306511,0.446219,0.135400
0.120007,-0.507613,-0.615334
-0.291650,-0.346321,-0.239280
0.353507,-0.274436,-0.518330
0.353507,0.087774,-0.139671
0.353507,-0.114248,-0.221493
0.353507,-0.277767,-0.140257
0.208249,-0.704380,-0.423448
-0.148572,-0.583613,0.388236
0.031886,-0.583613,0.309800
0.194881,-0.093648,0.582279
-0.163178,0.066779,-0.575078
0.353507,-0.156791,0.438027
-0.286849,0.010162,-0.321469
0.198387,0.614001,-0.124212
-0.352798,0.614001,0.604001
0.353507,0.372567,-0.074581
0.112763,-0.583613,0.366514
0.353507,0.098878,-0.332482
0.037980,0.495385,0.595269
0.112763,-0.583613,0.366514
-0.290589,0.113660,0.267800
-0.082389,-0.583613,-0.236393
-0.251399,0.439759,0.582279
-0.071059,0.228965,-0.575078
-0.144488,-0.583613,0.022509
0.037980,0.495385,0.595269
-0.132207,0.256068,-0.575078
0.170571,-0.432785,-0.585275
-0.359105,0.535510,-0.589121
-0.025492,-0.442420,-0.594909
0.050891,0.299675,0.582279
-0.101198,-0.114331,-0.575078
-0.290589,-0.208507,-0.100809
-0.281657,-0.517228,0.622535
-0.075395,0.614001,-0.574796
0.045564,0.614001,-0.295247
-0.309174,0.086555,0.582279
-0.272724,0.208482,0.582279
0.277646,0.085841,0.582279
0.353507,-0.060137,-0.453607
-0.176980,-0.164200,-0.575078
0.353507,-0.060137,-0.453607
-0.290589,-0.166518,-0.483113
0.353507,0.310145,0.340929
0.095928,0.614001,-0.315086
0.353507,0.178823,-0.490168
0.353507,-0.212123,-0.317967
0.353507,0.600075,-0.400804
-0.332410,-0.583613,-0.059874
-0.290589,-0.226767,-0.035543
-0.162988,-0.583613,0.092311
-0.297123,-0.296467,-0.520705
0.353507,0.367176,0.527471
0.260596,-0.098717,-0.575078
0.314628,-0.583613,-0.379148
0.353507,0.552076,0.589248
0.155980,-0.583613,0.544720
-0.411356,0.587604,0.010244
-0.142443,0.614001,-0.116850
0.353507,0.026329,0.411339
0.345849,-0.281854,-0.575078
0.033543,0.614001,-0.441889
-0.290589,-0.117637,-0.237793
-0.290589,-0.098248,0.008113
-0.128097,0.614001,-0.273410
0.353507,0.267652,0.212582
-0.290589,-0.279903,0.047341
-0.350971,-0.582760,-0.551485
0.272398,0.614001,0.361322
0.255388,0.528104,0.621585
0.028810,0.614001,0.039340
0.066011,-0.236554,-0.575078
0.352527,-0.679353,0.568397
-0.001159,-0.583613,-0.576801
0.000799,0.614001,0.643070
0.156448,-0.583613,-0.020016
-0.332291,0.614001,0.126882
-0.103549,-0.583613,-0.495538
-0.162190,-0.583613,-0.539405
-0.290589,-0.098248,0.008113
0.353507,-0.207398,0.485431
0.353507,0.126311,0.499671
-0.071059,0.228965,-0.575078
0.353507,0.104535,-0.406124
0.304761,0.323962,-0.575078
-0.275211,0.317612,0.582279
-0.162190,-0.583613,-0.539405
0.072146,-0.583613,0.031808
-0.079832,-0.583613,0.286550
0.108972,0.614001,0.228857
0.068291,-0.193356,0.582279
-0.281657,-0.517228,0.622535
-0.406413,0.614001,0.067155
-0.263507,-0.583613,0.207180
-0.188627,-0.604018,-0.599287
-0.290589,0.143893,-0.432303
-0.290589,-0.081817,0.388604
-0.137952,0.614001,-0.007249
0.353507,0.018529,-0.373773
-0.244745,-0.618245,0.609334
-0.100779,0.291421,0.582279
0.168282,0.614001,0.338057
0.353507,-0.167497,-0.268243
0.353507,0.442803,-0.171392
-0.157471,-0.583613,-0.190551
-0.332858,0.509398,-0.044917
0.280614,-0.172703,-0.575078
0.353507,0.372567,-0.074581
-0.351439,0.529341,0.402102
0.353507,-0.321351,0.279892
-0.222460,-0.476235,0.622535
0.353507,-0.382771,0.451188
-0.137952,0.614001,-0.007249
0.272398,0.614001,0.361322
-0.290589,-0.166518,-0.483113
0.043076,0.408878,0.582279
0.235214,-0.692784,0.421256
0.287580,0.614001,0.432583
0.353507,0.126311,0.499671
-0.270084,-0.583613,-0.395113
-0.101198,-0.114331,-0.575078
0.353507,-0.421818,0.207587
0.353507,-0.438354,0.355907
0.161848,-0.704380,0.620843
-0.080693,-0.583613,0.532611
0.165782,0.614001,-0.593641
-0.178923,-0.290965,0.582279
-0.101198,-0.114331,-0.575078
-0.296879,-0.367238,0.397336
0.353507,-0.437772,-0.130044
-0.410758,0.583211,-0.605575
0.353507,0.549000,-0.131609
0.152228,-0.703274,0.443739
-0.222460,-0.476235,0.622535
-0.270084,-0.583613,-0.395113
-0.296879,-0.367238,0.397336
-0.350971,-0.501887,-0.485371
-0.188627,-0.604018,-0.599287
-0.356683,0.533722,-0.244871
-0.290589,-0.226767,-0.035543
0.187063,-0.563235,0.622535
-0.244745,-0.618245,0.609334
-0.310584,0.446010,-0.574550
-0.290589,-0.176595,0.007767
-0.290589,-0.229268,-0.419486
-0.290589,-0.066099,0.090306
-0.080693,-0.583613,0.532611
-0.290589,0.128008,-0.489003
-0.300963,0.347096,-0.575078
-0.299725,0.071370,-0.575078
-0.382252,0.554706,-0.098434
0.353507,0.178823,-0.490168
-0.359239,0.614001,-0.401572
0.353507,-0.071965,0.421123
-0.309504,-0.287612,-0.570229
0.048842,-0.431490,-0.583981
0.353507,-0.179092,-0.444437
0.353507,0.052441,-0.197958
0.069200,0.388506,-0.575078
-0.090826,0.614001,0.615507
0.314628,-0.583613,-0.379148
-0.114328,0.534765,0.629663
0.305531,-0.249333,0.582279
0.353507,0.310145,0.340929
0.019387,0.557907,0.657017
-0.290589,0.197662,0.117941
-0.411356,0.587604,0.010244
-0.290589,-0.166518,-0.483113
0.353507,0.344858,0.216719
-0.324593,0.496857,0.151488
-0.154650,-0.659463,0.600640
-0.290589,0.083860,0.025520
-0.252505,0.614001,-0.075388
-0.310584,0.446010,-0.574550
-0.307610,-0.386220,0.569854
0.353507,0.513585,0.329697
0.353507,0.473179,0.473148
-0.149692,-0.689935,0.548484
0.314628,-0.583613,-0.379148
-0.309504,-0.287612,-0.570229
0.223626,-0.583613,-0.052083
-0.297969,0.506002,-0.594822
0.035612,-0.014065,-0.575078
-0.000003,-0.583613,-0.038487
-0.355879,0.614001,0.499937
0.353507,-0.101517,-0.307601
0.353507,-0.507656,0.152339
0.353507,-0.421818,0.207587
-0.185998,0.614001,-0.499063
-0.081932,-0.583613,-0.395352
0.353507,0.043251,-0.437789
0.033543,0.614001,-0.441889
-0.185998,0.614001,-0.499063
0.066732,0.614001,0.186296
-0.154650,-0.659463,0.600640
0.317115,-0.069324,0.582279
-0.263507,-0.583613,0.207180
0.324085,0.500780,0.598543
0.162297,-0.633909,0.506364
0.161848,-0.704380,0.620843
0.168282,0.614001,0.338057
0.353507,-0.000999,-0.542916
0.206273,0.568157,-0.660066
0.353507,-0.424994,-0.404677
0.353507,0.537936,0.125178
-0.038269,-0.583613,-0.099341
0.353507,-0.438354,0.355907
-0.276288,0.264087,-0.575078
0.339049,0.614001,0.347461
