-0.233757,-0.049687,-0.234185
-0.047943,-0.087516,0.067267
-0.058385,0.067966,0.065877
0.070456,-0.070108,0.117430
0.092411,0.013727,-0.596042
-0.188007,-0.072411,-0.175058
-0.041097,-0.092976,0.232379
-0.502625,-0.017165,0.114723
0.770713,0.150897,0.255017
-0.063269,-0.075294,-0.396824
-0.077955,-0.053906,0.253872
0.011187,0.092864,0.567219
0.050444,-0.084614,-0.735650
0.071255,-0.026076,-0.087374
-0.546757,0.011877,0.044550
0.003469,-0.102862,-0.571021
0.075600,0.047049,0.513667
0.076089,0.033468,0.720870
-0.218574,-0.032911,-0.012562
0.002753,0.354494,0.841661
-0.587443,0.018244,0.104753
-0.130298,0.060171,0.726813
-0.051675,-0.056142,-0.890486
0.526310,0.012461,0.066297
0.019928,-0.051393,0.588319
0.083260,-0.027258,0.455723
-0.005366,0.091557,-0.135956
0.087654,0.026618,-0.670102
-0.770125,0.122895,0.255788
0.222826,-0.048186,-0.037685
0.033851,0.026962,-0.913437
0.102875,0.040033,0.628685
0.068515,0.020162,-0.869148
-0.208262,-0.116810,-0.124012
-0.010878,0.089759,-0.374085
-0.164202,-0.062787,-0.114298
0.047806,0.078043,-0.404946
0.092411,0.015173,0.067603
-0.085249,-0.023162,0.430491
-0.100698,-0.060289,-0.250220
0.009611,-0.101461,0.070695
0.015296,0.089572,0.157501
-0.198891,0.059652,0.782545
0.060484,-0.079157,-0.377441
0.245877,-0.070135,-0.117061
-0.527959,-0.008618,0.078731
-0.090353,-0.007213,0.186621
-0.090353,-0.030043,-0.608419
0.000988,0.231709,0.600903
-0.359190,-0.003459,-0.046382
-0.395621,-0.011490,0.079614
-0.005999,-0.022964,-0.137171
-0.056140,-0.029245,0.587298
-0.090353,-0.004779,-0.098724
-0.275128,-0.042864,-0.032568
-0.057408,0.068745,-0.490352
0.529345,0.001002,0.022113
-0.563644,0.005426,0.151072
-0.000141,0.418201,0.814772
-0.048962,0.071474,-0.744371
-0.063269,-0.075294,-0.396824
-0.371851,-0.032418,-0.019848
-0.052700,0.072499,-0.032618
0.092411,0.008828,0.179510
0.050444,-0.084614,-0.735650
0.066992,-0.092630,-0.104814
0.011187,0.092864,0.567219
0.180402,-0.033247,-0.001866
0.222826,-0.048186,-0.037685
0.039837,0.083572,0.435416
0.000164,0.048140,-0.897605
0.092411,-0.001613,-0.361771
-0.000682,0.114848,0.477703
0.092411,-0.019310,-0.493196
-0.474954,0.003634,-0.002981
-0.063269,-0.075294,-0.396824
0.083096,0.038665,0.140269
0.162967,-0.018778,-0.141078
0.127105,-0.128868,-0.078727
0.014315,-0.148779,-0.792203
0.196475,-0.096086,-0.279117
-0.011061,-0.039172,0.643286
-0.071099,-0.024186,-0.201730
-0.197059,-0.088518,-0.274096
-0.059489,0.067086,0.091992
-0.070638,-0.068486,0.045249
0.196475,-0.096086,-0.279117
0.271835,-0.088186,-0.171905
0.375271,-0.019605,0.094606
-0.118401,-0.022232,-0.178373
-0.395621,-0.011490,0.079614
-0.087751,0.017316,-0.724850
-0.188553,-0.042549,0.044757
-0.087050,-0.024166,-0.750728
0.043442,-0.092748,-0.258692
-0.090353,0.007206,-0.242921
0.081837,0.041279,-0.218247
-0.188553,-0.042549,0.044757
-0.176275,0.048495,0.748586
-0.011540,0.089999,0.086271
0.045003,-0.091502,0.142177
0.051538,-0.097531,-0.130167
-0.025142,0.086223,-0.465986
-0.025647,0.086562,0.393615
-0.201129,-0.057799,-0.113448
-0.077955,-0.053906,0.253872
-0.518014,-0.010465,0.044884
0.074678,-0.064211,0.326008
0.420947,-0.013174,0.085743
0.075589,0.054254,0.262230
0.023389,0.066675,0.758397
-0.076841,0.047380,-0.518053
-0.086295,0.033782,0.624084
-0.012115,-0.100419,-0.347879
-0.309220,-0.041198,-0.076187
-0.005118,0.060257,0.811539
0.705685,0.024789,0.205886
0.052543,0.069220,-0.774398
0.018084,0.084394,-0.769465
0.036401,-0.095347,-0.564204
0.092411,0.019094,-0.429048
0.009657,0.096066,0.724689
-0.090353,-0.011637,-0.461098
0.092411,-0.023908,0.143656
-0.033571,-0.031175,-0.021110
-0.664287,0.012184,0.159778
-0.087012,-0.033561,0.299277
-0.132499,-0.066846,-0.184970
-0.009129,0.102266,0.702981
0.127105,-0.128868,-0.078727
0.045542,0.029295,0.712575
0.091184,-0.033094,-0.565796
0.004198,0.092217,-0.259182
-0.218574,-0.032911,-0.012562
-0.071099,-0.024186,-0.201730
-0.395621,-0.011490,0.079614
-0.003925,0.091920,0.216563
0.071740,-0.025139,0.544490
-0.005999,-0.022964,-0.137171
-0.005366,0.091557,-0.135956
-0.390019,-0.028929,-0.046321
0.051538,-0.097531,-0.130167
0.027072,-0.102487,-0.139955
-0.233757,-0.049687,-0.234185
-0.048564,-0.087021,-0.507593
0.276441,-0.009689,-0.075013
-0.090185,-0.015418,0.328556
-0.227265,-0.135487,-0.224290
-0.082586,0.035451,-0.432912
-0.006251,0.123204,0.591527
0.090215,-0.008015,-0.709833
-0.238175,0.061158,0.715840
0.031030,-0.024229,-0.116919
-0.090353,-0.021569,-0.315089
0.027072,-0.102487,-0.139955
0.005365,0.277659,0.708094
-0.395621,-0.011490,0.079614
-0.069567,-0.068747,0.195765
0.009350,0.230136,0.713234
0.092411,-0.019310,-0.493196
-0.056140,-0.029245,0.587298
-0.213595,-0.017081,-0.141978
-0.089798,-0.023782,-0.649243
-0.031854,-0.095915,-0.388870
0.085131,-0.042197,0.303438
0.067000,0.062736,-0.605866
0.014315,-0.148779,-0.792203
0.006700,0.187369,0.772114
0.071740,-0.025139,0.544490
-0.218574,-0.032911,-0.012562
0.009350,0.230136,0.713234
-0.003342,0.129853,0.558446
0.050444,-0.084614,-0.735650
0.190795,-0.073266,-0.246434
-0.316817,-0.038182,-0.022904
0.092411,0.013382,-0.567429
0.092411,0.010780,-0.336112
0.073346,-0.068900,-0.540791
0.078970,-0.058457,-0.577055
0.190845,-0.087514,-0.147935
-0.063269,-0.075294,-0.396824
0.009611,-0.101461,0.070695
-0.066201,0.061731,-0.161603
-0.035941,0.084017,0.423665
-0.070249,0.054931,0.507201
-0.056140,-0.029245,0.587298
-0.086965,0.003963,-0.753860
0.045542,0.029295,0.712575
0.146375,0.062140,0.686506
-0.168961,-0.032802,-0.006295
-0.063719,0.063711,-0.089119
-0.261703,-0.105769,-0.271512
-0.316817,-0.038182,-0.022904
0.076451,0.052462,-0.541864
-0.010519,-0.100784,-0.268158
0.012079,-0.100898,0.162670
0.026665,-0.101681,-0.178884
-0.048987,0.075461,-0.123170
0.033851,0.026962,-0.913437
-0.502625,-0.017165,0.114723
-0.090353,0.011237,-0.573217
-0.076841,0.047380,-0.518053
-0.048987,0.075461,-0.123170
-0.077969,-0.007540,0.555700
-0.153033,-0.053851,-0.017274
0.375271,-0.019605,0.094606
0.002119,-0.103171,0.017036
-0.164147,0.052480,0.665432
-0.227265,-0.135487,-0.224290
-0.058082,-0.079430,-0.342546
0.088637,-0.034762,0.271403
0.045542,0.029295,0.712575
-0.027911,0.076768,0.659105
-0.033646,0.084426,-0.003477
0.050731,-0.007627,0.666816
-0.007831,0.198834,0.702101
-0.050622,-0.022092,-0.157754
-0.227265,-0.135487,-0.224290
0.092411,0.010780,-0.336112
0.092411,-0.028609,-0.428545
0.013584,-0.100554,0.270364
-0.090353,-0.030043,-0.608419
0.092411,0.019094,-0.429048
0.052543,0.069220,-0.774398
-0.309220,-0.041198,-0.076187
-0.051794,0.048118,0.670393
0.060484,-0.079157,-0.377441
-0.026850,-0.097057,-0.531737
-0.518014,-0.010465,0.044884
-0.066201,0.061731,-0.161603
-0.123024,0.055256,0.648538
0.190795,-0.073266,-0.246434
-0.071099,-0.024186,-0.201730
0.006205,-0.101846,-0.656438
-0.164202,-0.062787,-0.114298
-0.054710,-0.082120,-0.624470
0.073346,-0.068900,-0.540791
-0.172546,-0.022178,-0.069906
0.092411,-0.004176,-0.177953
0.456629,-0.002743,-0.020198
0.004198,0.092217,-0.259182
-0.546757,0.011877,0.044550
-0.092291,-0.137570,-0.120295
-0.048962,0.071474,-0.744371
-0.003925,0.091920,0.216563
0.139582,-0.058287,-0.020935
-0.090353,-0.003591,0.223817
-0.011540,0.089999,0.086271
0.092411,-0.001613,-0.361771
-0.262884,-0.063888,-0.224989
0.068515,0.020162,-0.869148
-0.248372,-0.036416,0.006590
0.064773,0.064513,0.222792
0.052090,0.074627,-0.291529
-0.283073,-0.012156,-0.119089
0.069020,-0.071814,0.013409
-0.090353,0.007206,-0.242921
-0.483436,0.008735,0.041592
0.085546,-0.044759,-0.180912
-0.022666,0.086853,-0.344358
-0.232011,-0.049910,-0.210907
0.039837,0.083572,0.435416
0.080371,-0.121865,-0.123955
-0.017635,-0.084325,-0.877196
-0.090353,-0.002275,-0.185910
-0.376652,-0.032298,0.051826
-0.033571,-0.031175,-0.021110
0.075163,0.055139,-0.462504
-0.239772,-0.104257,-0.245521
0.074438,0.037770,0.565762
0.012079,-0.100898,0.162670
-0.051510,-0.022565,0.625193
0.000842,0.257810,0.629467
-0.142367,-0.025214,-0.051488
-0.070398,-0.081336,-0.014454
0.092411,-0.024081,-0.258342
0.134021,0.060464,0.716961
0.262625,0.063813,0.731426
-0.011540,0.089999,0.086271
-0.067333,-0.068677,-0.726161
0.000988,0.231709,0.600903
-0.007831,0.198834,0.702101
0.004198,0.092217,-0.259182
0.045957,-0.054455,0.530858
-0.084362,-0.040239,0.204223
0.222561,-0.052257,-0.256578
-0.371851,-0.032418,-0.019848
0.052090,0.074627,-0.291529
-0.092703,-0.064017,-0.020313
0.011187,0.079112,0.623331
0.018084,0.084394,-0.769465
-0.044799,0.078800,0.150266
-0.422884,0.001489,-0.020830
-0.359190,-0.003459,-0.046382
0.011147,0.125909,0.683139
-0.283073,-0.012156,-0.119089
0.084894,-0.046156,-0.289286
0.481624,-0.014787,0.001361
0.092382,0.019381,-0.386778
-0.009129,0.102266,0.702981
-0.483436,0.008735,0.041592
-0.248372,-0.036416,0.006590
0.010077,-0.101354,-0.296495
-0.208262,-0.116810,-0.124012
-0.220140,-0.130819,-0.273054
-0.275128,-0.042864,-0.032568
0.271835,-0.088186,-0.171905
-0.047943,-0.087516,0.067267
-0.025142,0.086223,-0.465986
-0.024573,-0.003847,0.729641
0.080371,-0.121865,-0.123955
-0.068453,-0.069196,0.312585
0.021284,-0.085952,-0.869010
-0.000682,0.114848,0.477703
-0.019507,0.087510,-0.573399
0.075374,0.054700,-0.494257
-0.376652,-0.032298,0.051826
0.065187,0.061378,-0.709660
-0.035048,0.083963,-0.405207
0.092411,0.015341,-0.056223
-0.011509,0.090007,0.130702
0.456629,-0.002743,-0.020198
0.076896,-0.034338,0.489216
-0.090353,-0.000362,-0.495942
-0.063269,-0.075294,-0.396824
0.080371,-0.121865,-0.123955
0.114654,-0.066814,-0.074473
-0.483436,0.008735,0.041592
-0.009129,0.102266,0.702981
-0.126468,-0.054308,-0.010553
0.529345,0.001002,0.022113
0.092411,0.008828,0.179510
-0.005999,-0.022964,-0.137171
-0.096094,-0.069132,-0.070302
-0.689832,0.026768,0.168676
-0.015468,0.021177,-0.933339
0.091553,0.021104,-0.528051
0.092411,-0.024081,-0.258342
-0.066195,-0.025773,-0.092220
-0.006890,0.184635,0.664097
-0.050622,-0.022092,-0.157754
0.484350,-0.002492,0.119482
-0.005118,0.060257,0.811539
-0.082586,0.035451,-0.432912
-0.090353,0.011237,-0.573217
-0.011540,0.089999,0.086271
-0.086257,-0.036649,-0.682770
-0.031854,-0.095915,-0.388870
-0.237415,-0.076445,-0.168400
0.579246,-0.000664,0.063112
0.080371,-0.121865,-0.123955
0.222826,-0.048186,-0.037685
-0.176275,0.048495,0.748586
-0.289459,-0.038836,-0.007485
0.221131,0.068415,0.716348
-0.418782,-0.021211,0.050431
0.083623,0.037571,0.198516
0.067507,-0.023436,-0.129606
-0.388100,0.000125,-0.014722
0.117451,-0.021565,-0.162298
-0.082586,0.035451,-0.432912
-0.465199,-0.017466,0.047977
0.222826,-0.048186,-0.037685
-0.006251,0.123204,0.591527
0.073739,0.051217,-0.738921
0.004731,-0.102574,-0.380473
-0.185291,-0.102659,-0.210745
0.087654,0.026618,-0.670102
0.083096,0.038665,0.140269
0.074438,0.037770,0.565762
0.055472,-0.083153,0.054078
-0.210854,-0.084063,-0.182915
0.013584,-0.100554,0.270364
-0.071099,-0.024186,-0.201730
0.030976,-0.096585,-0.350728
-0.006251,0.123204,0.591527
-0.041094,0.081755,-0.090671
0.005681,0.205717,0.639468
-0.005872,-0.102489,-0.136029
-0.019507,0.087510,-0.573399
-0.090353,-0.003591,0.223817
0.047806,0.078043,-0.404946
0.055472,-0.083153,0.054078
-0.232683,-0.092201,-0.195894
-0.025142,0.086223,-0.465986
-0.186117,-0.104905,-0.242921
-0.371851,-0.032418,-0.019848
0.089886,0.011911,0.434971
-0.188007,-0.072411,-0.175058
-0.164202,-0.062787,-0.114298
0.035416,-0.035857,0.629513
0.190845,-0.087514,-0.147935
0.006700,0.187369,0.772114
0.139582,-0.058287,-0.020935
-0.309220,-0.041198,-0.076187
-0.051794,0.048118,0.670393
-0.090353,-0.021569,-0.315089
-0.077955,-0.053906,0.253872
0.127105,-0.128868,-0.078727
0.025649,0.086962,-0.186178
0.092411,0.015173,0.067603
0.197037,0.058725,0.690763
0.018084,0.084394,-0.769465
0.021716,0.087953,-0.155126
0.049750,-0.085163,0.333721
0.068534,-0.052777,0.444645
-0.005366,0.091557,-0.135956
-0.003982,0.088153,0.413866
0.308046,0.071036,0.808400
-0.000193,0.370369,0.758378
-0.256121,-0.123840,-0.187305
0.076451,0.052462,-0.541864
-0.041678,-0.090693,-0.728345
-0.335818,-0.030779,0.029372
0.083096,0.038665,0.140269
-0.090353,-0.019946,-0.582518
-0.092703,-0.054561,-0.186111
0.036401,-0.095347,-0.564204
0.131449,-0.148738,-0.117965
-0.036886,-0.061343,0.526122
0.000842,0.257810,0.629467
-0.086257,-0.036649,-0.682770
-0.000682,0.114848,0.477703
-0.208262,-0.116810,-0.124012
0.217027,-0.055038,-0.134494
-0.164147,0.052480,0.665432
0.092411,0.013727,-0.596042
-0.077085,0.046874,0.090369
0.355872,-0.010711,0.044082
-0.130298,0.060171,0.726813
-0.027457,0.065398,0.742848
-0.210854,-0.084063,-0.182915
-0.344089,-0.035537,-0.020338
-0.063269,-0.075294,-0.396824
0.047806,0.078043,-0.404946
0.085546,-0.044759,-0.180912
-0.024573,-0.003847,0.729641
-0.359190,-0.003459,-0.046382
-0.006481,0.277178,0.741494
-0.354384,-0.008130,0.031273
-0.085249,-0.023162,0.430491
-0.244854,-0.015995,-0.047211
-0.070398,-0.081336,-0.014454
-0.089197,0.002995,-0.671408
0.028114,-0.077528,0.452288
0.092411,0.019094,-0.429048
-0.646425,0.017594,0.101949
0.080690,0.028147,-0.790466
0.087831,0.028832,0.261760
0.016267,0.084792,0.496940
-0.041094,0.081755,-0.090671
-0.003682,0.091981,-0.167549
-0.248372,-0.036416,0.006590
0.219448,-0.093098,-0.246309
-0.395621,-0.011490,0.079614
0.526310,0.012461,0.066297
-0.483436,0.008735,0.041592
-0.073482,-0.034631,0.502447
-0.009129,0.102266,0.702981
-0.164147,0.052480,0.665432
-0.044566,0.045489,-0.880462
-0.232690,-0.032025,-0.071319
0.219448,-0.093098,-0.246309
0.011147,0.125909,0.683139
0.011147,0.125909,0.683139
0.021716,0.087953,-0.155126
0.074678,-0.064211,0.326008
-0.077969,-0.007540,0.555700
-0.363206,-0.035673,0.010549
0.009611,-0.101461,0.070695
-0.238175,0.061158,0.715840
-0.076841,0.047380,-0.518053
0.092171,-0.031044,-0.324591
0.009350,0.230136,0.713234
-0.007603,0.212129,0.739398
-0.248372,-0.036416,0.006590
-0.238912,-0.014976,-0.127216
0.004198,0.092217,-0.259182
0.092411,-0.028609,-0.428545
-0.000141,0.418201,0.814772
-0.017635,-0.084325,-0.877196
0.281277,0.063622,0.771803
0.774207,0.054738,0.213872
0.217027,-0.055038,-0.134494
-0.218236,-0.021383,-0.164400
-0.090353,-0.003591,0.223817
0.031030,-0.024229,-0.116919
-0.238175,0.061158,0.715840
0.000164,0.048140,-0.897605
-0.051788,-0.083785,0.280524
0.092411,-0.004176,-0.177953
0.494533,-0.021794,0.092336
-0.359190,-0.003459,-0.046382
0.120155,-0.023387,-0.104998
0.071464,-0.022926,-0.175273
-0.077085,0.046874,0.090369
0.245556,-0.047635,-0.050875
0.047693,0.078134,-0.198406
-0.090353,0.009360,-0.216354
-0.213595,-0.017081,-0.141978
-0.010519,-0.100784,-0.268158
0.041099,0.083067,0.207746
-0.070249,0.054931,0.507201
0.162967,-0.018778,-0.141078
-0.022666,0.086853,-0.344358
-0.085249,-0.023162,0.430491
0.245877,-0.070135,-0.117061
-0.044566,0.045489,-0.880462
0.016035,0.089471,0.373474
-0.259583,-0.064562,-0.170721
-0.309220,-0.041198,-0.076187
-0.043028,-0.090316,-0.678284
