-0.155039,-0.717003,0.091732
-0.194785,-0.152469,0.097949
0.212612,0.242830,0.097949
0.072915,-0.882853,0.058229
0.011463,0.200395,-0.032647
0.414364,0.502730,-0.096597
0.349234,-0.822625,0.091732
-0.065649,0.796258,0.048159
0.275552,-0.746851,0.097949
-0.049975,-0.876634,-0.068616
-0.352101,-0.248521,-0.023461
-0.425923,-0.021682,0.091732
-0.431412,0.682340,-0.115217
0.158168,0.412760,0.014732
0.006279,0.635270,0.097949
-0.431412,-0.171559,0.090579
-0.160984,-0.198092,0.091732
0.121602,0.608238,0.097949
0.080216,0.491946,0.091732
-0.081963,-0.220618,0.091732
-0.160984,-0.198092,0.091732
-0.437632,-0.708972,0.015286
0.414364,-0.004130,0.032653
0.233926,0.796258,0.002451
0.414364,-0.878877,0.022209
-0.319416,0.796258,-0.088176
0.400243,0.796258,-0.036353
-0.011809,-0.785228,0.097949
0.145548,0.607620,-0.029649
0.310894,0.601402,0.030926
-0.109521,0.507081,-0.065349
-0.155039,-0.717003,0.091732
0.084513,0.795246,0.097949
-0.316423,0.711247,0.097949
-0.316423,0.711247,0.097949
-0.017853,0.449702,-0.057267
-0.129646,-0.882853,-0.157739
-0.311654,0.790050,-0.040606
-0.382878,0.590317,0.097949
0.150757,0.607620,-0.144749
-0.437632,0.479861,0.000757
0.236725,0.214225,0.097949
-0.367005,-0.483839,0.091732
0.414364,-0.548461,-0.011584
-0.437632,0.659990,-0.074969
0.213138,-0.882853,0.001996
0.414364,-0.439900,-0.189981
0.160427,0.392888,0.097949
-0.011634,0.722663,0.085775
-0.329297,-0.876634,0.020753
-0.431412,-0.541819,-0.209159
-0.284382,0.005424,0.091732
-0.046269,0.193489,0.091732
0.236725,0.214225,0.097949
0.346168,0.523442,0.091732
-0.017853,0.448885,0.021910
0.414364,-0.700117,-0.093057
-0.011634,0.348980,-0.147396
-0.011634,0.348980,-0.147396
-0.267539,0.090260,0.091732
0.236725,0.214225,0.097949
0.196222,-0.340254,0.097949
0.389549,-0.882853,-0.042114
-0.268907,-0.715753,0.097949
-0.124189,-0.248521,-0.060040
0.144192,0.790050,-0.029428
0.414364,0.745683,-0.036849
-0.364662,0.748251,0.097949
0.020137,0.687222,0.097949
-0.431412,-0.160656,-0.147479
-0.431412,-0.548285,0.031139
-0.274514,0.406305,0.097949
-0.109521,0.507081,-0.065349
-0.310849,-0.564136,0.091732
-0.413004,-0.882853,-0.133896
-0.194785,-0.152469,0.097949
-0.177597,-0.876634,0.077997
-0.301773,-0.382968,0.097949
0.155879,-0.858018,0.097949
-0.140876,-0.254740,0.043388
-0.163891,0.454230,0.091732
-0.284382,0.005424,0.091732
0.131408,-0.464727,0.097949
-0.313391,-0.254740,-0.072263
-0.264731,-0.248521,0.009985
0.092246,-0.876634,-0.071014
0.166895,-0.652422,0.091732
-0.065649,0.796258,0.048159
0.414364,0.745683,-0.036849
0.178781,-0.248521,-0.201996
0.216249,0.796258,0.095095
-0.134425,-0.606994,0.091732
0.277004,0.412760,-0.150285
-0.313391,-0.254740,-0.072263
-0.138554,-0.248521,-0.105175
-0.177597,-0.876634,0.077997
0.205920,0.722114,0.091732
0.408145,0.557990,-0.146695
-0.017853,0.593474,0.007016
0.093459,-0.205742,0.097949
-0.248030,-0.596358,0.091732
-0.026488,-0.254740,-0.037602
-0.163891,0.454230,0.091732
-0.431412,-0.317106,0.089756
0.196222,-0.340254,0.097949
-0.039117,-0.521737,0.097949
-0.319416,0.796258,-0.088176
0.391006,-0.882853,0.088145
-0.086385,0.217900,-0.051977
-0.431412,0.431390,-0.050675
-0.078675,-0.882853,0.095576
-0.063115,-0.876634,-0.018358
-0.011634,0.465447,-0.142239
0.048665,0.796258,0.065423
-0.184088,-0.254740,0.054228
0.183061,0.051703,0.097949
0.183061,0.051703,0.097949
-0.074112,-0.876634,-0.112268
0.414364,-0.333171,0.097293
-0.291750,0.500861,-0.067348
-0.386540,-0.254740,0.055559
-0.017853,-0.018979,0.025171
-0.312884,-0.747633,0.097949
0.216587,0.464983,0.091732
-0.369751,0.279475,0.091732
-0.237313,0.796258,0.075388
-0.120743,-0.755677,0.091732
-0.046269,0.193489,0.091732
-0.017853,0.114353,-0.148857
0.414364,0.625308,-0.065388
0.005831,0.578799,0.091732
0.346168,0.523442,0.091732
0.028900,-0.062811,0.097949
-0.431412,0.682340,-0.115217
-0.008040,0.785253,0.097949
0.203739,0.393190,0.091732
-0.065649,0.796258,0.048159
0.173048,-0.052334,0.097949
-0.163891,0.454230,0.091732
-0.310849,-0.564136,0.091732
-0.116822,0.790050,0.053424
0.277004,0.412760,-0.150285
0.158168,0.412760,0.014732
0.017476,0.062426,-0.143444
0.116136,-0.309070,0.097949
0.055935,0.601402,-0.038974
-0.437632,-0.772806,0.047688
0.211657,0.224118,-0.067785
0.248328,-0.119189,0.097949
0.040769,0.062426,-0.033458
0.209202,-0.623752,0.097949
0.414364,0.791037,0.092062
0.173336,-0.486296,0.097949
0.315116,0.790050,0.041132
-0.110556,-0.663197,0.091732
0.105287,0.607620,-0.079932
0.355125,-0.326751,0.091732
0.391006,-0.882853,0.088145
-0.194763,-0.254740,-0.170236
-0.430640,-0.882853,0.087887
0.017476,0.062426,-0.143444
-0.284382,0.005424,0.091732
0.330794,0.392540,0.097949
-0.291750,0.500861,-0.067348
-0.388415,0.699100,0.091732
-0.227102,-0.666219,0.097949
-0.437632,-0.485045,0.027543
0.071256,0.318632,0.091732
-0.039076,0.389089,0.091732
0.414364,-0.831990,-0.192321
0.165101,-0.104027,0.097949
-0.367005,-0.483839,0.091732
-0.167156,0.080725,0.097949
-0.017853,0.283832,-0.139595
-0.018741,-0.738223,0.091732
0.044575,-0.159351,-0.032647
0.017476,0.062426,-0.143444
0.408145,0.535211,-0.047328
-0.363864,0.796258,-0.075872
-0.068874,0.506189,-0.150808
-0.083185,0.224118,-0.142234
0.048665,0.796258,0.065423
0.209202,-0.623752,0.097949
-0.109521,0.507081,-0.065349
-0.382878,0.590317,0.097949
-0.225547,-0.259481,0.091732
-0.431412,-0.548285,0.031139
0.408145,-0.746164,-0.139105
0.006279,0.635270,0.097949
-0.209339,0.796258,-0.092956
-0.187455,0.729377,0.097949
-0.152294,-0.133431,0.097949
-0.389557,0.224118,-0.138618
-0.158754,-0.882853,-0.046982
0.187274,0.796258,0.012578
0.250137,-0.248521,-0.199633
-0.364662,0.748251,0.097949
-0.437632,-0.340836,-0.111096
-0.310633,-0.226036,0.091732
-0.011634,0.569501,0.055367
0.054661,0.041022,0.097949
-0.046269,0.193489,0.091732
0.153268,0.030791,-0.032647
0.248328,-0.119189,0.097949
-0.431412,-0.103864,0.028713
-0.166276,-0.007708,0.097949
-0.431412,-0.541819,-0.209159
0.232766,-0.559812,0.091732
0.035460,0.118514,-0.032647
0.389438,0.560945,0.091732
-0.437632,0.708469,0.055495
0.092263,-0.254740,0.014873
0.088545,-0.592869,0.097949
0.135882,-0.876634,-0.008954
0.315116,0.790050,0.041132
-0.431412,0.353377,-0.127396
-0.431412,0.431390,-0.050675
0.330582,0.796258,-0.052189
-0.177597,-0.876634,0.077997
-0.389557,0.224118,-0.138618
0.262057,-0.228183,-0.032647
0.324585,0.224118,-0.120378
-0.120743,-0.755677,0.091732
-0.123993,-0.248521,-0.007067
-0.437632,0.540686,-0.037014
0.414276,-0.290105,-0.212997
-0.312884,-0.747633,0.097949
-0.431412,0.353377,-0.127396
-0.111277,-0.876634,0.067009
0.008563,-0.876634,-0.088747
0.414364,0.057516,0.081521
-0.017853,-0.171682,0.010790
-0.049975,-0.876634,-0.068616
0.310894,0.601402,0.030926
-0.055881,0.217900,-0.082220
-0.083185,0.224118,-0.142234
-0.225547,-0.259481,0.091732
0.158061,0.601402,-0.091419
-0.134425,-0.606994,0.091732
-0.431412,-0.138609,-0.061286
-0.388415,0.699100,0.091732
-0.264731,-0.248521,0.009985
0.116275,0.365528,0.091732
0.084513,0.795246,0.097949
0.088545,-0.592869,0.097949
0.414364,-0.333171,0.097293
0.092263,-0.254740,0.014873
0.414364,-0.310792,-0.132353
-0.284382,0.005424,0.091732
0.158168,0.412760,0.014732
-0.011634,0.263826,-0.081019
-0.158629,0.179331,0.097949
0.364581,0.412760,-0.039515
-0.104029,0.386893,0.091732
0.270073,0.224118,-0.021873
0.408145,-0.540357,-0.076534
0.128051,-0.696912,0.097949
0.381150,0.615742,0.097949
-0.431412,0.653871,0.090472
0.408145,-0.487634,-0.128246
0.115435,-0.521236,0.097949
-0.011634,-0.176054,-0.088410
-0.138005,0.264965,0.091732
-0.111277,-0.876634,0.067009
-0.002606,0.328783,0.091732
-0.110556,-0.663197,0.091732
-0.411038,0.240842,0.097949
-0.406690,0.796258,-0.148584
0.093459,-0.205742,0.097949
-0.017853,-0.018979,0.025171
0.314145,-0.306043,0.097949
-0.308339,0.188424,0.097949
0.158061,0.601402,-0.091419
0.195642,0.201272,-0.032647
0.131408,-0.464727,0.097949
-0.017853,-0.121681,-0.101445
-0.011634,0.393966,-0.134660
-0.167156,0.080725,0.097949
0.408145,-0.746164,-0.139105
0.011463,0.200395,-0.032647
-0.034878,-0.660217,0.097949
-0.256687,0.224118,-0.008700
0.121645,-0.882853,0.055700
-0.070061,0.796258,-0.049391
0.414364,-0.047017,-0.110580
-0.018741,-0.738223,0.091732
-0.181668,0.796258,0.075455
0.166895,-0.652422,0.091732
-0.431412,0.653871,0.090472
-0.319416,0.796258,-0.088176
-0.310633,-0.226036,0.091732
0.173048,-0.052334,0.097949
-0.422676,0.224118,-0.005146
-0.425396,-0.771502,0.097949
0.408145,0.557990,-0.146695
-0.099180,0.463607,0.097949
0.160427,0.392888,0.097949
-0.074866,-0.248521,0.034367
-0.264317,0.790050,-0.048746
0.155879,-0.858018,0.097949
0.400243,0.796258,-0.036353
0.414364,-0.004130,0.032653
0.116136,-0.309070,0.097949
0.408145,0.632076,0.034633
0.128051,-0.696912,0.097949
-0.437632,0.397872,-0.149858
0.191412,-0.535258,0.091732
0.115435,-0.521236,0.097949
-0.437632,0.340554,-0.045026
-0.081045,-0.058839,0.091732
0.348726,-0.882853,-0.086286
-0.017853,-0.171682,0.010790
-0.102250,0.224118,0.078812
0.264964,-0.195767,0.097949
-0.011634,0.687723,0.044328
-0.270545,-0.876634,0.018907
0.183061,0.051703,0.097949
0.248162,0.661639,0.097949
-0.254755,-0.876634,-0.117723
-0.096511,-0.248521,-0.123348
-0.213439,0.685160,0.091732
-0.435878,0.186124,-0.150808
-0.431375,-0.249116,-0.212997
-0.011634,0.756994,-0.036203
-0.086332,0.507081,0.075684
-0.377717,-0.876634,-0.031900
-0.259787,-0.525589,0.091732
0.099484,0.796258,0.049806
0.183081,0.412760,-0.133993
-0.030349,-0.109477,0.091732
-0.437632,-0.674518,-0.038607
-0.431412,-0.160656,-0.147479
-0.017853,0.741266,0.016917
-0.437632,0.659990,-0.074969
0.408145,0.253804,-0.035811
0.253441,0.768636,0.097949
-0.124189,-0.248521,-0.060040
0.266547,-0.624714,0.091732
-0.158754,-0.882853,-0.046982
-0.236572,0.224118,0.058828
0.032685,-0.876634,-0.057476
-0.188160,-0.344786,0.091732
-0.017853,0.106328,-0.085683
0.264964,-0.195767,0.097949
0.314145,-0.306043,0.097949
0.411036,-0.710954,-0.212997
-0.011634,-0.176054,-0.088410
0.183081,0.412760,-0.133993
0.238039,0.607620,-0.067097
-0.251381,-0.882853,-0.196299
-0.096511,-0.248521,-0.123348
0.414364,-0.548461,-0.011584
0.005904,0.455891,0.097949
0.173336,-0.486296,0.097949
-0.431412,-0.103864,0.028713
-0.194785,-0.152469,0.097949
0.158061,0.601402,-0.091419
0.408145,-0.487634,-0.128246
0.203739,0.393190,0.091732
0.358511,0.329889,0.091732
-0.082754,0.615448,0.097949
0.006279,0.635270,0.097949
-0.437632,0.287181,0.063773
-0.011634,0.564111,-0.146242
0.414364,-0.353590,-0.206259
-0.352238,0.500861,0.063140
0.099484,0.796258,0.049806
0.115531,-0.086829,-0.135957
-0.329297,-0.876634,0.020753
0.400243,0.796258,-0.036353
0.352140,0.062426,-0.048910
-0.298421,-0.876634,-0.185077
0.094847,-0.112489,-0.032647
-0.313971,-0.882853,-0.057724
-0.437632,-0.485045,0.027543
-0.152294,-0.133431,0.097949
0.178781,-0.248521,-0.201996
0.217741,0.060547,-0.150808
0.408145,0.557990,-0.146695
-0.163764,-0.882853,-0.195024
-0.268114,0.252492,0.097949
-0.437632,-0.485045,0.027543
-0.437632,-0.485045,0.027543
-0.431412,0.431390,-0.050675
0.367964,0.747649,0.091732
0.093188,-0.882853,0.096284
-0.017853,0.304564,-0.030350
0.165101,-0.104027,0.097949
-0.063115,-0.876634,-0.018358
0.064210,0.601402,0.045622
0.098467,-0.791481,0.097949
0.115531,-0.086829,-0.135957
-0.376227,-0.876634,0.007148
-0.437632,0.436448,-0.123943
0.414364,-0.367922,-0.038854
0.005831,0.578799,0.091732
-0.431412,-0.541819,-0.209159
0.414364,0.586637,0.069277
-0.363290,0.507081,-0.006637
0.216587,0.464983,0.091732
0.414364,-0.004130,0.032653
-0.431412,-0.541819,-0.209159
0.375139,-0.086829,-0.133703
-0.182061,-0.882853,-0.084398
-0.109521,0.507081,-0.065349
-0.437632,0.479861,0.000757
0.071256,0.318632,0.091732
0.330794,0.392540,0.097949
0.144192,0.790050,-0.029428
-0.081045,-0.058839,0.091732
-0.111277,-0.876634,0.067009
-0.431412,-0.033428,-0.109356
0.266547,-0.624714,0.091732
0.375139,-0.086829,-0.133703
0.099603,-0.416840,0.091732
-0.034878,-0.660217,0.097949
-0.425923,-0.021682,0.091732
-0.120743,-0.755677,0.091732
-0.011634,0.465447,-0.142239
-0.211107,-0.248521,-0.018880
-0.017853,0.593474,0.007016
0.414364,0.204907,0.021303
-0.431412,0.431390,-0.050675
0.028900,-0.062811,0.097949
-0.437632,-0.265070,0.072193
-0.437632,-0.674518,-0.038607
0.225320,0.337752,0.091732
-0.259787,-0.525589,0.091732
-0.221900,0.500861,-0.148224
-0.431412,-0.548285,0.031139
0.414364,0.352719,-0.047613
-0.358308,0.224118,-0.000597
0.315116,0.790050,0.041132
-0.430606,-0.113268,0.091732
0.277004,0.412760,-0.150285
-0.138005,0.264965,0.091732
0.257063,-0.331416,0.091732
0.187274,0.796258,0.012578
-0.017853,0.283832,-0.139595
-0.386540,-0.254740,0.055559
0.066946,0.188817,-0.032647
-0.437632,0.370062,0.018718
-0.017853,-0.018979,0.025171
0.099484,0.796258,0.049806
-0.011634,0.517096,-0.098757
0.266547,-0.624714,0.091732
0.414364,-0.367922,-0.038854
0.114733,-0.248521,-0.211026
0.092103,0.412760,0.021195
-0.130281,0.507081,0.036933
-0.437632,0.708469,0.055495
-0.194763,-0.254740,-0.170236
0.414364,-0.700117,-0.093057
0.363368,-0.018593,0.097949
0.121602,0.608238,0.097949
-0.431412,0.682340,-0.115217
-0.017853,0.283832,-0.139595
0.378525,-0.186491,0.097949
-0.328815,-0.248521,-0.179694
-0.437632,-0.340836,-0.111096
-0.310633,-0.226036,0.091732
0.414364,0.128229,0.062312
-0.065649,0.796258,0.048159
0.414364,-0.616549,-0.018611
-0.194785,-0.152469,0.097949
-0.011634,0.687723,0.044328
-0.411038,0.240842,0.097949
0.136256,0.412760,-0.077294
-0.253273,-0.876634,-0.064025
0.408145,-0.746164,-0.139105
0.094847,-0.112489,-0.032647
0.389549,-0.882853,-0.042114
-0.110556,-0.663197,0.091732
-0.251381,-0.882853,-0.196299
0.414364,-0.796209,-0.151543
-0.431412,0.431390,-0.050675
-0.431412,0.751035,-0.141088
0.091587,0.170177,0.097949
-0.068874,0.506189,-0.150808
-0.102250,0.224118,0.078812
-0.437632,0.540686,-0.037014
0.008563,-0.876634,-0.088747
0.033463,0.601402,-0.000557
0.389549,-0.882853,-0.042114
-0.338441,0.790050,-0.141212
-0.017853,0.741266,0.016917
0.121645,-0.882853,0.055700
0.372809,0.790050,0.023416
0.365018,0.056207,-0.142466
-0.328815,-0.248521,-0.179694
-0.287313,0.500861,-0.012192
0.167762,0.262170,0.091732
0.347062,-0.876634,-0.029561
0.414364,-0.439900,-0.189981
-0.431412,0.653871,0.090472
0.099603,-0.416840,0.091732
0.044575,-0.159351,-0.032647
0.414364,-0.367922,-0.038854
0.006279,0.635270,0.097949
0.315536,-0.216549,0.097949
-0.437632,-0.772806,0.047688
-0.310041,0.536177,0.091732
-0.431375,-0.249116,-0.212997
-0.259787,-0.525589,0.091732
0.414364,-0.381971,-0.137730
0.020137,0.687222,0.097949
0.408145,-0.546254,-0.141968
0.296754,0.056207,-0.090102
0.373898,0.217900,-0.127405
-0.353942,0.796258,-0.016058
0.005831,0.578799,0.091732
-0.034878,-0.660217,0.097949
