-0.370757,0.025194,-0.380838
-0.413630,0.082892,0.760307
0.067556,-0.200454,0.326983
-0.197366,0.017504,0.260832
-0.272564,0.161972,-0.696917
-0.258688,0.022974,0.736535
0.305039,0.023525,0.765338
-0.245364,0.116967,0.109371
-0.285160,0.107893,0.859288
-0.095065,0.114976,-0.338944
0.277199,0.159924,-0.656817
0.413976,-0.166718,-0.166340
-0.150040,0.147555,-0.661927
0.036319,0.020598,-0.471065
0.068838,0.025194,0.243977
-0.055682,-0.192425,0.610267
0.102254,-0.190256,-0.158612
-0.348507,0.161244,-0.563035
-0.164230,-0.200454,-0.577891
0.417240,-0.057038,0.628063
0.183090,-0.200454,-0.188675
-0.114349,-0.200454,-0.626221
-0.119035,0.201297,0.489726
-0.134349,0.139893,-0.401548
-0.380085,-0.170869,-0.646788
-0.079060,0.116649,0.224576
-0.269675,0.116590,0.235812
0.437667,-0.086041,0.092646
-0.301366,0.113997,-0.419391
0.312881,0.026671,-0.798724
0.091872,0.111222,0.724468
-0.607711,-0.176797,-0.474527
0.071035,0.115946,-0.227521
-0.198013,-0.200454,0.319447
-0.166864,-0.200454,-0.262654
-0.074275,0.025194,0.129031
0.375103,0.017610,-0.163712
-0.093186,0.112706,-0.513220
0.117942,0.162803,0.402159
0.441380,-0.077610,-0.536055
-0.240750,-0.200454,-0.052240
-0.239563,0.118510,0.578156
-0.204079,-0.183741,0.097223
-0.045760,-0.200454,0.104901
-0.269078,0.116756,-0.086653
-0.164677,0.116990,0.021767
-0.318913,0.018288,0.375950
-0.303678,0.021993,0.677471
-0.309468,0.115843,-0.239415
-0.215368,-0.200454,-0.182120
-0.313177,0.112576,0.638933
0.153554,0.022559,-0.596281
0.511869,0.066654,-0.619801
0.418993,-0.117152,0.153677
-0.412754,0.080225,-0.736546
0.127970,0.019210,0.474458
-0.439133,-0.111250,0.165961
-0.438098,0.050267,0.000676
0.267037,0.116183,0.313926
0.325515,-0.194608,-0.158612
0.358633,0.113516,0.576215
-0.284905,0.008480,-0.139237
0.061178,0.016910,0.059306
0.046867,0.115245,-0.308288
0.295216,0.142100,-0.709123
-0.020947,0.159495,-0.460667
-0.443572,-0.055217,0.730740
0.135772,-0.200454,-0.607132
-0.079208,0.017012,-0.000987
-0.173705,0.116782,0.530945
0.360486,0.139664,-0.560147
-0.185923,0.019454,-0.377221
-0.121732,-0.200454,0.064080
0.130589,0.135500,-0.777408
0.435810,-0.081738,0.348801
0.332232,-0.200454,0.113820
0.066434,-0.200454,-0.693746
0.190893,-0.199270,-0.492909
0.222915,0.183265,0.536913
0.435410,0.165603,-0.643128
0.147546,-0.200454,-0.557969
0.117861,-0.183741,-0.718924
-0.017774,0.025194,-0.348428
-0.324608,0.111685,-0.578449
0.564950,0.018930,-0.655929
-0.176766,0.023254,0.751195
-0.245903,-0.183741,0.276598
-0.066471,0.025194,0.181985
-0.026068,0.008480,-0.411837
-0.249588,-0.200454,-0.658494
-0.071494,-0.183741,0.665492
-0.153381,-0.200454,0.764416
0.011961,0.115349,0.624208
-0.063744,0.025194,-0.138794
-0.103197,0.019129,0.467827
0.027185,0.025194,-0.170914
-0.420965,-0.104553,-0.359743
0.284861,0.180077,0.657568
0.234865,-0.200454,-0.661440
-0.264022,0.008480,0.180163
0.435672,0.009953,0.894421
0.372222,-0.175011,0.420241
0.489971,0.114494,-0.405661
-0.443572,0.038137,0.742681
-0.283861,-0.200454,0.704868
0.034520,0.017023,0.124411
0.287667,0.081720,-0.774011
-0.110690,0.017135,-0.071273
-0.364281,0.110659,0.753842
0.436934,-0.111344,0.019828
-0.331290,-0.183741,0.422004
0.429016,-0.136071,0.290297
-0.130611,0.025194,0.603355
0.182583,0.023453,0.761578
-0.018117,0.029724,0.870943
0.277164,0.021041,0.616687
0.006540,0.111865,-0.566956
0.281950,0.025194,0.184315
-0.254768,0.008480,-0.399385
-0.004786,-0.183741,0.632477
-0.176195,0.116896,0.149686
-0.443572,0.024482,0.639015
0.324200,0.021834,0.125539
-0.394910,0.023124,-0.213847
0.352827,0.025194,0.591947
0.371439,0.008480,0.809811
0.408300,0.106676,-0.059107
-0.383681,0.019851,0.407644
-0.255774,0.018083,0.352322
-0.419431,-0.037176,-0.593292
-0.362966,0.157621,-0.428762
0.028684,0.018846,0.440106
-0.421288,0.011531,-0.353237
0.117845,0.017527,0.265244
0.122608,0.023913,-0.668281
0.289911,0.017882,-0.211902
-0.027017,0.213981,0.664042
-0.367455,-0.197014,0.386618
-0.116074,0.022461,0.707375
-0.027088,0.116906,0.143606
-0.070311,0.116217,0.307416
-0.214368,-0.183741,0.678225
-0.215377,-0.200454,0.616393
0.259331,0.116866,0.166840
-0.413932,0.048888,0.698014
0.384090,0.061411,0.892977
-0.039234,0.116469,-0.141681
0.318332,0.008480,0.539073
0.270123,-0.183741,0.815992
-0.106905,-0.200454,-0.673426
0.407761,-0.167453,0.672995
0.013372,0.113986,0.559752
0.248285,0.110000,-0.670942
-0.084062,0.016910,0.059565
-0.213688,0.160241,-0.698643
0.419508,-0.128493,-0.495561
-0.222417,0.157836,-0.453707
0.449681,0.008480,-0.469225
0.426718,-0.145270,-0.054105
0.271504,-0.183741,-0.046770
0.105930,0.102759,0.874063
-0.510804,0.055101,-0.672258
-0.007256,0.111659,0.697477
-0.443572,0.003270,0.813620
-0.441715,-0.085490,0.278003
0.141624,0.148141,-0.644976
-0.422161,0.068574,0.358760
-0.253079,0.116051,0.332942
-0.385943,0.109450,-0.599764
0.333426,0.135529,0.430341
-0.474522,0.114234,-0.524811
0.185906,0.016910,0.059359
0.093796,0.174537,0.506141
-0.135030,0.018377,-0.268790
-0.370819,0.115606,-0.266673
-0.050763,0.022066,-0.564806
0.164268,-0.200454,-0.658876
0.149118,0.116473,-0.140869
0.163683,0.116485,0.255961
-0.003911,-0.200454,0.013825
-0.260542,0.116378,-0.159069
0.195135,0.064289,0.894067
-0.455099,0.008480,-0.024952
0.425367,0.070844,-0.409984
-0.515515,0.081017,-0.593260
0.433815,-0.082665,-0.058323
0.218770,0.025310,-0.736151
0.424579,-0.100931,-0.662414
0.171390,0.109440,0.817570
-0.012930,-0.188772,-0.492909
-0.181219,0.113180,0.600326
0.194053,0.109754,-0.683782
0.545639,-0.027166,-0.515471
0.270419,0.111636,-0.581613
0.341061,0.115800,0.361816
-0.409554,-0.142694,-0.245566
-0.009947,0.015020,-0.777059
0.422811,-0.085838,-0.171250
-0.087430,0.114913,0.512620
0.417240,-0.092288,0.778666
-0.443572,-0.018595,0.699107
-0.301596,0.025194,0.281121
0.408522,0.134769,-0.397735
-0.425002,-0.040721,0.503801
-0.004891,-0.183741,-0.318359
-0.441715,-0.020118,0.279291
0.073320,0.008480,-0.175796
0.037837,0.116699,-0.097700
0.080407,0.135026,-0.785056
0.298210,0.025194,0.325324
0.307571,0.016981,0.017159
0.167939,0.189597,0.553798
0.564414,-0.044098,-0.441194
0.424959,0.065633,0.587542
-0.079134,0.018591,0.410853
-0.007572,0.112712,-0.512776
0.417492,-0.019321,0.844277
0.021381,0.115657,0.378317
-0.346621,0.116867,0.165782
0.208123,-0.200454,0.046452
-0.579832,-0.114037,-0.464376
0.450670,0.013171,0.536147
0.166228,0.116054,0.332575
-0.328502,0.133175,-0.785206
0.373165,0.025080,-0.729289
0.184835,0.116960,0.113134
-0.436147,-0.018958,-0.719592
-0.403010,0.031851,0.599317
-0.324603,0.018968,0.454234
0.346421,-0.199984,-0.205150
-0.365311,0.008480,-0.773077
0.373398,0.068425,-0.794923
-0.402305,0.104377,0.490180
-0.071787,0.008480,0.867869
-0.358937,0.021630,0.654300
0.012070,0.117039,0.049496
0.289775,0.008480,-0.405145
-0.426859,0.004908,0.769389
0.093940,0.112938,0.380931
0.087649,0.113557,0.572845
-0.200843,0.027302,-0.747737
-0.042228,0.018050,-0.231249
-0.140803,0.048150,0.889675
-0.123923,0.110302,0.772488
-0.186557,0.022268,-0.577708
0.035740,0.018078,0.351769
-0.089212,0.011121,-0.777059
0.146429,-0.200454,-0.384205
0.119512,0.157298,-0.490134
0.193033,0.008480,0.648219
-0.372391,0.008480,0.808976
0.351769,0.114800,-0.353391
0.255658,0.114224,0.527919
-0.446977,0.014941,0.894421
-0.198318,0.115881,-0.235158
-0.328857,0.020160,-0.435158
0.356502,-0.198028,0.496269
0.191132,0.159257,-0.441610
-0.103027,-0.183741,0.770207
-0.194887,0.019289,0.481033
0.065800,0.022195,0.690420
0.358757,0.017823,0.321799
-0.423768,-0.154284,-0.010059
-0.404997,-0.154107,0.372842
-0.262536,-0.200454,-0.379905
-0.148329,0.018392,0.387894
-0.061292,0.111366,0.716219
0.136160,0.113239,0.425755
-0.140445,0.019189,-0.355406
0.141270,0.108605,-0.736513
-0.225610,0.173907,0.469144
-0.128675,0.008480,0.178198
0.047222,0.008480,0.607841
-0.224740,-0.183741,-0.563839
-0.406101,0.142612,-0.676981
-0.392933,0.008480,0.312020
-0.151060,0.111685,-0.578403
0.024539,0.017207,-0.086767
0.379428,-0.174205,-0.497955
0.373775,0.019337,-0.367549
-0.319043,-0.200454,-0.497573
-0.512785,-0.026207,-0.690603
-0.425002,-0.085446,0.421981
-0.224965,0.082010,-0.773891
0.314483,0.017134,-0.071061
0.338505,0.180451,0.681503
0.118732,0.017167,0.196308
0.133266,-0.183741,0.077670
0.487980,0.020655,-0.365487
0.074462,-0.183741,-0.369850
0.171750,0.019177,-0.354439
-0.133966,0.174320,0.703235
0.326351,0.113914,-0.426168
-0.123607,0.116280,-0.177929
0.418075,0.037451,-0.125399
-0.436147,-0.024427,-0.509137
-0.419431,0.047255,-0.515291
0.386229,-0.025008,-0.798636
0.125615,0.017508,-0.144227
0.221342,0.114664,-0.364581
0.094701,0.025194,-0.528036
0.006598,0.025194,0.255033
0.173258,0.025194,-0.427176
-0.505393,-0.088066,-0.748888
-0.259928,0.025194,-0.454679
0.093389,-0.200454,-0.225745
-0.066037,0.180747,0.428297
-0.459389,0.025194,0.550889
-0.069649,0.023255,0.751256
0.335909,-0.200307,0.705950
-0.421886,-0.113623,0.098879
0.081926,0.156390,-0.617011
-0.173001,0.008480,-0.101539
-0.113922,0.017707,-0.182313
0.239081,-0.183741,0.615602
0.154622,-0.183741,0.314236
-0.178303,0.116989,0.096248
0.424023,-0.143204,0.801014
-0.241974,0.112046,0.672787
-0.272279,-0.183741,-0.158682
-0.045016,0.025194,0.495010
0.034594,0.018753,-0.312134
0.422811,-0.005405,-0.370161
0.378707,0.165978,-0.642334
0.423261,0.085904,-0.250173
-0.372257,0.112197,-0.545711
-0.349675,0.156184,-0.713119
0.002530,0.017169,0.196735
-0.441715,0.019998,0.409043
0.214957,0.194530,0.616229
-0.419431,-0.032865,-0.673240
0.362685,0.116260,0.299133
0.355158,-0.181253,0.276881
0.083490,0.190465,0.701090
0.123460,0.018532,-0.286618
-0.143218,0.115044,0.448730
0.230323,-0.200454,-0.567937
0.055194,0.164506,0.406144
-0.292731,0.109787,0.799430
0.125590,0.022444,0.706266
0.258074,-0.200454,0.007378
-0.116363,-0.200454,-0.555356
0.495246,-0.081516,-0.798182
-0.443572,-0.078319,0.674205
-0.151487,0.116217,0.307326
0.093422,-0.183741,-0.287223
-0.421730,0.077815,0.233055
0.339266,0.115965,-0.225386
-0.441715,-0.006963,0.366236
-0.346958,-0.199850,-0.207614
0.277612,-0.200454,0.670247
0.221449,0.008480,-0.165683
0.447181,0.162755,-0.460092
0.003508,0.142396,-0.709292
-0.354782,0.135394,-0.359211
-0.368047,0.025194,-0.104980
-0.212398,0.115092,0.455763
0.437293,0.050267,-0.686057
0.240467,0.099012,-0.798399
-0.294041,-0.183741,0.361055
0.395762,-0.163095,-0.626790
-0.013193,0.222171,0.578021
0.400250,0.008480,-0.053868
-0.520727,-0.073264,-0.450389
-0.229110,0.024359,0.808943
0.052978,-0.183741,-0.524202
-0.534582,0.015145,-0.593657
0.291291,0.116497,-0.136357
-0.299122,0.115792,0.362750
0.399417,-0.157971,-0.242276
-0.372286,0.017037,0.132249
0.412104,-0.128422,0.616309
0.422206,0.084361,0.521311
0.294780,-0.200454,-0.245165
0.438749,-0.112011,-0.241170
-0.004665,-0.200454,-0.555216
0.050484,-0.183741,-0.582017
0.145804,0.017763,-0.193072
-0.426782,-0.142053,-0.665015
-0.388684,-0.189358,0.749654
-0.419431,0.010318,-0.559148
-0.186892,-0.200454,0.397647
0.075613,0.115136,0.438245
0.398936,0.111468,-0.196542
0.075202,-0.200454,0.138957
-0.304878,-0.200454,-0.709926
0.094470,0.114989,-0.337717
-0.021739,0.016931,0.045907
0.086941,0.112633,-0.517872
0.509738,0.050409,-0.422543
0.419095,-0.021978,0.293926
-0.257379,0.116903,-0.028289
0.398031,-0.179998,0.024177
-0.310897,0.116976,0.103264
0.435810,-0.073630,0.307027
-0.065819,-0.183741,0.738430
0.385291,0.017783,0.103288
0.067838,0.018294,-0.259258
-0.019730,0.116792,-0.079740
-0.418829,-0.161567,0.165110
-0.426859,-0.090465,0.839837
-0.026044,-0.200454,-0.238834
-0.123285,0.117737,0.587334
0.411614,-0.169411,-0.382686
-0.098626,0.025194,-0.525388
-0.232847,0.110379,-0.651144
-0.161752,0.116664,0.221715
0.204289,0.005659,-0.798958
0.008277,0.024406,-0.694051
0.309354,0.116847,-0.060100
-0.485898,-0.059704,-0.394769
0.343095,0.109417,0.818753
-0.421288,-0.061487,-0.226109
-0.191474,0.109213,-0.712060
-0.413320,0.090139,0.608163
-0.438873,0.012650,-0.777059
-0.010955,0.022065,0.682115
-0.371968,0.017024,-0.007391
0.023275,0.024738,0.828792
-0.564285,-0.050432,-0.642102
0.433175,-0.112053,0.712256
-0.414071,-0.152232,-0.392621
-0.113175,-0.184141,0.610267
-0.320868,-0.200454,0.785372
-0.265423,0.018262,-0.255550
-0.304585,0.017119,-0.062347
0.018766,-0.200454,0.162684
0.507945,0.013737,-0.593709
0.193011,0.018792,0.433944
-0.060801,0.109143,0.833025
0.174046,0.025194,0.192067
-0.316089,-0.183741,-0.049043
-0.141187,0.008480,-0.009849
0.119015,0.214032,0.657141
-0.520319,0.082500,-0.473435
0.342710,-0.198062,0.844277
0.294858,0.107108,0.864023
0.441559,0.105044,-0.791582
0.431382,0.024328,-0.777059
0.551184,0.093037,-0.452203
-0.074895,-0.191214,0.175684
-0.105973,0.116913,-0.022316
-0.449606,0.008480,-0.449488
0.344093,-0.200258,-0.636254
-0.004073,0.110254,0.775061
0.382079,0.025194,-0.421537
0.308341,0.110659,-0.636473
-0.341310,0.107417,0.862912
-0.235219,0.008480,-0.009970
-0.150114,0.015650,0.794130
-0.044904,0.112435,0.420612
0.285096,-0.183741,-0.192066
0.278037,0.008480,-0.729256
0.417240,-0.079498,0.842606
-0.152797,0.020140,0.550946
-0.267694,0.156390,0.620871
0.413097,0.093074,0.761499
0.433954,0.047228,0.788793
-0.241802,0.161323,-0.542717
-0.259381,0.019023,-0.341767
0.049631,0.023548,-0.649190
0.294008,-0.200454,0.293173
0.045721,0.109505,0.814109
0.412422,0.030432,0.168147
0.288839,-0.192546,-0.726917
-0.047882,-0.183741,-0.167470
0.317943,0.117011,0.083449
0.180760,0.049285,-0.772785
0.191301,0.112162,-0.547971
0.030983,-0.200454,-0.163595
-0.337774,-0.200450,-0.362498
0.441380,-0.054984,-0.598142
0.435810,0.036380,0.283041
0.095782,-0.183741,0.611100
-0.061295,0.017435,0.247618
-0.487046,0.118674,-0.445800
-0.285529,-0.200454,-0.553494
0.220081,0.018504,-0.283500
0.062803,0.061929,0.893756
0.435810,-0.003176,0.331555
-0.370352,0.025194,-0.523874
-0.085403,-0.200454,-0.050408
-0.421288,0.045128,-0.268640
0.415882,0.086185,0.838445
-0.160879,0.016921,0.065785
-0.126790,0.115620,-0.265182
0.067231,-0.200454,0.015960
-0.149537,0.212814,0.649887
-0.194226,0.206832,0.571858
-0.314821,0.016978,0.098580
0.287769,0.018849,0.440508
-0.355948,0.116267,-0.180529
-0.281759,0.056494,0.893040
0.242992,0.116676,-0.102016
0.039562,0.113811,0.512143
0.243888,-0.200454,-0.282558
0.419421,-0.160288,-0.325724
0.238778,0.164231,0.457452
-0.256156,0.023185,-0.630213
0.014951,-0.183741,0.724412
-0.441715,0.024107,0.139176
0.424665,-0.048115,-0.725071
-0.115653,0.017557,0.270935
0.333834,0.116591,0.235645
-0.373390,-0.175448,-0.492909
-0.176059,-0.183741,0.822759
-0.343793,0.020046,0.543194
-0.005369,0.017040,-0.016864
-0.422526,-0.158921,0.443773
0.238357,0.017259,-0.096691
-0.154500,0.128402,0.653264
-0.309997,0.110336,-0.653379
0.403121,0.110579,0.111577
0.094399,-0.200454,0.407340
0.301490,0.116994,0.023774
-0.465907,0.143082,-0.591504
-0.406966,0.008480,-0.133691
-0.208669,-0.183741,0.040057
-0.094429,-0.197125,0.275972
-0.139727,-0.183741,0.702098
-0.076435,0.025194,0.809432
-0.121543,0.024709,0.326117
-0.169851,0.138572,-0.495996
-0.182254,-0.200454,-0.631656
0.332005,0.018814,-0.319112
0.184119,-0.200454,0.423454
-0.441715,0.047792,0.472777
-0.181209,0.022241,0.693293
-0.348116,0.148983,-0.500279
-0.362979,0.025194,-0.688333
0.424901,0.081708,0.377871
0.041158,-0.200454,-0.266398
0.197784,0.116268,-0.180287
-0.501951,0.021187,-0.528450
0.439375,-0.119024,-0.721712
0.318963,0.017408,-0.125100
0.506867,-0.052676,-0.428686
-0.103583,0.159761,-0.553737
-0.257141,0.117048,0.054651
0.376487,0.113645,-0.448265
0.075963,-0.183741,0.745241
0.547707,-0.093245,-0.733598
0.300798,-0.183741,0.746227
0.413164,-0.165527,0.086874
-0.012919,0.025194,0.568816
0.204131,0.008480,0.583052
0.433954,-0.016623,0.701584
0.155806,-0.195431,0.610267
-0.429712,-0.067920,-0.058323
0.424665,-0.006280,-0.528617
-0.429298,-0.124156,-0.726917
-0.244273,0.008480,-0.088328
-0.422236,0.146049,-0.419140
0.331895,0.025194,0.886812
0.104537,0.200297,0.567967
0.206943,0.111051,-0.616026
0.132244,-0.200454,0.024567
-0.025239,0.112996,0.471297
-0.071360,-0.183741,-0.503731
-0.330319,0.020849,0.604421
-0.379888,-0.190034,-0.597141
-0.205469,0.028281,0.867460
-0.026193,-0.183741,0.387020
0.048460,0.057409,-0.799020
0.003888,0.110256,-0.657610
-0.389781,-0.165379,-0.314387
-0.352168,0.116527,0.247921
0.300800,-0.200454,-0.649516
-0.105672,0.116717,-0.094124
-0.436492,-0.136915,0.677304
-0.445315,0.129008,-0.756600
0.205018,0.112313,0.655730
-0.419348,0.084064,-0.180684
-0.175399,0.127325,-0.791071
-0.437866,0.119080,-0.346815
0.151135,-0.183741,0.135164
0.146522,0.112491,-0.526931
0.422900,0.069619,0.707267
0.149139,0.183222,0.701261
0.433537,0.050267,-0.525343
0.435810,-0.013627,0.483796
-0.207824,-0.187508,0.509979
-0.031139,-0.183741,-0.613303
-0.151319,-0.183741,-0.711557
0.409858,0.105656,0.020889
-0.360013,0.115571,0.388133
0.422811,-0.024132,-0.161669
0.419095,0.002543,0.400324
-0.419943,0.070772,0.543505
0.311877,-0.183741,0.016344
-0.110306,0.114550,0.378760
-0.330685,-0.200454,-0.305491
0.048475,-0.183741,0.069439
0.135123,0.025653,-0.738758
0.194082,-0.183741,0.839810
-0.421131,0.148933,-0.500723
0.106829,-0.183741,0.700309
0.050838,0.116882,0.157683
0.154546,-0.183741,-0.270601
-0.346158,0.116691,-0.099195
-0.537262,-0.146727,-0.704517
0.212998,0.123766,0.378336
0.380119,-0.170621,0.360085
0.268070,0.022155,-0.570480
-0.295350,0.023857,0.782702
-0.257367,0.137692,-0.374890
0.265906,0.164463,0.511197
-0.283895,0.157227,-0.433779
-0.196710,0.018169,-0.244888
0.306146,0.115358,-0.295280
0.111744,0.019452,-0.377019
0.182671,0.017019,0.122327
0.421641,0.081580,0.637473
0.318220,0.112590,0.637973
-0.354982,0.022725,0.723503
0.454382,0.020242,-0.070607
0.208000,0.166412,0.705541
-0.452147,0.008480,-0.097356
-0.317179,-0.200454,0.492763
-0.087764,-0.183741,0.500659
0.362770,-0.197889,-0.706029
0.249036,0.016984,0.015458
0.201918,-0.200454,0.119756
-0.439860,-0.044092,0.096289
0.516772,0.058642,-0.507758
0.314317,-0.183741,0.361660
0.137766,0.021060,-0.500529
-0.431020,-0.047505,0.610267
0.253500,0.117001,0.089307
-0.094260,0.111548,-0.587193
0.425030,0.066421,-0.472310
-0.417558,0.064658,-0.599318
0.378672,0.008480,-0.101292
-0.052316,0.195446,0.491354
-0.265596,0.016970,0.023208
-0.360583,-0.194538,0.610267
-0.052389,0.118952,0.662397
0.007647,-0.200454,0.824084
-0.421288,-0.017108,-0.181987
0.098762,0.116639,0.226461
-0.281170,0.137100,-0.762798
0.165145,0.115183,0.564625
-0.194101,0.017978,0.340297
-0.419775,0.084881,0.105236
0.222369,-0.183741,0.682424
-0.042017,0.159120,-0.572424
-0.411626,-0.173338,0.689065
-0.166026,0.008480,-0.465421
0.281978,-0.183741,0.102398
0.441380,0.022466,-0.577802
-0.143651,0.008480,0.232466
0.252590,0.008480,0.524305
-0.358828,0.017205,0.203698
-0.425002,-0.083426,0.336545
-0.274056,0.155212,-0.591360
-0.143105,0.115122,-0.322472
-0.314545,-0.200454,-0.634450
0.407304,0.100799,-0.584973
0.242489,0.018073,0.351235
-0.388927,0.133551,-0.791797
-0.374591,-0.190599,-0.726917
-0.441715,0.043975,0.294043
0.029637,0.116599,0.234038
0.139315,0.016991,0.011200
0.421526,0.092499,0.177223
-0.180877,0.137041,0.368103
-0.294750,0.046865,-0.771783
0.110927,-0.200454,0.827819
-0.048844,0.113623,0.567397
-0.130668,0.221890,0.575024
0.117403,0.016956,0.085942
-0.010673,-0.183741,0.065688
0.509458,0.015887,-0.716076
0.273535,0.064950,0.894153
0.441380,0.036313,-0.638634
-0.142414,0.173263,0.409268
0.367046,-0.196409,-0.341897
0.161140,-0.200454,0.664706
-0.259133,-0.183741,-0.312234
-0.243500,0.021400,0.639636
-0.596104,-0.105240,-0.622590
0.268292,0.022580,0.715002
0.263538,-0.183741,0.500586
-0.315298,-0.183741,0.040796
-0.457496,0.084600,-0.798304
0.209502,0.008480,-0.680109
-0.340566,0.022696,-0.604639
0.019397,-0.200454,0.504520
-0.090038,0.018832,-0.321191
0.083877,0.008480,-0.103603
0.050557,0.025194,-0.752780
-0.438396,-0.116301,0.040281
0.474335,0.122809,-0.623595
0.279880,-0.200454,-0.504920
0.440134,-0.115209,-0.578649
0.484870,0.091137,-0.554656
-0.290369,0.115074,-0.327939
-0.276935,-0.200454,0.620740
0.228629,0.109298,0.824941
0.077497,0.025194,0.301200
0.174214,0.115464,-0.283071
0.401196,0.110900,-0.131481
0.331044,0.116853,0.173930
-0.164101,0.116843,-0.062273
0.033652,-0.200454,0.421611
0.423626,0.045814,0.121081
-0.518328,-0.137590,-0.574859
0.437667,0.003476,0.055989
-0.436147,0.005155,-0.630224
0.092706,0.020314,-0.447844
-0.278879,0.022138,-0.569393
0.380484,0.017152,0.013100
-0.207052,0.109768,0.800399
0.255006,0.008480,0.817598
-0.115354,0.117002,0.088511
0.085004,0.117036,0.048086
0.252093,0.023182,-0.630064
0.161396,0.140596,-0.588134
0.147732,-0.183741,0.757256
-0.082894,0.063619,0.893978
-0.334832,-0.183741,0.731785
0.068126,0.008480,0.518105
-0.070677,-0.183741,-0.281100
-0.081247,0.120078,-0.797015
0.380512,0.111789,0.675729
0.216424,-0.190145,-0.726917
-0.248113,0.110609,0.756493
-0.101560,0.019602,-0.389331
-0.411275,-0.172017,0.499768
-0.122507,0.159060,-0.459803
0.350780,0.114621,0.485538
-0.437565,-0.133756,0.791468
-0.218896,-0.183741,0.753831
0.354689,0.110096,-0.665924
0.098886,0.116677,-0.101882
0.021746,0.103459,0.872830
-0.324384,0.116953,0.000103
0.437667,-0.029596,0.116337
0.487178,0.153764,-0.667550
-0.264602,0.025194,0.515938
0.435810,-0.071025,0.438837
0.295791,-0.183741,-0.308178
0.332349,0.110524,0.760910
-0.045076,0.008480,-0.057826
0.074162,0.116164,0.317598
-0.442348,-0.115102,0.610367
0.132265,0.024362,0.809141
0.440231,0.024455,-0.008178
-0.229779,0.089972,0.887212
-0.423144,-0.067480,0.028023
-0.301479,0.025194,-0.728424
-0.229817,0.116830,0.187594
-0.259807,-0.200454,0.014712
-0.397869,0.104299,0.688365
-0.056457,-0.183741,-0.365612
0.326904,0.021605,0.652727
0.065169,-0.200454,0.807044
0.119566,0.018454,0.395078
0.120807,0.110234,0.776097
-0.264933,0.113175,-0.483265
0.035851,0.116281,-0.177896
-0.179033,0.008480,-0.688475
0.249734,0.113700,-0.443780
0.119861,-0.194028,-0.492909
0.400228,0.109920,0.425292
0.198240,-0.183741,-0.327734
0.282114,0.158768,-0.387089
-0.330115,-0.200454,0.174161
-0.183984,-0.188003,-0.492909
-0.438003,-0.011110,-0.277570
-0.091941,0.020277,-0.444826
-0.373592,0.116157,0.318932
-0.185350,-0.200454,-0.334135
0.038430,0.023383,0.757930
-0.221342,-0.183741,0.438927
-0.247593,-0.200454,-0.234123
0.406750,0.099935,-0.641724
-0.013578,0.166018,0.385757
0.178183,0.117042,0.051081
0.256740,0.025194,0.263520
-0.088937,-0.200454,0.831132
0.007055,0.025194,-0.522188
-0.031308,0.018569,-0.290892
0.130134,0.061991,-0.799020
-0.456574,0.018659,-0.160204
-0.137831,0.157900,-0.746162
0.004555,-0.183741,0.296096
0.435810,-0.097809,0.500478
0.218593,0.025194,-0.418499
-0.089133,0.108353,-0.738425
0.418564,-0.107718,0.421150
-0.219332,0.115038,-0.331982
-0.490259,0.045757,-0.728338
-0.273369,0.017720,-0.184834
0.379039,0.123435,-0.795082
0.138777,0.008480,-0.085915
0.362657,-0.197542,-0.281237
-0.423862,-0.122124,0.745173
0.513170,-0.017782,-0.795034
-0.186529,0.018775,-0.314591
-0.292658,0.025194,0.842983
0.045561,0.022390,-0.585503
-0.151067,-0.200454,0.449274
-0.195885,0.113896,-0.427619
-0.536561,-0.065956,-0.588014
0.439524,-0.055088,-0.312934
0.130779,0.025194,0.625006
-0.173805,0.164734,-0.574849
0.489035,0.120330,-0.493186
0.192450,0.008480,-0.524780
0.056240,0.222568,0.641565
0.018183,0.153186,-0.615146
-0.398580,0.026823,0.496458
0.190694,-0.200454,-0.027842
0.321272,-0.183741,0.617660
0.400718,-0.164766,0.509979
0.244318,0.115225,0.427953
-0.480850,0.056290,-0.399616
-0.430962,0.050267,-0.665763
0.139234,0.020068,0.545015
-0.114997,-0.183741,-0.226658
0.135214,0.008480,0.894366
-0.002656,0.104376,-0.753256
-0.093232,0.154597,-0.647371
-0.018529,0.175718,0.708823
0.248217,0.021106,-0.503487
-0.289985,0.113988,0.537506
0.494327,0.077476,-0.780831
0.027635,0.175009,0.483053
-0.151471,-0.200454,0.168360
-0.153518,-0.193420,-0.158612
0.196920,-0.183741,0.491094
-0.355087,0.018549,-0.288647
0.306476,0.111409,0.713449
0.152512,0.111910,0.681441
0.420952,-0.046441,0.027753
-0.041560,0.018950,0.326117
-0.424930,-0.149575,-0.161394
-0.369162,-0.190708,0.275972
0.330998,0.155261,-0.624593
0.093669,0.113746,-0.439887
0.275592,0.016990,0.105456
-0.238490,0.016982,0.100576
0.310339,0.018319,0.379556
0.388253,0.025152,-0.667894
0.319338,0.020910,-0.490960
0.050484,0.141423,-0.502753
0.563381,-0.039883,-0.669194
-0.051485,0.113937,-0.424251
0.042987,0.116944,-0.004958
0.374355,0.022557,0.713475
-0.191210,0.008480,0.154295
0.029638,0.133005,-0.393043
0.236763,-0.200454,0.754772
0.280501,0.137192,-0.487308
-0.309858,0.008480,0.219371
0.342116,0.116387,-0.157526
-0.119542,-0.183741,0.411458
-0.242422,-0.200454,0.154490
0.036416,0.025194,-0.407747
-0.151552,-0.200454,0.012982
0.358816,-0.196841,-0.058323
-0.066804,0.072372,-0.776350
0.133229,-0.183741,0.362671
-0.362100,-0.180549,0.101614
0.381029,0.155183,-0.716386
-0.241584,-0.200454,0.360980
0.434875,0.008480,0.234693
-0.418336,0.088132,-0.037138
-0.274020,0.008480,0.588344
-0.433619,-0.121650,-0.580443
0.074088,0.110118,-0.664775
-0.550629,-0.091283,-0.508065
-0.079427,0.117035,0.047125
0.350031,0.019185,0.472457
0.240069,-0.200378,0.175684
-0.125702,-0.183741,-0.390192
-0.419383,0.008480,0.845771
0.243507,0.115774,0.610654
-0.436147,-0.090016,-0.533358
-0.476188,0.101295,-0.714312
0.116087,0.111557,-0.586592
-0.031578,0.008480,-0.477852
0.286483,0.008480,0.879590
-0.091780,0.110010,-0.670412
-0.374170,-0.176048,-0.004304
0.206088,0.008480,-0.025325
-0.145901,0.023464,-0.644814
-0.082353,-0.183741,0.023336
-0.155161,-0.183741,-0.045518
0.235916,-0.183741,0.372250
0.386257,-0.174561,0.175684
-0.441096,-0.109630,0.483569
0.424850,0.048558,0.042527
0.450699,0.154147,-0.744512
0.238415,-0.200454,-0.221514
0.207206,0.116877,-0.042752
0.303611,0.112198,-0.545633
-0.436197,-0.118021,-0.212810
-0.439860,0.012647,0.065883
0.039175,0.140630,0.711435
-0.415282,0.088862,-0.390604
0.139087,0.116907,-0.026157
0.299362,0.113611,0.568472
-0.224158,0.116421,0.268243
-0.433466,-0.065594,-0.158612
0.417821,0.142489,-0.549793
-0.421183,-0.158155,0.079045
-0.421288,-0.051781,-0.337163
-0.388766,-0.172730,0.844277
0.193447,0.113772,0.467065
0.178238,0.018240,0.370460
0.427858,0.068011,-0.191097
0.152670,0.114373,-0.388541
0.195676,0.103870,-0.799013
-0.170091,0.021336,0.635519
0.079128,0.115063,0.634709
-0.034095,0.153430,-0.648524
-0.401194,-0.179230,-0.055331
0.239184,0.115319,-0.299702
-0.085508,0.008480,-0.713600
0.281741,-0.200454,-0.391502
-0.415347,0.070148,0.826155
0.023213,0.113232,0.452993
-0.151313,0.111354,0.716976
-0.422913,0.065299,-0.119834
0.364989,-0.180086,-0.581694
0.290139,-0.200454,-0.595689
-0.151408,-0.200454,0.349548
0.124129,-0.200454,-0.030892
-0.304321,-0.183741,0.662594
-0.418447,-0.121580,-0.300888
-0.012464,-0.194030,-0.058323
0.174318,0.025172,0.851465
0.047951,0.201416,0.554756
0.137630,0.171570,0.463150
-0.294276,0.152567,0.496490
-0.267480,-0.183741,0.417519
0.450670,0.018395,0.636405
0.266462,0.025194,-0.151342
0.225642,0.116653,0.223733
0.534332,0.095973,-0.661713
0.116240,0.114414,0.502421
-0.015033,0.133243,-0.794572
-0.307285,0.115224,0.428075
-0.197917,0.025194,-0.162772
-0.089384,-0.183741,0.349287
-0.042238,0.116920,-0.018644
0.394174,0.008480,0.653479
-0.011862,0.115141,-0.320227
0.519139,-0.059730,-0.595988
-0.425002,-0.056993,0.365881
-0.409136,-0.148876,0.281228
0.271301,0.129476,0.390851
-0.025663,-0.200454,0.769338
-0.443572,-0.025753,0.823954
0.421567,0.091302,0.301070
0.367114,0.018110,-0.238130
0.344312,0.149990,-0.476403
0.109979,-0.183741,0.473255
-0.395603,0.022356,0.050285
0.374855,0.020426,-0.543054
0.331446,0.025194,-0.694022
-0.347939,0.025194,-0.178538
-0.193296,0.025194,-0.513625
-0.308433,0.111052,0.733310
0.200886,0.111355,0.716877
-0.131789,0.058381,-0.775928
0.410309,0.093885,-0.733907
0.422811,-0.096801,-0.387347
-0.420033,0.055780,-0.339262
0.056240,-0.195140,-0.058323
0.228244,-0.184911,0.275972
0.218290,0.103987,-0.754194
-0.327651,0.008480,-0.497476
0.422811,-0.039478,-0.242068
-0.212153,-0.200454,-0.719384
0.059889,0.025194,-0.019343
-0.041092,0.023731,-0.658759
-0.417229,-0.158514,-0.510311
-0.551572,-0.007281,-0.461157
-0.279269,-0.183741,0.084366
-0.350060,0.017984,0.894421
-0.496138,0.013495,-0.783835
0.217028,0.008480,0.183745
0.441380,-0.003986,-0.667482
0.138409,0.115975,-0.224203
0.422811,0.005194,-0.280624
-0.240777,0.111638,-0.581443
-0.351653,-0.199785,0.329500
-0.180037,0.116543,-0.127472
0.154154,0.116870,0.164135
-0.309666,0.192763,0.634628
0.425569,0.075912,-0.339144
-0.066821,0.158809,-0.747522
-0.023465,-0.200454,-0.719784
-0.063745,0.115730,-0.252451
0.277351,0.110341,0.770490
-0.236634,0.191907,0.682551
0.193644,0.112972,-0.496225
-0.000423,-0.200454,-0.383298
0.342772,0.025194,0.229432
-0.265444,-0.189950,0.509979
-0.509558,-0.033913,-0.514849
-0.519163,-0.131174,-0.459858
-0.458431,0.015327,0.216324
0.347384,0.023081,-0.624782
0.283535,0.116040,-0.216845
-0.414379,0.088865,-0.459014
0.438831,-0.110749,-0.302459
-0.439860,-0.052006,0.174749
0.404612,-0.171045,0.739215
0.417240,-0.044009,0.743562
-0.027595,-0.183741,0.692532
-0.269015,0.115503,-0.278661
0.059031,-0.200310,0.275972
0.271950,-0.200454,0.431022
0.063710,0.008480,0.886190
-0.058914,0.008480,0.604863
0.181964,0.017652,0.289088
-0.245857,-0.200454,0.825725
-0.379272,0.116338,0.045543
-0.080507,0.008480,0.541741
-0.438003,-0.075633,-0.264043
