-0.090353,0.009360,-0.216354
0.045003,-0.091502,0.142177
0.004731,-0.102574,-0.380473
0.094762,-0.052641,-0.031542
0.075374,0.054700,-0.494257
0.080371,-0.121865,-0.123955
0.222561,-0.052257,-0.256578
0.059483,-0.058495,-0.868325
-0.038275,-0.028067,-0.055509
0.021716,0.087953,-0.155126
0.120155,-0.023387,-0.104998
-0.090353,-0.030043,-0.608419
0.146375,0.062140,0.686506
0.039837,0.083572,0.435416
0.004475,-0.102633,0.236108
-0.011540,0.089999,0.086271
0.357095,-0.005329,0.006946
-0.007186,0.236296,0.755234
0.180402,-0.033247,-0.001866
-0.051794,0.048118,0.670393
-0.185291,-0.102659,-0.210745
0.011147,0.125909,0.683139
-0.201129,-0.057799,-0.113448
-0.218653,-0.054585,-0.273942
-0.090353,-0.002275,-0.185910
0.092171,-0.031044,-0.324591
-0.087050,-0.024166,-0.750728
-0.022666,0.086853,-0.344358
-0.052873,0.072361,-0.433982
-0.072908,-0.065211,-0.656780
0.245877,-0.070135,-0.117061
-0.015787,-0.080195,0.450131
-0.090353,-0.011637,-0.461098
0.162336,-0.023465,-0.061570
-0.232683,-0.092201,-0.195894
-0.259583,-0.064562,-0.170721
-0.051675,-0.056142,-0.890486
-0.035410,0.025277,-0.912053
-0.418782,-0.021211,0.050431
-0.026825,0.082639,0.541546
-0.018547,-0.096386,-0.772446
0.092411,-0.009396,0.119195
-0.090353,-0.007213,0.186621
-0.005366,0.091557,-0.135956
-0.168961,-0.032802,-0.006295
0.002119,-0.103171,0.017036
0.774207,0.054738,0.213872
-0.262884,-0.063888,-0.224989
-0.090353,-0.003005,-0.033795
0.092411,0.015173,0.067603
0.043487,-0.092711,0.198967
-0.344089,-0.035537,-0.020338
-0.015123,-0.098332,-0.721576
-0.175274,-0.054934,-0.041076
0.354866,-0.004332,-0.054601
-0.484745,-0.001632,0.118680
0.456629,-0.002743,-0.020198
-0.084362,-0.040239,0.204223
0.009657,0.096066,0.724689
0.005365,0.277659,0.708094
0.009350,0.230136,0.713234
-0.056770,0.069254,-0.322808
0.088994,-0.079293,-0.169958
-0.006481,0.277178,0.741494
-0.164202,-0.062787,-0.114298
-0.002448,0.092292,0.003489
0.092411,-0.019310,-0.493196
0.351523,-0.029432,0.031244
-0.054710,-0.082120,-0.624470
0.092411,-0.004176,-0.177953
0.584823,0.016605,0.083736
-0.237415,-0.076445,-0.168400
0.076896,-0.034338,0.489216
0.090215,-0.008015,-0.709833
-0.096094,-0.069132,-0.070302
-0.003982,0.088153,0.413866
-0.035941,0.084017,0.423665
-0.070638,-0.068486,0.045249
0.494533,-0.021794,0.092336
0.011187,0.092864,0.567219
0.054792,-0.083696,-0.495370
0.109515,0.041679,0.739923
-0.283073,-0.012156,-0.119089
-0.090353,-0.019186,-0.281789
-0.335818,-0.030779,0.029372
-0.587443,0.018244,0.104753
0.005525,0.091749,-0.319708
-0.032402,0.081484,0.570427
0.543343,-0.006303,0.089184
0.214559,-0.123368,-0.145880
0.023945,-0.098190,0.307495
0.217027,-0.055038,-0.134494
0.062733,0.066138,-0.573161
0.428011,-0.017519,-0.039524
0.047693,0.078134,-0.198406
-0.130767,-0.110178,-0.121854
0.114654,-0.066814,-0.074473
-0.051510,-0.022565,0.625193
-0.000193,0.370369,0.758378
0.580738,0.013818,0.139385
0.251389,-0.066231,-0.270923
0.125715,-0.063412,-0.047690
0.389266,-0.002875,0.028703
0.089659,0.024282,0.371321
-0.275128,-0.042864,-0.032568
-0.052700,0.072499,-0.032618
0.078970,-0.058457,-0.577055
0.355872,-0.010711,0.044082
0.067079,-0.072549,0.227222
-0.026850,-0.097057,-0.531737
0.021708,-0.026785,-0.979989
-0.083114,-0.045579,-0.374307
-0.065725,-0.044147,-0.863215
-0.001760,0.089096,-0.717425
-0.158824,0.063249,0.704949
0.069020,-0.071814,0.013409
0.092411,-0.028609,-0.428545
0.481624,-0.014787,0.001361
0.043442,-0.092748,-0.258692
-0.066195,-0.025773,-0.092220
-0.289459,-0.038836,-0.007485
0.019928,-0.051393,0.588319
-0.009316,-0.025221,0.686939
-0.563644,0.005426,0.151072
0.067507,-0.023436,-0.129606
-0.003342,0.129853,0.558446
0.055824,0.071649,-0.245101
-0.077955,-0.053906,0.253872
0.066992,-0.092630,-0.104814
-0.188553,-0.042549,0.044757
0.084894,-0.046156,-0.289286
0.008681,-0.095574,0.361599
-0.050622,-0.022092,-0.157754
-0.180419,-0.016605,-0.114035
0.627319,0.020195,0.101664
-0.044799,0.078800,0.150266
-0.082381,0.035876,-0.485299
0.092411,0.011672,-0.203621
-0.009129,0.102266,0.702981
-0.066201,0.061731,-0.161603
-0.048194,0.075953,0.358536
0.025649,0.086962,-0.186178
0.050444,-0.084614,-0.735650
0.011187,0.079112,0.623331
-0.071099,-0.024186,-0.201730
-0.618365,0.017150,0.161824
-0.188007,-0.072411,-0.175058
-0.153033,-0.053851,-0.017274
0.091748,-0.016742,0.350907
-0.008906,-0.055161,0.581035
0.000222,0.410960,0.860561
0.020206,0.087820,-0.542330
-0.029648,0.025368,0.769238
-0.025647,0.086562,0.393615
0.080991,0.043037,-0.121901
-0.107981,-0.150655,-0.096020
-0.024561,0.086717,0.174838
-0.004643,-0.102126,-0.170238
-0.033646,0.084426,-0.003477
0.770713,0.150897,0.255017
-0.038320,-0.024993,-0.218655
-0.006251,0.123204,0.591527
0.066387,-0.040870,0.520964
-0.359190,-0.003459,-0.046382
0.088186,-0.037327,0.094122
0.236585,-0.032228,0.017385
0.008561,0.275930,0.778451
-0.029800,0.074212,-0.800124
0.085131,-0.042197,0.303438
-0.087012,-0.033561,0.299277
-0.231727,-0.050850,-0.169514
0.083260,-0.027258,0.455723
-0.070249,0.054931,0.507201
-0.256121,-0.123840,-0.187305
-0.232011,-0.049910,-0.210907
-0.391607,-0.001740,-0.045366
-0.465199,-0.017466,0.047977
0.023389,0.066675,0.758397
-0.664287,0.012184,0.159778
0.008103,-0.101804,-0.492779
-0.270116,-0.075834,-0.259918
-0.042825,-0.091598,0.026976
-0.041203,-0.092892,-0.358431
-0.043028,-0.090316,-0.678284
-0.257753,-0.107352,-0.152972
0.080681,0.031202,0.687779
0.131449,-0.148738,-0.117965
-0.227265,-0.135487,-0.224290
-0.005999,-0.022964,-0.137171
0.035416,-0.035857,0.629513
0.009611,-0.101461,0.070695
0.271835,-0.088186,-0.171905
-0.531307,-0.004013,0.120460
-0.086965,0.003963,-0.753860
-0.253818,-0.011747,-0.073219
0.051538,-0.097531,-0.130167
-0.070398,-0.081336,-0.014454
-0.089197,0.002995,-0.671408
-0.077969,-0.007540,0.555700
-0.005299,0.099760,0.747351
0.281277,0.063622,0.771803
0.005681,0.205717,0.639468
0.030976,-0.096585,-0.350728
-0.081866,-0.003739,-0.800539
-0.274913,-0.046635,-0.078552
0.041099,0.083067,0.207746
0.008599,0.091260,0.054399
0.579246,-0.000664,0.063112
0.055472,-0.083153,0.054078
-0.007603,0.212129,0.739398
0.004198,0.092217,-0.259182
-0.005118,0.060257,0.811539
-0.005590,0.095792,0.466234
0.139582,-0.058287,-0.020935
-0.008033,0.088993,-0.669576
-0.009129,0.097266,0.528483
-0.132499,-0.066846,-0.184970
0.089886,0.011911,0.434971
-0.172546,-0.022178,-0.069906
-0.186117,-0.104905,-0.242921
0.068534,-0.052777,0.444645
0.039141,-0.026934,-0.073651
-0.116177,-0.067822,-0.221084
0.071255,-0.026076,-0.087374
-0.017635,-0.084325,-0.877196
0.068515,0.020162,-0.869148
-0.546757,0.011877,0.044550
0.195289,-0.054939,-0.009465
0.073739,0.051217,-0.738921
0.052090,0.074627,-0.291529
0.117451,-0.021565,-0.162298
-0.063719,0.063711,-0.089119
-0.309220,-0.041198,-0.076187
-0.058082,-0.079430,-0.342546
0.062662,-0.093722,-0.202581
-0.220140,-0.130819,-0.273054
0.197037,0.058725,0.690763
-0.210854,-0.084063,-0.182915
0.013723,0.089609,-0.352638
0.075600,0.047049,0.513667
-0.371851,-0.032418,-0.019848
-0.000141,0.418201,0.814772
0.092411,0.019094,-0.429048
-0.041094,0.081755,-0.090671
-0.092703,-0.064017,-0.020313
-0.010878,0.089759,-0.374085
0.067283,0.003486,0.639493
0.074318,0.053310,-0.686119
0.245556,-0.047635,-0.050875
0.033154,0.081812,-0.738638
-0.121911,-0.067496,-0.108670
-0.031854,-0.095915,-0.388870
0.308046,0.071036,0.808400
0.484350,-0.002492,0.119482
-0.233386,-0.113509,-0.175654
-0.198891,0.059652,0.782545
-0.044699,-0.071489,0.437751
-0.525720,0.012258,0.062127
0.036401,-0.095347,-0.564204
-0.126468,-0.054308,-0.010553
0.187405,-0.034146,-0.195919
-0.063269,-0.075294,-0.396824
0.262625,0.063813,0.731426
-0.069567,-0.068747,0.195765
0.265713,-0.062747,-0.233073
-0.012115,-0.100419,-0.347879
-0.502625,-0.017165,0.114723
-0.483436,0.008735,0.041592
-0.176275,0.048495,0.748586
-0.092291,-0.137570,-0.120295
-0.017554,-0.099178,-0.429086
-0.073981,-0.036542,-0.837133
0.060484,-0.079157,-0.377441
-0.024573,-0.003847,0.729641
-0.689832,0.026768,0.168676
-0.067758,0.060490,-0.204637
0.071464,-0.022926,-0.175273
0.190795,-0.073266,-0.246434
0.100363,0.057264,0.716455
-0.057408,0.068745,-0.490352
0.009869,-0.100412,-0.687534
-0.213595,-0.017081,-0.141978
-0.029317,0.085518,0.239018
0.529345,0.001002,0.022113
0.000033,0.199795,0.581937
0.047903,0.077966,-0.436735
-0.027911,0.076768,0.659105
0.075163,0.055139,-0.462504
-0.000682,0.114848,0.477703
-0.090185,-0.015418,0.328556
-0.316817,-0.038182,-0.022904
-0.088273,0.023639,-0.348358
0.196475,-0.096086,-0.279117
-0.003925,0.091920,0.216563
0.075589,0.054254,0.262230
-0.088729,0.030759,0.665545
-0.059680,0.002373,0.653487
0.021284,-0.085952,-0.869010
0.074589,0.053979,0.418916
-0.006890,0.184635,0.664097
0.174359,0.047639,0.680636
-0.092703,-0.036256,-0.150121
-0.037768,-0.094565,0.135145
-0.062441,-0.003922,-0.893966
0.092411,-0.001613,-0.361771
-0.077085,0.046874,0.090369
0.049750,-0.085163,0.333721
0.036729,0.072874,0.649360
0.083623,0.037571,0.198516
-0.019507,0.087510,-0.573399
0.012079,-0.100898,0.162670
-0.018533,0.088186,-0.213648
-0.010519,-0.100784,-0.268158
0.045957,-0.054455,0.530858
0.080690,0.028147,-0.790466
-0.363206,-0.035673,0.010549
-0.067333,-0.068677,-0.726161
0.076089,0.033468,0.720870
-0.087239,0.025790,0.182271
0.087654,0.026618,-0.670102
-0.248372,-0.036416,0.006590
0.001200,0.345883,0.718693
0.089304,-0.035563,0.015199
-0.390019,-0.028929,-0.046321
-0.195099,-0.058104,-0.144927
-0.089798,-0.023782,-0.649243
0.379528,-0.033737,0.046046
-0.090353,0.007206,-0.242921
-0.503704,-0.024215,0.070299
-0.044566,0.045489,-0.880462
0.092411,0.008828,0.179510
0.705685,0.024789,0.205886
-0.073482,-0.034631,0.502447
-0.663289,0.018886,0.194491
-0.002680,0.065109,-0.852166
-0.058257,0.068068,-0.584805
0.033851,0.026962,-0.913437
0.010077,-0.101354,-0.296495
-0.086295,0.033782,0.624084
-0.142367,-0.025214,-0.051488
0.375271,-0.019605,0.094606
-0.233757,-0.049687,-0.234185
-0.159576,-0.059838,-0.080301
0.394574,-0.008299,0.067000
0.755302,0.024648,0.205943
0.079648,-0.056403,-0.643249
-0.036886,-0.061343,0.526122
0.013584,-0.100554,0.270364
0.752396,0.028675,0.168922
-0.238175,0.061158,0.715840
-0.090353,-0.021569,-0.315089
-0.646425,0.017594,0.101949
-0.027457,0.065398,0.742848
0.000282,0.092980,0.253794
0.190845,-0.087514,-0.147935
0.222826,-0.048186,-0.037685
-0.035048,0.083963,-0.405207
-0.261703,-0.105769,-0.271512
-0.090353,-0.003591,0.223817
0.016267,0.084792,0.496940
0.221131,0.068415,0.716348
0.078230,0.048769,-0.172040
-0.395621,-0.011490,0.079614
0.219448,-0.093098,-0.246309
0.052543,0.069220,-0.774398
0.002753,0.354494,0.841661
-0.058385,0.067966,0.065877
0.001317,-0.016838,0.719420
0.076648,0.052055,0.055833
0.010049,0.189601,0.735377
0.050731,-0.007627,0.666816
0.076482,-0.058138,-0.727105
0.085546,-0.044759,-0.180912
-0.218236,-0.021383,-0.164400
-0.197059,-0.088518,-0.274096
-0.100698,-0.060289,-0.250220
0.268063,-0.091944,-0.276263
-0.011509,0.090007,0.130702
-0.376938,-0.002923,0.015138
0.043867,0.081186,0.109626
0.000842,0.257810,0.629467
-0.615403,0.007441,0.082460
0.016035,0.089471,0.373474
-0.090353,0.010424,-0.321724
-0.011061,-0.039172,0.643286
-0.090353,0.011237,-0.573217
0.049473,-0.034257,-0.014269
-0.087751,0.017316,-0.724850
0.046954,0.074321,0.544856
0.078446,0.009303,-0.831000
0.162967,-0.018778,-0.141078
-0.068453,-0.069196,0.312585
-0.092703,-0.054561,-0.186111
-0.025142,0.086223,-0.465986
-0.090353,0.017453,0.086533
-0.518014,-0.010465,0.044884
-0.005872,-0.102489,-0.136029
0.006700,0.187369,0.772114
0.420947,-0.013174,0.085743
0.006205,-0.101846,-0.656438
0.005207,0.240951,0.668580
0.074438,0.037770,0.565762
-0.422884,0.001489,-0.020830
-0.244854,-0.015995,-0.047211
0.071740,-0.025139,0.544490
-0.118401,-0.022232,-0.178373
0.074678,-0.064211,0.326008
0.029735,0.085931,-0.059118
-0.388100,0.000125,-0.014722
0.014315,-0.148779,-0.792203
0.003469,-0.102862,-0.571021
0.053440,0.072505,-0.658892
-0.376652,-0.032298,0.051826
0.094762,-0.045676,-0.080981
-0.232690,-0.032025,-0.071319
-0.208262,-0.116810,-0.124012
0.028114,-0.077528,0.452288
0.088960,0.017853,-0.756195
0.092411,-0.024081,-0.258342
0.026665,-0.101681,-0.178884
0.091553,0.021104,-0.528051
-0.075379,-0.000140,-0.836614
-0.239772,-0.104257,-0.245521
0.018084,0.084394,-0.769465
0.088637,-0.034762,0.271403
-0.770125,0.122895,0.255788
0.526310,0.012461,0.066297
-0.085249,-0.023162,0.430491
0.091184,-0.033094,-0.565796
0.070456,-0.070108,0.117430
-0.048564,-0.087021,-0.507593
-0.007831,0.198834,0.702101
0.092382,0.019381,-0.386778
0.092411,-0.023908,0.143656
0.083096,0.038665,0.140269
-0.015468,0.021177,-0.933339
0.064773,0.064513,0.222792
0.092411,-0.030502,-0.517611
0.092411,0.013382,-0.567429
0.087831,0.028832,0.261760
-0.123024,0.055256,0.648538
-0.084394,-0.042921,-0.557597
0.065187,0.061378,-0.709660
0.070319,0.060089,0.176441
0.034888,0.031751,0.761460
0.486558,0.006599,0.076013
0.092411,-0.028893,-0.604293
0.054771,-0.058026,0.484673
-0.056140,-0.029245,0.587298
0.125759,0.042909,0.644780
0.025853,0.086859,-0.213525
-0.082586,0.035451,-0.432912
0.102875,0.040033,0.628685
0.217344,-0.129266,-0.186998
-0.319993,-0.005813,-0.036455
-0.130298,0.060171,0.726813
0.258479,-0.014287,-0.130271
-0.238912,-0.014976,-0.127216
-0.048962,0.071474,-0.744371
0.015296,0.089572,0.157501
0.092411,0.013727,-0.596042
0.045542,0.029295,0.712575
-0.354384,-0.008130,0.031273
-0.090353,-0.000362,-0.495942
0.067000,0.062736,-0.605866
-0.527959,-0.008618,0.078731
-0.003682,0.091981,-0.167549
0.040493,-0.094413,-0.319046
-0.059489,0.067086,0.091992
0.188435,-0.017665,-0.098544
0.051011,-0.079272,0.364399
0.081837,0.041279,-0.218247
0.092411,0.010780,-0.336112
0.710030,0.027848,0.150945
-0.474954,0.003634,-0.002981
0.000988,0.231709,0.600903
0.069848,-0.058071,-0.806850
0.000147,0.259813,0.822760
0.076451,0.052462,-0.541864
0.092411,0.015341,-0.056223
0.127105,-0.128868,-0.078727
-0.061028,-0.092654,-0.052560
-0.076841,0.047380,-0.518053
0.047806,0.078043,-0.404946
-0.028818,-0.083633,0.407419
-0.041678,-0.090693,-0.728345
-0.048987,0.075461,-0.123170
0.134021,0.060464,0.716961
-0.090353,-0.019946,-0.582518
-0.090353,-0.004779,-0.098724
0.286402,-0.041230,-0.025037
-0.051788,-0.083785,0.280524
-0.395627,-0.026854,0.017669
0.062469,-0.077574,-0.298775
0.036944,0.084114,0.067239
-0.069444,0.059146,-0.394524
-0.086257,-0.036649,-0.682770
0.031030,-0.024229,-0.116919
-0.218574,-0.032911,-0.012562
0.073346,-0.068900,-0.540791
-0.076422,0.045572,-0.671645
-0.164147,0.052480,0.665432
-0.064567,0.047672,-0.813364
0.027072,-0.102487,-0.139955
-0.041097,-0.092976,0.232379
0.084947,-0.046046,-0.207218
0.080968,-0.051565,-0.690417
0.000164,0.048140,-0.897605
-0.033571,-0.031175,-0.021110
0.276441,-0.009689,-0.075013
-0.047943,-0.087516,0.067267
-0.002574,0.091680,-0.451957
-0.039258,0.083011,0.209696
-0.122328,-0.063273,-0.042143
-0.013650,-0.013903,-0.989299
0.227870,-0.071046,-0.179200
0.087760,0.028978,-0.272306
-0.061579,0.059484,0.563143
-0.066836,-0.066073,-0.784329
0.041634,-0.094152,0.097523
-0.033764,-0.088895,-0.012469
-0.045287,-0.084737,0.349781
0.005321,0.091116,-0.632344
0.064250,0.064929,0.024314
0.056140,-0.028762,-0.920072
-0.070591,0.058232,0.163906
0.083611,-0.046461,0.199967
-0.162775,-0.062387,-0.173633
0.067499,-0.090326,-0.027222
0.016776,0.088602,-0.509010
-0.075445,0.050278,-0.238307
-0.090353,0.015357,-0.526469
0.771885,0.113329,0.255159
0.075118,-0.064937,0.152213
-0.088503,0.015104,0.404476
0.054971,0.011091,-0.903773
-0.652144,0.023488,0.133966
-0.005392,0.313276,0.801413
-0.065866,0.061999,0.192818
-0.072403,-0.067820,-0.437066
0.184865,-0.059894,-0.156199
-0.046062,0.071835,-0.778673
-0.374045,-0.022394,0.095348
0.679785,0.023329,0.188060
-0.051356,0.073571,-0.055487
-0.002937,0.092168,-0.032830
-0.256616,-0.012555,-0.104442
0.275270,-0.047022,-0.073340
-0.065760,-0.072180,0.165936
0.053738,0.057602,-0.814814
-0.519568,0.009702,0.095873
0.121176,-0.026093,-0.060686
-0.086915,0.026462,0.215196
0.251136,-0.050451,-0.092956
-0.076873,0.047314,0.118854
0.079122,-0.022753,-0.827245
0.239322,-0.042985,-0.229982
-0.072579,0.017508,0.593726
-0.207829,-0.069759,-0.246624
0.244153,-0.057214,-0.198535
0.004947,0.314621,0.736836
0.072391,-0.040706,-0.254781
-0.263089,0.068296,0.792245
-0.065426,0.034303,-0.840764
0.007758,0.322530,0.763428
0.185481,0.047153,0.720648
-0.051680,-0.034767,-0.248643
-0.279509,0.073491,0.763017
-0.057569,0.068311,0.403001
-0.029703,-0.096406,-0.469661
0.050611,0.075807,-0.082171
0.084999,0.034712,-0.088842
0.088861,0.014135,0.481224
-0.089317,-0.032697,-0.514211
-0.028813,0.085644,-0.173477
-0.075296,0.050588,-0.112688
-0.137204,-0.151346,-0.095310
-0.076590,0.047901,0.298868
0.206905,0.060553,0.782957
-0.019011,-0.098845,0.104599
0.255505,-0.042356,-0.147746
0.059038,0.069087,-0.361749
0.306055,-0.009541,-0.024700
0.007869,-0.029318,-0.035503
0.004643,0.015453,-0.954169
-0.039315,-0.000886,0.705085
-0.008703,0.148288,0.724012
0.017567,0.086304,0.461338
-0.044903,-0.031997,-0.936873
0.045699,-0.074365,-0.000649
0.156270,-0.036656,-0.216127
-0.089051,0.022024,-0.284254
0.062707,0.066160,0.087627
0.092411,0.013631,0.289368
-0.022744,-0.023076,-0.178436
0.084574,-0.135528,-0.080831
-0.030827,0.085136,0.033187
0.011367,-0.101060,-0.460236
0.092411,0.013041,-0.018982
-0.631064,0.006265,0.132386
-0.025264,-0.097419,0.292872
-0.009129,0.092222,0.628901
0.001397,0.177532,0.550481
-0.059722,-0.077734,0.093757
0.042977,-0.062048,-0.901442
0.322105,-0.008170,-0.087129
0.006705,-0.046820,-0.261101
-0.227539,-0.064706,-0.083392
0.462622,-0.014286,0.083195
0.092256,0.000981,0.327981
0.026091,0.015827,-0.938200
0.115491,-0.071003,-0.163787
0.224395,-0.127877,-0.275546
0.214027,0.052915,0.747456
-0.562015,-0.004204,0.081632
-0.090321,0.057060,0.683983
-0.037356,0.083436,-0.624186
0.197984,-0.058556,-0.059528
0.024295,0.086887,-0.388422
-0.009129,0.114127,0.637602
0.131668,0.037186,0.681390
0.084018,0.004560,0.530216
-0.073957,0.047742,-0.718885
0.054022,-0.083752,0.253799
-0.264898,0.069081,0.740076
-0.012752,-0.089770,-0.842926
0.020215,-0.099041,-0.517694
-0.084763,0.030931,-0.067544
0.025560,-0.024566,-0.209707
-0.193356,-0.056292,-0.014157
-0.049267,0.075236,-0.291528
0.017367,-0.087050,0.405187
-0.000343,0.097163,0.783089
-0.024309,-0.100160,-0.226347
-0.078309,0.035228,-0.774589
-0.025520,0.086137,-0.513726
0.072922,0.055449,0.667457
0.063832,-0.076487,-0.427761
-0.012677,-0.052305,-0.963549
-0.383430,-0.005174,0.044251
0.396018,0.001053,0.000608
-0.060799,0.066039,-0.262875
-0.090353,-0.000082,0.260910
0.056570,0.071054,-0.525302
-0.088907,0.022003,-0.633843
0.081762,-0.052660,-0.472869
-0.057058,0.069024,0.310217
0.092411,0.008899,-0.137934
0.000333,0.319877,0.699669
0.016137,-0.030663,0.667075
-0.140280,-0.067069,-0.150808
-0.074755,0.055993,0.658572
0.064513,0.046373,0.744535
0.095481,-0.071680,-0.218950
0.022534,0.068371,-0.828779
0.007869,0.149810,0.613519
-0.029705,0.085420,-0.042833
-0.030098,0.064226,-0.843192
-0.319731,-0.023075,-0.112119
0.085300,-0.045121,-0.147770
0.115324,-0.048823,-0.251622
-0.230711,-0.052910,-0.114616
-0.070613,-0.069437,-0.599108
-0.083506,0.033541,0.252984
0.185402,-0.018977,-0.155267
-0.009224,0.068652,0.785844
-0.078938,-0.054252,-0.340429
0.087419,-0.025222,0.408728
-0.005397,0.340066,0.807584
0.046988,0.078696,-0.121287
-0.187884,0.047078,0.694894
-0.772052,0.072359,0.223626
0.080278,0.044456,0.325086
-0.137541,-0.021385,-0.113901
0.020166,-0.099052,0.125789
0.141248,-0.043151,0.009541
-0.066076,0.061832,0.239474
0.232016,-0.032114,-0.168796
0.002725,0.274898,0.668068
-0.072988,0.052852,0.428372
-0.172404,-0.049850,-0.205560
0.250739,-0.087533,-0.163614
-0.001058,-0.102943,-0.606467
0.073267,0.057738,0.290978
0.003752,0.091964,-0.424065
-0.182006,0.065161,0.723158
-0.073796,0.052712,0.369222
-0.294991,-0.023265,0.037562
-0.035937,-0.094983,-0.572850
0.063216,-0.025388,-0.226968
0.049475,0.076713,-0.154151
-0.155128,-0.046002,-0.225008
0.673757,0.025635,0.151925
0.037977,-0.004530,-0.951249
0.281287,-0.045149,-0.114508
-0.215749,-0.123227,-0.152094
0.075601,0.054230,-0.033109
0.040745,-0.003217,0.702734
-0.197661,-0.123729,-0.179350
0.316578,-0.040141,-0.085625
0.091966,-0.023736,-0.645171
0.072846,-0.069298,-0.602714
-0.064253,-0.059139,0.412563
0.445741,-0.021511,0.006520
-0.051046,-0.085042,-0.263674
0.527026,-0.001475,0.127158
0.092411,-0.021578,0.053342
0.251357,-0.105245,-0.112892
-0.199490,-0.053673,-0.066457
0.113216,-0.033508,-0.013371
-0.004616,-0.029139,-0.242827
0.165610,-0.056409,-0.035376
0.017713,-0.096677,-0.785345
-0.197673,-0.022965,-0.032176
-0.273016,-0.015922,-0.009489
0.011187,0.110358,0.659684
0.514908,0.008739,0.095392
0.092411,-0.028778,-0.385913
-0.377735,-0.016629,-0.074892
0.771992,0.095055,0.221250
0.156354,0.045316,0.744242
0.323333,-0.021934,0.054099
0.276594,-0.016417,-0.002959
-0.208455,-0.036893,-0.185556
0.062434,0.047802,0.626636
0.079069,0.047026,-0.625407
0.092411,0.005640,-0.463539
0.001659,0.398660,0.778764
-0.246842,-0.068133,-0.133113
-0.028024,-0.102506,-0.105626
-0.086808,0.026683,0.150072
0.227355,-0.031800,-0.114507
0.040946,0.083087,-0.470182
0.220454,-0.037201,-0.201019
0.039203,-0.023079,-0.178477
-0.004067,0.388825,0.831248
-0.000557,0.298357,0.828518
0.051605,0.074696,0.406467
-0.072169,0.044757,0.752459
-0.291740,-0.008580,-0.050053
-0.567722,0.014572,0.060070
0.342440,-0.033592,0.000053
-0.056132,0.069308,0.442732
0.020540,-0.098966,-0.418932
0.018532,-0.091756,-0.014796
-0.009613,0.086549,-0.744606
-0.201799,-0.127564,-0.240697
-0.105584,-0.032683,-0.239271
0.262807,-0.064359,-0.178544
0.085521,-0.153022,-0.105634
-0.093959,0.034841,0.708580
0.420625,0.000454,0.041479
0.215488,-0.075227,-0.112063
0.162855,-0.060914,-0.094140
0.052156,0.026453,0.673716
-0.039028,0.081050,-0.696631
-0.090353,-0.011975,0.125070
0.060413,-0.064320,-0.839571
0.618092,0.005351,0.135862
-0.221680,-0.088204,-0.098398
0.135809,-0.060995,-0.220981
0.174658,-0.060394,-0.181413
0.107495,-0.100323,-0.099789
-0.036740,-0.094799,-0.296465
-0.424371,-0.010430,0.094802
0.004543,0.151959,0.777303
-0.721186,0.021774,0.208330
-0.186884,-0.075233,-0.210575
-0.036892,-0.090123,-0.799517
0.188017,-0.077326,-0.207138
-0.356690,-0.033035,-0.075332
-0.115285,-0.020542,-0.144713
0.023135,-0.042696,0.004464
-0.090353,0.017837,0.287985
0.006857,0.129119,0.755081
-0.009429,0.090532,-0.094997
0.204339,-0.052233,-0.176994
-0.020626,-0.101047,-0.198681
-0.090353,0.004674,0.032042
-0.770896,0.047264,0.201594
0.039639,0.075268,0.603164
-0.061100,0.029871,0.698681
-0.127770,0.036889,0.680140
0.181097,0.064474,0.746204
-0.018072,-0.056098,0.013100
-0.077496,-0.040931,-0.802014
-0.090353,0.007674,-0.133358
-0.755292,0.025724,0.218514
0.081247,-0.045820,-0.776350
-0.070330,-0.047437,0.455841
0.030178,-0.096767,0.042211
0.191225,-0.041956,0.040354
-0.020846,-0.071166,-0.916161
0.027872,0.084932,-0.669696
-0.069167,-0.091959,-0.163047
0.498091,0.005688,0.010303
-0.126634,0.047383,0.753546
0.007013,0.365762,0.803012
0.293833,-0.010710,-0.103631
-0.079860,-0.042435,0.360734
-0.061373,-0.076806,-0.459669
0.498913,-0.015816,0.049803
-0.240888,-0.048455,-0.056229
-0.506984,-0.005519,0.010861
-0.063412,-0.075181,-0.537450
0.047443,0.078333,0.255078
-0.086599,0.026769,0.344197
0.010520,0.162318,0.672185
-0.008652,0.151236,0.651256
0.023596,0.000881,0.747690
0.216287,-0.038275,-0.152449
0.059823,0.053833,0.689881
0.050483,-0.029446,0.609043
0.080494,0.044069,-0.303665
0.282889,-0.025682,0.034063
0.083272,0.038299,-0.358658
-0.039671,-0.069303,0.479597
0.068281,-0.071193,0.298014
-0.080449,-0.028160,-0.054020
0.082336,0.040244,0.106603
0.070570,-0.028083,-0.055249
-0.028212,0.072749,0.686646
0.019346,-0.100212,-0.224697
-0.045621,-0.072894,-0.855862
0.007211,0.212443,0.667859
-0.139867,-0.028821,-0.019791
-0.751084,0.025223,0.171510
0.407274,-0.026027,0.017653
0.153086,-0.021387,-0.183055
0.223736,-0.071125,-0.084004
0.772093,0.069957,0.245925
-0.090353,-0.016301,-0.250770
-0.077393,0.046233,-0.031324
-0.012288,0.074191,0.713596
0.022119,0.087852,0.304390
-0.003358,0.182621,0.612275
0.152620,-0.025961,-0.031347
-0.060770,-0.065096,-0.822195
-0.012823,0.089694,0.331636
-0.603922,0.019063,0.123340
0.074024,0.057135,-0.409733
0.092411,0.009904,0.226811
-0.090353,-0.027964,0.053283
-0.086857,-0.004455,0.478752
-0.078884,0.043138,0.029077
-0.059791,0.066844,-0.352892
-0.233267,0.065887,0.782540
-0.020828,-0.094655,0.346122
0.074113,0.005258,0.597260
-0.090353,0.012869,-0.003970
0.217734,-0.016717,-0.137535
0.452231,-0.020147,0.035556
-0.043022,-0.050186,0.549009
-0.087483,-0.036506,-0.426267
-0.024731,-0.097540,0.180207
0.035756,-0.095494,-0.611988
-0.092341,-0.119899,-0.088308
0.092411,0.009478,-0.244168
0.091949,-0.027761,0.238433
0.407098,-0.027089,-0.020830
0.046718,0.078722,0.372123
0.092411,0.013597,0.025666
-0.161644,-0.020538,-0.172511
0.254134,-0.128701,-0.209552
0.092411,0.001115,-0.095998
-0.208117,-0.016073,-0.091123
-0.061917,-0.076372,-0.565467
0.439334,0.000772,0.064112
0.049944,-0.086761,-0.651852
0.315330,-0.012171,0.011618
0.077228,-0.061007,0.050321
0.092411,0.013725,-0.494906
-0.075686,0.046528,0.471272
-0.025241,0.083767,0.509753
0.215426,-0.032276,-0.065009
-0.072162,0.056979,-0.621876
0.045619,0.079788,0.311009
-0.054164,0.071331,0.009587
0.035939,-0.029479,-0.243178
0.071836,-0.013368,-0.867757
-0.027717,-0.025495,-0.096668
-0.093352,-0.072984,-0.125075
0.052267,0.048811,-0.854258
-0.010348,-0.046165,0.617713
-0.088797,0.022551,-0.162048
-0.000039,0.131495,0.513580
-0.230741,0.055618,0.750960
-0.071100,-0.066704,-0.690390
-0.049195,-0.083342,-0.769346
0.669583,0.018222,0.113766
-0.005118,-0.065262,0.541940
-0.429858,0.004206,0.020528
0.018009,0.088321,-0.577576
0.633577,0.013519,0.180171
0.025842,0.087035,0.394990
-0.440092,-0.021540,0.030872
-0.039700,-0.014104,0.673290
0.238845,-0.042919,-0.012743
0.089454,-0.033856,0.170464
0.035021,0.084438,-0.321980
-0.076576,-0.057761,0.123845
-0.087432,0.009012,0.452845
-0.336701,-0.006788,-0.079133
0.089131,-0.022448,-0.749857
-0.079823,0.041189,-0.313888
-0.147727,0.042035,0.712975
0.003562,-0.109620,-0.802911
-0.077925,-0.056353,-0.626253
0.065742,-0.035140,-0.887365
0.198991,-0.123288,-0.223686
0.355559,-0.034124,-0.075653
-0.266933,-0.088095,-0.179154
-0.049183,-0.086527,-0.419618
-0.029815,-0.102527,-0.067611
-0.469220,-0.010186,0.098129
-0.084367,-0.040627,0.159057
0.336934,-0.037932,-0.037502
0.074379,-0.066770,0.085035
-0.008763,-0.135299,-0.820643
-0.073559,-0.089382,-0.215186
-0.052525,-0.073889,0.379016
0.131697,0.052332,0.765422
0.042206,0.082510,-0.601338
-0.082359,-0.047147,-0.471110
-0.247963,-0.062584,-0.279278
0.387087,-0.002353,-0.049526
-0.312118,0.070342,0.786970
-0.092703,-0.048882,-0.113445
0.002324,0.078466,0.668625
-0.214896,-0.043327,-0.147630
-0.269381,-0.110652,-0.241341
0.123880,-0.023447,-0.206228
0.091047,-0.013010,-0.679103
0.202476,-0.105979,-0.110123
-0.062704,0.054124,0.702510
0.425403,0.002131,-0.011545
0.044213,-0.092133,-0.407209
-0.042495,0.034577,0.725110
0.193846,-0.059223,-0.119168
0.026760,0.083300,0.523990
-0.064063,0.036973,0.639087
-0.071656,-0.067748,0.012553
-0.003426,-0.024258,-0.203233
0.009707,-0.102508,-0.101486
0.246427,-0.018635,-0.024111
-0.131481,-0.031231,-0.223258
0.092411,0.001304,-0.297543
-0.271004,-0.038279,-0.138826
-0.252453,-0.082399,-0.117026
0.148257,-0.066103,-0.150085
-0.062929,-0.093326,-0.103049
-0.070779,-0.036564,-0.009146
-0.057818,-0.079640,-0.310214
-0.001427,0.207723,0.799876
0.047453,-0.039602,0.580764
0.014097,-0.075017,0.490338
0.229476,-0.013617,-0.092371
0.236867,-0.111031,-0.177613
-0.237217,-0.115912,-0.108183
-0.092703,-0.054979,-0.222725
0.055059,-0.078299,-0.784723
0.646154,0.022569,0.145961
0.005829,0.027161,0.798579
-0.267884,-0.110499,-0.210053
0.026674,0.072445,0.703108
0.080059,-0.047877,0.352703
0.058185,0.069156,0.485160
-0.008760,-0.070937,0.514402
0.258323,0.063562,0.786358
-0.406205,-0.027164,-0.009005
-0.071284,-0.022426,-0.145770
0.006125,-0.074149,-0.914999
0.201981,-0.023068,-0.028291
-0.027568,0.085799,-0.262475
0.010206,-0.098489,-0.754895
0.092339,0.009077,-0.631401
-0.710170,0.022840,0.141013
0.598491,0.000830,0.105356
0.104613,-0.070191,-0.103389
-0.004616,0.251398,0.699853
0.248827,-0.121967,-0.251982
-0.056088,0.069139,-0.647739
-0.100223,-0.048289,0.007864
-0.081218,0.029045,0.527091
0.091020,-0.067648,-0.250660
-0.335062,-0.007236,-0.003115
-0.192448,-0.092752,-0.137203
-0.065221,0.062514,-0.538686
-0.033545,0.078782,0.599643
-0.104975,-0.029240,-0.024470
-0.006583,-0.102541,-0.043469
-0.090353,0.005802,-0.388532
0.052876,-0.068657,0.421939
0.140256,-0.064938,-0.108462
0.044757,-0.090493,-0.685219
0.031355,0.085522,-0.008899
-0.106058,-0.072230,-0.163594
0.088126,-0.002467,-0.777173
-0.081706,0.037277,-0.137064
-0.044587,-0.098846,-0.137082
-0.006074,-0.138388,-0.787417
0.190552,-0.104220,-0.175787
0.034990,0.052859,-0.877861
-0.057636,0.058936,0.600722
-0.018326,0.088288,0.278524
0.102540,-0.072749,-0.139140
0.065119,-0.074462,0.178921
-0.495028,-0.008136,0.152926
0.271500,-0.108708,-0.218981
-0.222164,-0.031773,-0.112332
0.023093,-0.090370,-0.826101
-0.008539,0.157776,0.700650
-0.089377,0.009979,0.365024
0.235664,-0.122426,-0.132700
-0.221409,-0.057681,-0.037745
-0.338849,-0.021003,0.057321
0.001234,0.119622,0.792184
0.380860,-0.037597,-0.000127
0.004978,-0.026013,-0.088380
0.082686,0.039517,0.007704
-0.021844,0.003627,-0.962838
-0.328520,-0.038639,-0.052211
0.056654,-0.095307,-0.062419
-0.077944,-0.056316,-0.285290
