0.024912,0.519806,0.195394
0.071457,-0.548458,0.214801
-0.346536,0.375380,0.299401
-0.395383,0.463521,0.529890
-0.030422,-0.586391,0.020251
0.070767,0.161407,-0.000644
-0.076439,-0.238986,-0.559970
0.067010,-0.555501,0.439058
0.047871,0.101880,-0.558658
0.068957,-0.353233,-0.097529
-0.078310,-0.295040,-0.078056
0.274129,0.417713,0.585682
0.182753,-0.451259,-0.367170
-0.248723,-0.109361,-0.338442
0.051417,-0.661566,0.438543
-0.311376,0.702459,0.239073
0.075726,0.101880,-0.274640
-0.136979,0.540108,0.202157
0.201856,0.045706,-0.041268
-0.007646,0.103898,-0.398760
0.288202,0.148000,0.574573
0.020469,-0.623967,-0.151978
0.153514,0.165681,-0.181040
0.026076,0.103898,-0.016257
0.257573,0.112995,0.519440
-0.103783,0.103898,-0.023494
0.129781,0.040534,-0.215366
-0.024290,0.082224,0.537316
-0.209119,-0.124670,-0.380103
0.233124,0.665588,0.587574
0.229687,0.037387,-0.164732
-0.145651,-0.230861,-0.439856
0.150426,-0.200850,-0.373244
-0.164188,0.101880,-0.399230
0.415443,0.639788,0.545151
-0.358730,0.232607,0.388682
-0.219482,-0.105411,-0.101649
0.247623,0.160698,-0.394656
-0.079198,0.758256,0.380536
-0.003412,0.054213,0.019034
0.173839,-0.616520,0.167952
0.210330,-0.009235,0.018489
0.011266,-0.584541,-0.095227
-0.232971,0.101880,-0.099037
-0.048186,-0.241584,0.104634
-0.173323,0.103899,0.477642
0.078721,-0.285009,0.113328
0.046990,0.017916,0.300885
0.071589,-0.386540,0.410723
0.260110,0.099544,-0.016933
0.019859,0.167089,-0.287207
0.267323,-0.028080,-0.433022
-0.122868,0.165722,-0.242171
-0.176141,-0.384613,-0.322057
-0.025777,0.043833,-0.168458
-0.070469,-0.660937,-0.245131
-0.341263,0.250717,0.312225
0.113108,0.101880,-0.604510
0.043599,-0.307813,0.400805
-0.286024,0.128641,-0.251492
0.221447,0.141528,-0.057296
-0.255911,0.022700,-0.374038
0.100291,0.103898,-0.717997
0.274576,0.601503,0.586615
-0.199759,-0.615868,-0.115386
0.087890,0.103898,-0.344737
0.186919,-0.513648,-0.382127
0.160737,0.758256,0.320659
0.127120,-0.073763,-0.557501
0.008797,-0.660752,-0.402723
-0.303553,0.112994,0.362511
-0.273300,0.157799,0.281966
-0.176103,0.019286,-0.493872
0.066639,-0.230076,0.131791
-0.250611,0.430412,0.586051
0.320913,0.120251,0.498123
0.223500,0.729008,0.586143
0.081757,-0.240879,-0.555437
-0.062716,-0.377848,-0.012155
0.230306,0.758256,0.346090
0.191299,0.354612,0.225092
-0.215385,0.758256,0.557036
-0.270001,0.477209,0.241168
0.172178,0.103898,-0.316135
0.180902,-0.158920,-0.090289
-0.168507,0.071302,-0.668034
-0.111628,0.101880,-0.419759
0.005401,-0.475798,0.526042
0.378898,0.427719,0.323933
0.035825,-0.130711,-0.647934
-0.101980,-0.421550,-0.570543
0.034317,0.291409,0.589116
0.114366,0.103898,-0.420292
0.242569,0.101880,-0.119653
-0.061409,-0.221247,0.404712
0.211916,0.103898,0.100936
-0.008919,0.163520,-0.634022
-0.082304,-0.660845,-0.319753
-0.117451,0.128761,-0.161559
-0.312083,0.127279,0.563969
-0.137956,0.038267,-0.194155
-0.058390,0.101880,-0.697966
-0.176821,-0.619834,0.192488
-0.022737,-0.248610,0.368359
0.113605,-0.073763,-0.419631
-0.119102,-0.073763,-0.381478
-0.174907,-0.452360,-0.243004
-0.240132,0.101880,-0.298696
0.053904,-0.375991,0.513468
0.217500,0.758256,0.462490
0.039031,-0.012531,0.442039
-0.142052,0.648915,0.198248
-0.060101,0.227549,0.216846
0.058160,-0.193926,-0.446684
0.031502,-0.299205,0.217786
-0.093804,0.103898,0.263797
0.019065,0.164562,-0.053910
0.164893,-0.267640,-0.299017
-0.182680,0.164907,-0.388558
-0.017236,-0.660535,-0.588377
0.031301,0.548374,0.590458
-0.061064,-0.661196,-0.031926
-0.239269,0.678595,0.213710
0.041411,0.020902,-0.657911
0.388811,0.723802,0.298549
0.055924,0.112994,0.434580
-0.030483,-0.400157,0.050521
0.134537,-0.188522,-0.451160
-0.151234,-0.441557,-0.190080
0.076317,-0.246957,0.467833
0.108550,-0.230357,-0.225651
0.097161,0.610231,0.589596
0.230261,-0.148193,-0.271685
-0.051111,0.112995,0.509191
-0.066817,-0.508688,0.476552
-0.059499,0.128761,-0.289265
-0.057614,0.758256,0.584650
-0.370671,0.504699,0.308026
0.055978,-0.061570,0.095710
-0.277664,0.154981,-0.319386
0.160895,-0.616264,0.098997
0.136094,0.165598,-0.232130
-0.242909,0.103898,0.057862
0.408152,0.571858,0.540723
-0.182991,-0.115781,-0.028990
-0.075438,-0.660598,-0.533792
-0.213688,0.274876,0.236099
0.001736,-0.190420,-0.616185
0.057314,-0.660542,-0.659625
0.186264,-0.101401,-0.017271
-0.044920,-0.364028,0.112346
-0.063134,-0.660738,-0.411455
0.069995,-0.098166,-0.674187
-0.176464,0.758256,0.338697
0.055757,0.758256,0.520014
0.158107,-0.570367,-0.165598
0.254431,0.074060,0.030057
-0.076684,-0.320200,0.024400
-0.423272,0.656015,0.492241
-0.250018,0.154823,-0.134654
-0.053555,0.379915,0.203935
0.026774,0.190964,0.219439
0.164812,0.127142,-0.546167
0.323509,0.476007,0.266229
0.146111,-0.204748,-0.158081
-0.159900,-0.564631,-0.172360
-0.284166,0.622846,0.238965
0.194567,-0.073763,-0.484347
0.072666,-0.091692,0.308045
0.039866,-0.230547,0.392030
0.070867,-0.625069,0.437525
-0.400499,0.749314,0.319039
0.406570,0.597310,0.335185
-0.070294,0.028776,0.282768
0.135926,-0.406891,-0.508152
0.437367,0.678336,0.350046
0.298938,0.099498,-0.366088
-0.028756,0.016226,-0.490790
0.306315,0.186920,0.296573
-0.079689,-0.211430,0.191070
-0.073186,-0.145136,0.214707
-0.161714,-0.661200,0.016363
-0.418371,0.608678,0.469335
0.190099,0.014141,-0.534901
-0.188844,0.166793,0.245345
-0.243062,0.758256,0.423719
-0.335611,0.604364,0.580225
-0.020879,-0.283443,0.308021
-0.217506,0.086622,-0.604383
-0.184320,-0.460954,-0.338321
-0.033564,0.143551,0.228593
0.321534,0.120239,0.322608
0.069744,0.103898,0.173751
0.263752,0.131489,-0.461119
0.180514,-0.646183,0.252993
-0.013784,-0.660684,-0.457250
0.089222,-0.073763,-0.485803
0.044971,-0.530403,-0.124765
0.115157,0.165309,-0.510880
-0.271240,-0.056423,-0.326154
-0.152340,-0.377968,-0.208095
-0.180930,0.202653,0.585049
-0.008006,0.049822,-0.063764
-0.111212,0.161603,-0.631022
-0.091446,-0.073763,-0.200070
-0.376882,0.315406,0.390794
0.022375,0.044503,0.131636
-0.264222,-0.054030,-0.397126
-0.107734,-0.113358,-0.139106
0.040218,-0.281706,0.008549
-0.177889,-0.158907,-0.086135
0.260563,0.086192,-0.520216
-0.093323,0.706029,0.591444
-0.041450,-0.209034,-0.031782
0.128743,-0.502438,-0.159465
0.010211,0.032459,-0.124386
0.166010,-0.073763,-0.229493
-0.032675,0.059274,0.310781
0.022135,-0.616021,0.033225
-0.029461,0.166799,-0.339566
-0.059181,-0.661450,0.342271
0.404753,0.758259,0.487720
0.167411,0.022643,-0.270162
-0.183522,0.585185,0.588042
0.157286,-0.660488,-0.534437
0.101246,-0.349119,-0.150577
0.085675,0.160572,0.586060
-0.395110,0.654870,0.573454
-0.231662,0.101880,-0.369733
-0.108380,-0.622307,-0.612698
0.052849,0.166413,-0.394848
0.347686,0.187829,0.455260
-0.255246,0.758256,0.330561
0.223678,0.101880,-0.290991
-0.088394,0.154435,0.229057
0.187124,0.460530,0.217493
-0.172559,-0.152447,-0.490551
0.284922,0.630422,0.238711
0.099588,0.163362,-0.591978
-0.065353,0.034200,-0.125632
-0.059943,-0.073763,-0.605661
0.106631,0.103898,-0.512490
-0.159741,-0.661568,0.354989
0.347917,0.188008,0.364322
-0.040475,0.135323,-0.727810
0.229752,0.268555,0.243643
-0.367919,0.685924,0.267312
-0.241853,0.044084,0.016435
0.042306,-0.017552,0.224234
0.141579,-0.279646,-0.208819
0.169692,0.675079,0.590151
-0.042444,0.064383,0.246230
0.163634,0.465548,0.587892
-0.067825,0.101880,-0.207628
-0.304906,0.033627,-0.334124
0.077905,-0.661426,0.159634
0.000297,0.278694,0.207272
-0.308559,0.722402,0.584444
0.081199,-0.583437,0.308201
-0.112538,0.758256,0.562766
0.188954,0.101880,-0.367467
0.050546,-0.365039,0.101152
0.340015,0.230106,0.313353
-0.002746,0.103898,0.218540
0.265166,0.112994,0.403211
-0.020377,-0.479938,0.000042
-0.070184,-0.620971,0.405545
0.212093,0.014141,-0.444508
0.149398,-0.343969,-0.210714
-0.004725,-0.073763,-0.467868
-0.113008,0.072248,0.442949
-0.043991,-0.044070,0.309055
0.082888,-0.380668,-0.582716
-0.119531,-0.236463,-0.340997
-0.042337,-0.197519,0.268068
0.010744,0.112994,0.368439
0.165897,-0.246890,-0.357844
0.101472,0.128761,-0.454385
0.050002,0.030153,-0.490675
-0.001714,-0.266565,-0.604583
0.109192,0.103898,0.108723
-0.247705,-0.093493,-0.182248
0.250517,0.161564,-0.337077
-0.174924,-0.076102,-0.174558
0.189789,0.101880,-0.479516
0.060284,-0.511014,0.497045
-0.177026,-0.194710,-0.321542
-0.030713,0.014141,-0.718955
-0.186139,-0.556948,-0.227380
0.062731,-0.661568,0.499185
-0.020799,0.035119,-0.342794
0.151044,0.758256,0.557373
0.176588,0.588192,0.588231
-0.146493,-0.661102,-0.066460
0.216176,-0.031272,-0.565716
0.096018,0.758256,0.274716
0.285783,0.069036,-0.448849
-0.037414,0.015476,0.464015
0.026192,-0.660611,-0.521003
-0.163548,0.156007,-0.614997
0.028984,0.063211,0.183199
-0.015125,0.128761,-0.537686
-0.235045,0.112994,0.467637
-0.224425,0.019249,-0.488780
0.233682,0.162720,-0.232357
0.031773,-0.203333,0.028246
-0.080071,-0.550049,0.321326
0.182825,0.031019,-0.122307
0.023228,-0.661122,-0.100995
0.017247,0.101880,-0.711393
0.115646,0.148491,-0.682020
0.068971,-0.273268,-0.175374
-0.156603,-0.375699,-0.440774
-0.043579,0.582106,0.194042
-0.008953,-0.661268,0.020443
-0.112352,-0.019538,-0.692374
-0.043406,-0.447325,-0.244688
0.050283,0.166799,-0.336792
0.287743,0.268181,0.580444
-0.154495,-0.131095,-0.559466
0.026845,-0.474318,0.242110
0.122028,0.033970,-0.714605
0.075432,-0.480263,-0.131262
-0.000957,0.044078,0.075603
-0.169941,0.127142,-0.539755
-0.074949,0.683434,0.187322
-0.246826,0.054977,-0.556860
0.111460,0.024023,-0.580736
0.065342,0.037658,-0.025477
-0.269404,0.653924,0.586922
-0.431509,0.675268,0.351373
-0.019223,0.758256,0.405295
-0.064172,0.103898,0.449659
0.057235,-0.212022,-0.315725
0.022711,-0.266980,0.297177
-0.193631,-0.073763,-0.310502
0.010313,-0.638686,0.204953
0.011761,-0.626914,0.490264
-0.079031,0.088773,0.562809
0.070629,-0.661367,0.094824
-0.030624,-0.346923,0.373180
0.022302,-0.323022,-0.610153
-0.401943,0.482132,0.362457
-0.020787,-0.347655,0.267090
0.023466,-0.486239,0.130390
0.149180,0.080243,0.526866
0.030119,0.066247,0.407445
-0.085736,-0.245635,-0.120418
-0.097440,0.103898,0.120254
0.064039,-0.154328,0.294970
0.148058,-0.351558,-0.458626
-0.134890,-0.389177,-0.501778
0.138540,0.206293,0.227695
-0.147959,0.068031,0.387746
0.166297,-0.324773,-0.274223
-0.122426,-0.218082,-0.272510
0.084561,0.758256,0.441935
0.126909,-0.018804,-0.681646
-0.148651,0.032584,0.178760
-0.048614,-0.316078,-0.175638
-0.067531,-0.371729,-0.277090
-0.116786,-0.056193,0.069858
-0.079789,-0.498633,0.398921
-0.089797,0.103898,0.195507
-0.325781,0.758256,0.525403
-0.187724,0.461720,0.217463
0.048863,0.165956,-0.474250
-0.092160,0.101880,-0.484812
0.077135,-0.436243,0.465544
0.154253,0.049154,-0.008902
0.280610,-0.035915,-0.304299
0.253128,0.010109,-0.516504
0.035444,-0.319280,-0.198691
-0.413279,0.571614,0.357907
0.115706,0.329013,0.210411
-0.030008,0.101881,0.006213
0.111453,0.441903,0.588635
-0.178947,-0.603118,-0.454852
0.175364,-0.057943,-0.611593
0.261769,0.014953,-0.396457
0.417886,0.594527,0.410439
-0.052871,-0.334998,-0.603005
-0.124391,-0.660973,-0.211293
0.184631,0.014066,0.085325
0.094398,-0.661475,0.219751
-0.325276,0.127523,0.438595
0.098910,-0.661111,-0.115873
-0.081588,0.103898,0.317347
0.391658,0.428246,0.525985
-0.212199,0.163869,-0.276549
-0.328585,0.509606,0.264991
-0.066242,-0.579376,0.145003
-0.146963,0.518083,0.588327
-0.139278,0.131725,0.584244
-0.215088,-0.125789,-0.453574
-0.097712,-0.173835,-0.017336
-0.390909,0.405378,0.376522
0.268956,-0.060577,-0.234636
0.151032,-0.275373,-0.419227
0.299070,0.702144,0.588660
0.206867,0.046428,0.209070
-0.179475,-0.181902,-0.385001
-0.059609,-0.291514,0.501134
-0.002675,-0.213783,-0.312444
0.406579,0.506854,0.433758
0.041878,-0.168199,0.138408
-0.164788,0.128761,-0.447656
-0.070713,-0.619870,0.310775
-0.001281,0.364966,0.589956
-0.229687,0.743048,0.218203
-0.197159,0.029944,-0.311512
0.172116,-0.200106,-0.307421
0.141647,0.420428,0.209531
0.275750,0.200832,0.579498
-0.164373,0.265389,0.225518
0.028737,-0.660987,-0.212504
0.105879,0.156144,0.229639
0.116304,-0.660665,-0.482690
0.116566,0.029921,-0.151771
-0.166520,0.103898,0.212009
0.005038,0.166113,-0.130091
0.079907,-0.326156,0.038313
-0.037151,-0.126153,-0.127518
-0.223349,0.022537,-0.600320
-0.208711,0.023710,-0.428547
-0.025608,-0.454879,-0.636313
0.390164,0.395917,0.387024
-0.059987,-0.073763,-0.501033
-0.336458,0.584082,0.240747
0.204548,-0.661307,-0.059680
0.227662,-0.036773,-0.042558
-0.234840,0.088312,0.162552
-0.002336,0.725852,0.590168
0.109458,0.166258,-0.375876
-0.118137,-0.623628,0.383853
0.147550,0.103898,0.195306
-0.132481,0.164250,-0.529535
-0.078439,-0.181448,-0.134887
0.022007,-0.219594,0.338148
0.147435,-0.661568,0.329275
0.194245,-0.540697,-0.277671
0.021754,-0.428677,0.152634
0.052436,0.452341,0.199842
0.096494,-0.661527,0.305834
-0.193554,-0.617417,0.048475
0.015320,0.758256,0.314919
-0.060836,-0.168204,0.450418
-0.034451,0.112994,0.399461
-0.100589,-0.073763,-0.550216
-0.433739,0.699264,0.404892
-0.040526,0.166683,-0.228096
-0.159962,-0.448127,-0.459739
-0.184327,0.128761,-0.307394
0.300738,0.040769,-0.383309
-0.056235,0.101880,-0.593614
0.204247,-0.624594,-0.259166
-0.196678,0.038091,-0.116653
0.330785,0.140276,0.415910
-0.066578,-0.302235,0.423462
-0.036279,-0.419214,0.345666
-0.046797,0.136865,0.586128
-0.201977,-0.120229,-0.251066
-0.223612,0.163386,-0.328304
-0.011184,-0.384129,-0.627309
0.258679,-0.041119,-0.137712
0.171458,-0.422378,-0.239817
-0.102164,0.103898,-0.613849
-0.163283,-0.270018,-0.294340
-0.244772,0.209195,0.256977
0.035612,-0.154762,0.075957
-0.087544,-0.402505,-0.136119
0.279406,0.758256,0.399136
0.276127,0.389092,0.250284
-0.144847,0.103898,0.539395
-0.213924,0.758256,0.276779
-0.045130,0.128761,-0.511742
0.253321,0.112994,0.462578
-0.062948,-0.073763,-0.426445
-0.073422,-0.408251,0.478677
0.203011,0.203749,0.243776
0.040196,0.165035,-0.585853
0.086442,0.113893,0.026400
0.027590,-0.024718,-0.728713
-0.143514,-0.250229,-0.210249
0.133207,-0.661354,0.079654
-0.168179,-0.339584,-0.277942
-0.003641,-0.660885,-0.293673
-0.093717,0.037943,-0.045467
-0.056235,0.641961,0.590339
0.367514,0.473423,0.574024
0.068189,0.043828,-0.198560
0.172211,0.644102,0.205510
-0.069087,0.208553,0.587216
-0.066771,-0.509039,-0.129195
-0.274668,0.027967,-0.252849
0.110322,0.021129,-0.633164
-0.259755,0.758256,0.504019
-0.186458,0.161475,-0.049407
-0.012707,-0.345020,-0.125129
-0.175199,0.103898,0.115810
-0.089191,0.027591,-0.310347
0.062722,-0.378826,-0.021986
0.036243,-0.232310,0.080219
-0.257251,-0.031738,-0.124619
-0.317794,0.114295,0.502371
0.116244,-0.087367,-0.651713
0.109907,0.367917,0.588183
-0.041188,-0.059816,0.176942
-0.156618,0.453971,0.587824
0.101243,0.037838,-0.298200
-0.349590,0.200250,0.461911
0.066349,-0.428211,-0.611985
0.033342,-0.073763,-0.540184
-0.170214,0.101880,-0.138998
-0.126601,0.103898,-0.236709
-0.145504,0.025803,-0.365298
0.032833,-0.202219,0.490139
0.122234,-0.123555,-0.152356
-0.324922,0.175698,0.309099
0.185644,-0.564483,-0.217447
0.059190,-0.640724,0.257439
0.184618,0.103988,-0.628797
-0.130006,0.059745,0.300860
0.166310,-0.531499,-0.477476
0.258184,-0.089007,-0.347121
-0.064869,-0.276556,0.185575
0.119630,-0.623457,0.381752
0.034786,0.649035,0.590740
-0.283661,-0.022600,-0.277672
0.122020,0.166288,-0.285837
-0.134178,-0.488198,-0.164319
0.374177,0.388526,0.566618
-0.159702,0.101880,-0.063753
0.175734,0.362385,0.586991
-0.186035,-0.549591,-0.401617
0.426998,0.726692,0.423300
-0.214745,-0.143039,-0.151922
0.005415,0.692476,0.183764
0.103133,0.610075,0.196573
0.078138,-0.660852,-0.326650
0.048764,0.052371,-0.750484
-0.165163,0.019114,-0.575610
-0.039752,0.013773,0.372758
0.240910,0.758256,0.278840
-0.380884,0.348082,0.470564
-0.118142,0.165732,-0.418939
0.027433,-0.550511,-0.653663
0.027467,0.038681,-0.307442
0.069106,0.032305,-0.445111
-0.024482,0.103898,0.133793
0.018045,0.066703,0.248589
-0.046727,0.160568,-0.684333
-0.224293,0.103898,-0.015266
-0.114185,-0.293841,-0.507319
0.137761,-0.661219,-0.031763
0.377662,0.658915,0.296183
0.166020,0.165340,-0.332488
-0.061442,0.164236,-0.609299
-0.296461,0.069628,-0.392402
-0.050532,-0.284384,-0.015439
-0.330574,0.427623,0.577491
-0.105670,-0.616176,0.092899
-0.418793,0.725871,0.540709
-0.193951,-0.660995,-0.181915
0.054861,-0.661215,-0.028048
0.041002,0.112995,0.239689
0.090400,0.715244,0.590221
0.083712,0.255088,0.214783
-0.023358,0.112994,0.307775
0.050030,0.103898,-0.437186
0.172518,-0.615709,-0.088155
-0.071118,0.066328,0.381168
0.079917,-0.345933,0.465389
-0.054085,-0.206196,-0.375552
-0.067594,-0.556929,0.429201
-0.364259,0.268051,0.506780
-0.092169,0.337879,0.588168
0.009322,-0.661487,0.364905
-0.112245,-0.615458,-0.091239
0.306527,0.066408,-0.269207
0.002329,0.101880,-0.141202
-0.061765,-0.535665,0.242092
0.083448,0.044490,0.138919
-0.020077,-0.498979,-0.061869
0.070995,0.103899,0.535259
-0.016545,-0.389963,0.522893
-0.095199,-0.615889,-0.029488
0.288050,0.035846,-0.154304
0.351621,0.758256,0.436601
0.215188,0.151005,-0.555954
0.072085,-0.133231,0.030115
-0.359558,0.758256,0.369589
0.016252,0.455534,0.590360
-0.185754,-0.616560,0.119339
-0.292162,0.047021,-0.148190
0.185837,-0.456604,-0.305472
0.225933,-0.145140,-0.201669
0.157017,0.160256,-0.594141
0.400812,0.487060,0.512662
-0.091973,-0.194982,-0.443224
-0.030390,-0.536228,0.098311
0.114531,0.252686,0.587173
0.110027,0.514873,0.589037
-0.287118,0.103898,-0.183617
-0.158746,-0.158116,-0.186181
-0.202980,-0.631212,-0.249428
-0.043955,-0.073763,-0.369476
-0.078128,0.128761,-0.419933
0.411189,0.548668,0.468594
-0.083650,0.166326,-0.334354
-0.242022,0.112995,0.563174
-0.137974,-0.592417,-0.557954
-0.019804,-0.073763,-0.174722
0.143828,-0.429832,-0.178109
0.202178,0.103898,0.355816
0.108110,-0.477064,-0.579221
0.130881,-0.660954,-0.247631
0.217408,0.044366,0.140958
0.092864,0.103898,0.382391
-0.054463,-0.041173,0.117307
0.104897,0.052624,0.330286
-0.084842,0.101880,-0.664534
-0.021196,-0.625062,-0.062882
0.419397,0.728310,0.538738
0.306905,0.687785,0.235160
-0.258301,0.112994,0.400143
0.093646,0.684005,0.188316
-0.153712,0.107172,0.014759
-0.107963,0.075973,-0.718987
-0.171306,-0.543905,-0.461495
-0.038430,0.101880,-0.044581
0.109777,0.034217,-0.078241
-0.254090,0.123104,-0.459113
-0.196299,-0.086499,-0.483381
-0.036680,-0.126939,0.116340
0.023481,-0.202360,-0.391067
0.203195,-0.618376,-0.157361
0.125689,-0.187057,-0.526196
0.090828,-0.421807,-0.136934
0.209307,-0.163751,-0.361276
-0.012137,0.460614,0.197029
-0.201615,0.103898,-0.489402
0.049209,0.027525,-0.240975
-0.306210,0.758256,0.282708
0.052893,0.014141,-0.585996
-0.195713,-0.566233,-0.306215
0.160257,0.758256,0.486540
-0.346678,0.524794,0.577224
0.307693,0.758256,0.330412
0.105400,-0.141660,-0.593330
0.007649,-0.073763,-0.330036
-0.021359,0.165462,-0.565991
-0.079496,0.758256,0.510460
0.136921,0.101880,-0.262102
-0.063880,0.101880,-0.113907
0.220070,0.544000,0.587285
-0.286605,0.277580,0.262877
0.418474,0.756780,0.370668
-0.007192,-0.623182,0.397964
-0.399138,0.554548,0.553843
-0.276157,0.142067,-0.400590
-0.127247,-0.073763,-0.274226
0.038555,-0.073763,-0.237794
0.142374,-0.073559,0.049524
0.025722,-0.417922,0.042663
-0.094005,-0.296744,-0.311489
0.128228,-0.627446,0.460997
-0.352742,0.319968,0.310897
-0.301517,0.208196,0.575096
-0.009072,-0.098986,-0.646281
-0.024594,-0.237897,0.501543
0.096567,0.165693,-0.164378
-0.225225,0.101880,-0.165260
-0.343622,0.248435,0.569637
-0.016281,0.019446,-0.427722
-0.015291,-0.442584,-0.162974
0.326094,0.484440,0.579895
-0.009042,-0.616248,0.148865
0.183969,0.163612,-0.121213
-0.377965,0.370418,0.538375
-0.109099,-0.299358,-0.160497
-0.085490,0.162353,-0.014059
0.052171,-0.177254,-0.543612
-0.047842,-0.019822,-0.725140
0.157471,0.049542,0.234809
-0.199801,-0.059727,-0.005121
-0.073450,-0.428093,0.400926
-0.167986,0.751490,0.205535
0.128752,0.758256,0.397361
0.102568,-0.012710,0.114877
0.031495,0.035185,-0.378833
0.022526,0.035304,0.528102
0.178137,-0.496362,-0.230978
0.101876,-0.203072,-0.091738
0.040823,-0.079746,0.156919
-0.420522,0.620703,0.393195
0.047018,0.629024,0.192278
-0.301511,0.758256,0.413244
-0.226797,0.061477,0.257600
0.182012,0.112994,0.292638
0.066986,-0.443668,0.375686
-0.019143,-0.187447,-0.486572
-0.043975,0.166532,-0.414824
-0.211005,0.148361,0.583321
-0.263364,0.155790,-0.188608
-0.005961,-0.081119,-0.702731
0.424717,0.670129,0.511076
-0.281089,0.375332,0.252097
-0.003869,0.103898,-0.253305
0.068504,0.047048,-0.129172
0.167463,0.041336,0.054401
-0.318302,0.129632,0.311319
-0.053487,0.567026,0.590094
-0.170761,-0.646550,-0.495706
0.366393,0.264745,0.477019
0.390783,0.403941,0.469692
-0.170994,0.008784,-0.649526
0.096799,0.536084,0.199080
0.083564,-0.577027,-0.628649
-0.022819,0.758256,0.231431
0.177859,0.053613,0.317770
-0.211602,0.086813,0.402164
-0.175917,0.045186,-0.034723
0.361394,0.295990,0.562599
0.192761,0.028597,-0.375492
0.174512,0.062071,0.377825
-0.055959,-0.372310,-0.094163
0.071730,0.101880,-0.654031
0.193614,-0.610765,-0.391022
0.087416,0.112994,0.281339
0.342450,0.598720,0.579463
0.122235,0.103898,-0.167832
-0.082998,0.758256,0.294660
0.136789,-0.168189,-0.034656
-0.114677,-0.616343,0.165079
0.368987,0.271609,0.356746
0.032183,-0.441077,0.314257
-0.165281,0.019501,0.119589
-0.240334,-0.041456,-0.501424
0.237104,-0.117221,-0.397794
0.052679,-0.284696,-0.132526
-0.425143,0.727117,0.470384
0.187343,-0.158083,-0.419751
0.106303,-0.073763,-0.264830
0.189557,0.101880,-0.197717
-0.280036,0.543225,0.586181
-0.363682,0.593451,0.289335
0.045829,-0.487569,-0.636816
0.044472,0.162411,-0.657564
0.029312,-0.248028,-0.260942
-0.055173,-0.246268,-0.297584
0.030141,0.127143,-0.075920
0.080301,-0.490499,0.428421
-0.137645,-0.661501,0.262718
-0.043795,-0.647812,0.483932
0.023515,-0.342211,0.334046
-0.175372,0.327045,0.222987
0.016697,0.103898,0.040742
0.040527,0.003117,0.360967
0.116071,-0.616849,0.228539
-0.127970,0.042451,-0.122564
-0.184841,0.164026,-0.149876
-0.101712,0.417713,0.204700
0.200566,0.269295,0.585861
0.182996,0.075226,0.471263
-0.338623,0.457310,0.280942
-0.061205,0.500785,0.198374
-0.176768,-0.074111,-0.533799
0.201537,0.101880,-0.156510
-0.025972,0.161217,0.002575
0.248022,0.509168,0.231841
-0.020588,-0.409367,0.221837
-0.181166,-0.073763,-0.383799
0.116542,0.018368,-0.393524
0.253321,0.495310,0.586491
-0.032309,0.165755,-0.479886
0.032032,-0.354381,0.160633
-0.153908,0.103898,-0.334123
0.379660,0.327985,0.450649
-0.154965,-0.660792,-0.363617
-0.049418,0.045437,0.158482
0.254858,0.352622,0.585568
0.338204,0.339059,0.297766
-0.045628,-0.076080,0.366210
-0.003775,0.367549,0.201911
0.132586,0.112994,0.346049
0.164693,0.581272,0.206574
0.223825,0.048865,0.278402
0.020104,0.758256,0.450405
0.161859,-0.073763,-0.338112
0.298924,0.097426,-0.184815
0.240195,0.112995,0.578853
-0.061823,-0.182658,0.161882
-0.141531,-0.655784,-0.567294
-0.076609,-0.274117,-0.228113
-0.069802,-0.153117,-0.604525
0.052076,-0.098859,0.235649
-0.245772,0.540434,0.229078
-0.016755,-0.345408,-0.213968
-0.101988,-0.358421,-0.553862
-0.145013,-0.529137,-0.526967
0.262747,0.103898,-0.075763
0.151947,0.303244,0.587066
0.249315,0.170810,0.266829
-0.075054,0.026369,-0.430446
0.073570,-0.615585,-0.065284
-0.275112,0.074876,-0.478530
0.158098,0.103898,-0.087792
-0.078359,-0.302997,0.129313
-0.072245,-0.661035,-0.165128
-0.224418,0.339179,0.585849
-0.019302,-0.553723,-0.154078
0.073013,-0.639102,0.354259
-0.174938,0.101880,-0.227680
0.181803,0.743870,0.207469
-0.072360,-0.364066,0.421911
0.024859,-0.429273,-0.067610
0.073340,-0.506178,0.342045
-0.080466,0.432009,0.588969
-0.133047,-0.660709,-0.435788
0.197650,-0.660619,0.124680
0.053316,-0.193530,-0.131145
0.087838,0.758256,0.335174
-0.183916,-0.192146,-0.221733
-0.145425,-0.116032,0.017971
-0.026241,-0.219000,-0.127521
-0.053345,-0.660538,-0.650728
-0.153546,0.031552,-0.264931
0.269601,0.053481,-0.047235
-0.043817,0.030381,-0.241736
-0.090987,-0.509832,-0.603805
0.233961,0.044488,-0.584365
0.187280,-0.660753,-0.342766
0.082972,-0.326733,-0.568515
0.250704,0.758256,0.521114
0.422125,0.628165,0.382843
0.239982,0.590446,0.224194
0.174426,-0.153299,-0.487302
0.180814,0.159237,-0.031450
-0.033858,-0.258835,0.238008
-0.197172,-0.620189,-0.010964
-0.277706,0.014141,-0.447112
0.073634,-0.589426,-0.118244
-0.004657,0.101880,-0.442735
-0.052977,0.103898,-0.360543
-0.304442,0.080716,-0.293070
-0.042017,-0.027975,0.251529
0.035706,0.127142,-0.510657
0.122417,-0.232542,-0.493285
-0.223508,0.270066,0.585290
-0.004205,0.078637,0.498279
-0.080304,0.165908,-0.451975
-0.233036,0.101880,-0.221700
0.175026,0.103898,0.025134
0.147224,0.044345,0.107596
-0.176914,-0.017115,0.060070
0.204499,-0.658108,0.055492
-0.099556,-0.001732,0.133726
0.120215,0.481480,0.202600
0.020991,0.103899,0.558696
0.162270,-0.435553,-0.452816
0.166321,0.112994,0.420034
0.113022,0.060155,0.191164
0.046575,-0.148030,0.447729
0.104557,-0.661568,0.415061
0.346092,0.212445,0.547237
0.379603,0.328972,0.373650
0.090772,-0.615989,0.010598
0.425480,0.652226,0.423475
-0.345071,0.179870,0.375962
0.025536,-0.521227,0.065453
-0.300377,0.314897,0.578990
0.061248,-0.073763,-0.617639
-0.007135,0.127142,-0.193074
-0.191172,0.048587,0.170695
-0.014053,-0.619830,-0.669781
-0.057062,0.042764,0.043980
0.128098,0.150481,0.010042
-0.233120,0.101880,-0.421875
0.003604,-0.075475,0.507345
0.059146,0.758257,0.196737
-0.090048,0.005512,-0.714793
-0.093027,-0.180689,-0.516973
-0.214673,0.151101,-0.554586
-0.068610,0.165345,-0.091476
0.285295,-0.014303,-0.352417
-0.116878,-0.661568,0.438525
0.099975,0.165330,-0.077471
0.023558,0.166210,-0.177686
0.397513,0.441505,0.425740
-0.369193,0.273175,0.447889
-0.087147,-0.661220,0.047775
0.019174,0.103898,-0.326286
0.154114,0.165810,-0.408070
-0.126121,0.204487,0.225292
0.141563,0.270886,0.219919
-0.113541,-0.555015,-0.136645
0.300023,0.548402,0.584452
-0.229617,0.044367,0.097691
0.291471,0.127695,-0.290844
-0.205393,0.382962,0.226315
0.080753,-0.195200,0.429384
0.076993,0.041693,0.046410
0.180983,-0.636666,-0.464145
0.189179,-0.095388,-0.558679
0.094696,-0.660521,-0.601115
0.366105,0.758258,0.539455
-0.241539,0.714920,0.587802
-0.103337,0.263530,0.587359
-0.227427,0.026441,-0.222620
-0.028879,-0.661412,0.292434
-0.094730,-0.228463,-0.187606
-0.170171,0.685877,0.592892
-0.368397,0.758256,0.450853
-0.221387,0.504768,0.586988
0.000750,-0.551612,0.510789
0.088765,-0.660770,-0.394151
-0.072079,-0.661323,0.203253
0.154319,0.025856,-0.482667
-0.138318,0.164758,-0.081366
0.167183,-0.147778,-0.194637
0.301696,0.274745,0.277287
0.167013,-0.329892,-0.377120
0.022771,-0.364299,0.219152
0.229942,-0.112968,-0.141161
-0.146245,0.388265,0.587534
-0.015889,-0.152775,0.495028
0.011903,-0.618620,0.284869
-0.199567,-0.634323,-0.325891
-0.157068,0.165434,-0.204898
0.183435,0.128761,-0.264478
-0.059850,0.287532,0.209638
0.067354,-0.155860,0.191015
-0.029088,0.072190,0.449630
-0.111664,0.079410,0.511523
-0.017712,-0.649910,0.081396
0.200413,0.025198,-0.635818
0.071923,0.127142,-0.212179
0.107507,0.070495,0.437585
0.177122,-0.386906,-0.339501
0.058562,-0.233289,0.226669
-0.120833,0.311811,0.211786
0.049660,0.758256,0.388831
-0.047040,-0.612246,-0.111041
-0.034030,-0.165414,0.068711
0.087536,0.064794,0.268439
0.007932,-0.518568,-0.178941
0.211687,0.128410,-0.422480
-0.032133,-0.253438,0.033737
-0.076691,-0.089821,-0.676429
-0.090303,-0.616683,0.231929
0.060686,0.127142,-0.604532
0.019200,0.014141,-0.532467
-0.073401,-0.099589,0.286901
-0.203791,0.112994,0.337238
-0.155456,0.050998,0.064570
0.233710,0.084116,0.185481
-0.004576,0.020379,-0.602095
-0.082388,0.103898,-0.345306
-0.406866,0.513724,0.448091
-0.035532,-0.661322,0.146849
0.194262,0.155289,0.583893
-0.146418,0.165820,-0.307221
0.147532,-0.213403,-0.267333
0.156276,0.055971,-0.684330
-0.175767,-0.477489,-0.414835
-0.087557,0.019264,-0.543661
0.052956,-0.210094,-0.035778
0.241058,0.696394,0.214683
-0.145407,-0.661316,0.122297
0.052355,-0.517428,0.276541
0.126601,0.101880,-0.028193
-0.141780,-0.089606,-0.625327
0.148755,-0.661065,-0.158369
0.133960,-0.551791,-0.556153
0.021882,-0.544159,-0.058382
0.378200,0.341049,0.523979
-0.397039,0.442049,0.449727
0.400823,0.699548,0.576171
0.357815,0.668736,0.578706
-0.159618,0.103898,0.276185
0.067474,-0.583650,0.142242
-0.134149,0.128761,-0.273201
0.094127,0.101880,-0.090898
-0.080992,0.103898,0.046380
0.266682,0.444225,0.242657
0.046565,0.103899,0.479141
0.131995,0.112994,0.471923
-0.083715,0.165753,-0.526497
-0.025142,-0.489069,0.199559
0.077846,-0.306608,-0.060581
0.056403,-0.073763,-0.393777
0.246358,0.049519,0.087009
-0.070074,0.014096,0.203998
-0.059276,0.491779,0.589692
-0.059967,-0.162906,0.363072
0.300876,0.020872,-0.224336
-0.410868,0.563236,0.494889
-0.238915,-0.010661,-0.049113
-0.129228,-0.465898,-0.536758
0.182492,-0.576779,-0.440827
-0.015573,0.103898,-0.616510
-0.029492,0.059240,-0.754152
-0.195383,0.593104,0.213334
-0.146989,-0.073763,-0.451235
0.047623,0.128761,-0.140575
-0.197132,0.162740,-0.461390
-0.143543,0.054848,0.245784
0.265777,0.316694,0.251884
0.337448,0.758256,0.261427
-0.157682,-0.249655,-0.392641
-0.047296,-0.476456,0.323569
0.375086,0.521412,0.311415
-0.143549,0.101880,-0.589604
0.051870,-0.088525,-0.129202
-0.267292,0.060682,-0.041532
-0.082497,0.019042,-0.644842
0.294608,0.563766,0.246044
0.064541,0.378086,0.204662
0.257040,0.028478,-0.278615
0.122559,-0.313004,-0.501009
0.000422,0.193125,0.588253
-0.168781,-0.330834,-0.357137
-0.101063,0.103898,0.373683
