0: 14,33,43,67,83,143,154,192,197,208,242,306,317,401,419,442,451,453,534,595,604,623,624,683,813,835,906,911,916,1015,14,14
1: 43,67,83,143,154,192,197,208,242,306,317,401,419,442,451,453,534,595,604,623,624,683,697,813,906,911,1015,43,43,43,43,43
2: 27,64,93,116,120,134,139,178,215,225,266,273,297,301,326,379,423,466,496,503,537,560,562,664,667,673,684,771,807,865,909,951
3: 30,94,104,111,163,177,220,252,257,275,291,320,330,343,374,440,546,566,570,575,601,611,670,703,730,754,766,834,839,877,898,910
4: 16,53,56,112,185,193,200,238,294,335,381,404,407,441,457,528,532,536,542,550,573,607,608,618,651,691,729,746,752,758,858,901
5: 53,82,91,99,105,155,183,249,264,335,368,396,404,429,487,565,574,599,619,651,679,741,746,752,756,782,794,819,828,838,875,890
6: 40,70,82,91,96,100,105,162,169,195,203,312,368,376,386,388,416,444,456,467,483,488,490,545,558,565,567,636,638,704,714,736
7: 109,131,148,184,187,191,259,311,318,342,348,434,469,476,492,520,548,610,705,708,710,739,740,750,755,784,801,846,847,857,912,971
8: 44,60,81,125,130,136,165,187,201,212,261,276,292,309,313,329,352,355,395,450,504,508,572,582,587,592,616,666,668,696,747,780
9: 94,104,111,141,163,196,254,257,275,300,307,343,437,454,524,575,603,657,730,738,754,766,809,877,898,935,938,950,993,1007,94,94
10: 34,66,69,89,92,106,144,157,170,217,233,241,253,265,316,373,377,397,402,439,448,462,463,518,585,615,630,639,659,728,793,833
11: 19,43,67,79,83,143,154,192,197,234,242,281,317,401,419,442,451,455,507,534,547,563,571,595,623,624,626,632,683,697,820,835
12: 4,35,36,57,61,72,77,118,122,128,167,205,230,290,291,354,413,477,485,540,584,629,631,664,785,955,958,977,989,996,997,1019
13: 14,19,33,43,67,83,143,154,192,197,208,262,306,317,401,419,425,442,451,453,505,534,595,604,624,632,645,683,813,820,835,906
14: 6,16,23,56,112,121,193,204,238,243,258,277,288,298,344,346,430,433,435,528,532,655,663,678,693,758,772,827,850,851,858,913
15: 1,15,50,55,117,142,159,173,223,235,314,331,332,356,357,366,459,461,502,517,520,652,692,694,706,710,739,762,843,883,960,963
16: 4,94,104,163,177,220,252,257,275,291,320,330,343,374,540,546,566,575,601,611,658,670,703,754,766,785,834,839,898,910,935,977
17: 18,20,140,166,186,210,218,221,224,226,247,260,325,327,349,371,390,533,554,564,579,649,711,733,770,790,826,862,876,881,886,953
18: 13,40,70,91,96,100,122,162,169,195,203,255,312,376,386,388,416,444,456,467,483,486,488,545,558,565,567,638,704,714,744,765
19: 44,47,60,81,130,136,165,212,261,276,279,292,295,303,309,329,359,538,572,582,587,620,666,696,767,817,848,864,888,897,942,948
20: 10,16,38,231,238,268,293,302,407,418,424,426,509,521,528,536,573,607,608,618,633,641,644,691,729,731,758,799,901,924,940,945
21: 39,43,79,115,127,143,192,211,229,234,327,401,410,442,451,455,495,507,533,534,547,557,563,571,583,623,632,683,697,881,896,937
22: 1,15,50,55,117,142,159,173,223,235,314,331,332,356,357,366,459,461,502,517,520,652,692,694,706,710,739,762,843,883,960,963
23: 39,43,79,115,124,127,211,224,229,234,327,410,455,495,507,533,534,547,563,571,583,683,697,711,881,896,937,953,990,1012,39,39
24: 5,24,59,62,65,114,135,172,213,237,296,338,341,369,384,501,519,526,576,614,647,674,690,699,713,837,845,902,915,921,970,992
25: 1,15,50,55,117,159,173,223,235,258,314,331,332,356,357,366,459,461,502,513,517,652,692,694,706,710,715,762,832,843,946,960
26: 43,48,54,115,124,127,211,229,327,410,455,495,507,533,534,547,557,563,571,583,623,665,683,697,711,881,896,937,953,990,43,43
27: 11,25,89,106,157,217,228,253,265,271,274,315,316,373,377,397,398,400,415,417,439,448,482,489,518,615,630,637,659,672,833,879
28: 13,40,70,91,96,100,122,162,169,195,203,255,312,376,386,388,416,444,456,467,483,486,488,545,558,565,567,638,704,714,744,765
29: 7,8,55,109,117,142,148,191,206,311,358,434,459,510,520,548,610,688,700,705,706,709,710,739,762,768,784,846,883,963,7,7
30: 11,89,103,157,181,222,244,253,265,271,315,316,360,373,398,417,439,448,612,615,625,630,646,672,680,728,833,852,855,917,925,947
31: 11,25,74,89,103,119,228,251,265,271,272,274,315,345,373,377,397,398,400,415,417,439,448,482,489,518,580,615,630,637,672,833
32: 10,38,93,123,153,231,268,284,293,302,370,407,418,424,426,464,509,521,573,607,608,618,633,641,644,654,667,691,731,799,804,806
33: 3,26,31,179,182,194,285,289,328,349,361,385,403,409,462,468,561,581,598,606,675,685,742,826,862,891,908,943,961,988,3,3
34: 11,103,152,207,222,228,232,236,244,271,315,360,417,491,523,577,580,617,625,672,759,805,852,855,885,917,930,931,1003,11,11,11
35: 22,71,85,114,120,142,151,190,214,246,270,314,405,428,458,461,497,499,503,506,555,602,673,674,701,720,737,777,789,795,869,872
36: 2,3,76,145,194,239,289,308,362,363,383,385,436,468,484,561,589,590,598,606,612,646,680,719,742,774,831,908,925,943,954,978
37: 60,125,130,136,165,184,187,191,227,261,292,313,352,355,366,395,450,476,508,592,610,616,666,696,747,780,864,912,948,1010,60,60
38: 53,99,112,183,185,193,200,238,294,335,368,381,396,404,407,441,457,528,532,536,542,550,573,599,608,618,651,679,724,729,741,746
39: 2,54,76,90,95,124,137,150,210,250,308,339,340,393,421,594,605,622,665,698,769,810,831,907,929,954,1000,2,2,2,2,2
40: 16,56,112,185,193,204,238,243,268,277,288,294,298,344,381,430,457,521,528,532,536,542,550,573,607,618,691,693,729,758,772,827
41: 28,37,63,97,108,149,156,171,174,188,209,278,322,347,372,443,446,478,514,529,551,556,559,609,621,718,743,760,761,787,815,841
42: 43,48,54,115,124,127,211,229,327,410,455,495,507,533,534,547,557,563,571,583,623,665,683,697,711,881,896,937,953,990,43,43
43: 35,64,77,120,134,151,167,175,225,245,246,248,266,270,405,428,458,466,496,497,499,503,541,602,673,701,737,771,783,795,869,872
44: 2,48,54,90,95,124,150,250,339,393,421,594,605,622,665,698,769,810,856,907,929,1000,2,2,2,2,2,2,2,2,2,2
45: 12,25,45,51,62,65,88,199,274,345,384,387,501,526,530,576,586,597,653,699,713,716,751,776,800,816,837,893,902,915,965,984
46: 70,82,91,96,99,105,169,183,195,249,310,368,376,388,396,456,490,500,545,565,567,650,714,724,736,741,752,756,765,821,828,838
47: 52,138,180,202,262,267,304,351,375,411,425,470,498,505,522,531,544,568,578,588,645,712,757,820,835,870,884,933,944,972,973,1001
48: 0,17,110,118,126,256,310,337,354,406,412,413,460,465,479,490,512,584,631,636,642,650,682,702,704,736,753,786,802,821,830,887
49: 19,43,67,83,143,154,192,197,234,242,317,401,419,442,451,453,455,507,534,563,571,595,623,624,632,683,697,835,911,937,976,1015
50: 10,93,116,132,134,139,153,178,284,297,301,326,350,423,513,537,553,560,562,641,667,673,684,734,797,865,894,909,940,945,10,10
51: 4,35,36,57,61,72,77,118,167,175,205,225,230,245,248,266,290,413,466,477,496,540,541,584,629,631,664,771,783,785,951,958
52: 12,25,45,51,62,65,88,199,274,345,384,387,501,526,530,576,586,597,653,699,713,716,751,776,800,816,837,893,902,915,965,984
53: 94,111,141,161,196,254,257,300,343,420,422,437,454,474,524,570,575,657,660,695,722,730,738,754,766,809,874,877,898,900,935,938
54: 1,50,121,132,159,173,190,223,235,258,314,331,332,350,356,357,459,461,502,513,537,627,652,673,694,706,762,832,843,865,946,960
55: 14,33,43,67,83,143,154,192,197,208,242,306,317,401,419,442,451,453,534,595,604,623,624,683,813,835,906,911,916,1015,14,14
56: 0,17,93,110,123,126,153,198,215,284,293,337,370,379,406,412,432,438,460,464,481,562,642,644,654,682,753,802,806,830,878,903
57: 18,20,86,164,186,218,224,226,227,280,318,325,371,390,525,535,554,564,643,747,770,779,811,848,853,857,876,881,939,962,18,18
58: 9,107,112,155,193,216,219,263,264,269,335,381,404,429,441,487,515,542,550,574,599,619,651,677,679,735,746,763,772,782,819,858
59: 6,23,50,56,121,204,243,258,277,288,298,344,430,433,435,627,652,655,663,678,693,715,772,827,832,850,851,858,957,967,995,1002
60: 14,33,78,180,208,262,267,304,306,324,351,411,425,445,505,522,578,588,645,687,717,725,726,813,835,916,918,932,944,973,1001,1016
61: 13,70,75,100,149,171,195,203,240,255,305,312,333,334,386,388,414,440,444,467,483,486,488,511,558,569,670,732,775,822,926,1006
62: 37,81,146,161,303,309,347,391,392,394,420,422,475,620,657,660,695,718,722,738,764,767,798,829,840,888,900,942,959,964,993,37
63: 64,71,120,134,139,151,178,190,225,235,246,248,270,301,326,350,405,458,461,466,496,499,503,537,560,602,673,684,701,783,865,899
64: 70,91,100,105,155,195,203,305,312,333,334,368,376,386,388,399,444,456,467,483,488,527,556,558,565,567,619,732,756,775,794,822
65: 22,24,85,114,135,172,213,214,237,252,296,338,341,367,428,497,506,549,555,603,614,640,647,658,674,690,737,777,778,789,792,795
66: 0,17,27,36,93,110,123,126,153,198,215,273,284,301,337,370,379,406,412,423,432,438,460,464,481,562,631,642,654,664,682,753
67: 19,83,143,154,192,197,208,234,262,281,306,317,401,419,442,451,455,505,534,563,571,595,624,626,632,634,645,648,683,697,712,820
68: 5,42,62,65,88,172,213,237,282,286,296,307,367,380,384,501,526,586,597,614,647,686,716,776,816,837,893,902,965,974,984,992
69: 32,52,73,102,158,180,267,304,324,336,351,353,378,411,427,445,470,522,539,578,588,593,600,656,662,676,723,726,812,849,870,884
70: 13,40,70,75,100,122,128,162,169,195,203,255,376,386,388,416,444,456,486,488,545,558,567,636,638,704,714,744,765,803,821,825
71: 4,13,40,49,57,75,100,122,128,162,177,203,220,240,255,290,333,376,386,444,467,485,486,488,558,569,601,629,638,670,714,744
72: 10,16,56,112,185,231,238,268,288,294,302,344,381,407,418,424,426,430,457,521,528,532,536,542,573,607,608,618,633,691,729,731
73: 9,46,107,193,216,219,263,264,269,321,429,443,478,487,515,527,574,619,651,677,735,763,819,859,905,922,985,1004,1020,9,9,9
74: 70,82,91,96,100,105,162,169,195,203,305,312,376,386,388,416,444,456,467,483,486,488,545,558,565,567,638,714,744,756,765,794
75: 81,84,146,161,279,283,303,309,391,392,394,422,475,620,695,721,722,764,767,798,808,840,888,900,942,959,964,993,1009,81,81,81
76: 41,138,180,202,262,304,319,375,425,470,471,498,505,531,544,552,568,578,588,626,634,645,648,712,757,820,835,870,933,944,972,991
77: 3,26,31,69,144,181,182,194,285,289,385,403,409,462,463,585,598,606,675,680,728,773,861,891,908,947,988,3,3,3,3,3
78: 26,47,84,179,182,218,221,226,260,279,287,295,325,328,349,359,361,403,409,538,581,675,685,733,748,817,826,844,848,862,876,886
79: 34,42,66,98,111,141,196,213,241,254,282,300,307,367,380,437,454,473,474,524,603,635,669,686,792,809,818,860,935,938,950,974
80: 10,38,123,126,153,185,200,231,249,284,293,302,370,406,407,426,432,438,460,464,500,509,536,573,608,618,628,641,644,654,724,731
81: 41,80,113,131,133,138,147,202,299,319,375,389,469,471,498,516,531,544,552,568,591,634,689,740,757,788,814,824,933,972,986,991
82: 1,15,55,117,159,191,311,313,332,366,434,508,510,517,520,548,610,692,694,705,706,710,739,762,912,963,966,1005,1010,1,1,1
83: 2,54,76,90,95,124,137,140,145,150,210,250,308,339,340,383,393,421,468,561,594,605,622,665,698,711,719,769,810,831,907,929
84: 34,66,89,92,98,106,144,157,160,170,217,233,241,265,316,397,402,437,463,473,543,635,639,659,669,793,818,861,999,34,34,34
85: 19,21,39,79,87,147,176,189,234,281,299,319,408,571,626,634,648,661,707,745,755,757,779,811,820,823,892,972,976,1012,19,19
86: 5,24,59,62,65,88,135,172,213,237,296,341,369,384,387,501,519,526,576,597,614,699,713,837,845,902,915,921,970,992,1017,5
87: 10,16,38,231,238,268,293,302,407,418,424,426,509,521,528,536,573,607,608,618,633,641,644,691,729,731,758,799,901,924,940,945
88: 3,26,31,69,144,181,182,194,285,289,385,403,409,462,463,585,598,606,675,680,728,773,861,891,908,947,988,3,3,3,3,3
89: 22,24,85,114,135,151,214,237,252,270,338,341,428,497,506,549,555,640,647,658,674,737,777,778,789,792,795,836,845,869,872,899
90: 37,44,81,108,136,146,161,276,303,309,322,347,391,394,420,422,475,572,582,587,620,660,666,695,718,738,760,815,829,880,888,900
91: 152,207,222,232,236,431,480,484,491,577,596,617,759,774,781,882,885,152,152,152,152,152,152,152,152,152,152,152,152,152,152,152
92: 2,3,76,145,194,239,289,308,362,363,383,385,436,468,484,561,589,590,598,606,612,646,680,719,742,774,831,908,925,943,954,978
93: 43,48,54,115,124,127,211,229,327,410,455,495,507,533,534,547,557,563,571,583,623,665,683,697,711,881,896,937,953,990,43,43
94: 29,103,152,207,222,232,236,360,365,431,491,523,577,580,617,625,759,805,855,866,885,930,931,29,29,29,29,29,29,29,29,29
95: 64,71,120,134,139,151,178,190,225,235,246,248,270,301,326,350,405,458,461,466,496,499,503,537,560,602,673,684,701,783,865,899
96: 52,138,180,202,304,351,353,375,411,425,470,498,505,516,531,544,568,578,588,591,712,791,870,884,889,914,933,944,1001,1016,52,52
97: 44,47,60,130,136,165,187,212,227,261,276,292,313,329,352,355,359,395,450,476,535,616,666,696,747,780,848,864,912,948,1010,44
98: 43,48,54,115,124,127,211,229,410,455,495,507,534,557,563,583,623,665,683,697,856,896,937,990,43,43,43,43,43,43,43,43
99: 25,89,217,265,272,274,286,315,345,373,377,397,398,400,415,448,482,489,518,630,637,659,751,776,879,893,927,936,965,25,25,25
100: 14,33,78,180,208,262,267,304,306,324,351,411,425,445,505,522,578,588,645,687,717,725,726,813,835,916,918,932,944,973,1001,1016
101: 47,60,130,165,212,261,279,287,295,303,325,329,359,361,525,535,538,564,581,616,696,733,747,748,817,844,848,864,876,897,948,962
102: 8,80,101,109,113,131,133,147,148,259,299,311,342,348,389,434,469,471,492,552,689,700,707,740,768,784,788,801,814,824,846,847
103: 41,80,131,138,147,176,189,202,281,299,319,375,389,471,531,544,552,568,634,648,661,689,707,712,740,757,814,823,824,933,972,991
104: 82,91,96,99,123,126,183,185,200,249,256,293,310,335,368,396,407,432,456,460,490,500,545,628,650,724,736,741,752,765,796,804
105: 28,46,63,97,108,149,156,174,188,209,269,278,305,321,372,399,443,446,478,515,527,551,556,559,609,732,743,763,775,787,854,859
106: 4,94,104,163,177,220,252,257,275,291,320,330,343,374,540,546,566,575,601,611,658,670,703,754,766,785,834,839,898,910,935,977
107: 5,7,8,58,59,80,101,109,113,133,135,369,449,469,516,519,526,531,552,576,591,690,700,709,768,788,791,814,824,846,915,921
108: 28,46,63,97,107,129,156,219,263,269,321,372,443,478,515,551,559,609,761,763,854,873,905,922,1020,28,28,28,28,28,28,28
109: 30,94,104,111,163,177,220,252,257,275,291,320,330,343,374,440,546,566,570,575,601,611,670,703,730,754,766,834,839,877,898,910
110: 9,53,56,107,112,185,193,204,216,219,263,294,335,381,404,429,430,441,457,487,528,532,542,550,599,651,677,679,735,746,772,819
111: 44,47,60,81,84,130,146,179,212,279,283,295,303,309,329,359,361,392,394,403,538,581,620,675,696,764,767,798,808,817,844,864
112: 30,37,97,108,149,171,174,188,209,278,334,372,414,440,446,478,511,514,556,559,570,621,718,732,743,775,787,854,859,874,880,1006
113: 19,39,43,79,83,87,127,143,192,197,234,281,327,442,451,455,495,507,534,547,563,571,624,626,632,634,645,648,683,697,745,779
114: 18,20,39,79,86,127,164,176,186,189,224,280,327,371,390,408,533,547,554,571,745,770,779,790,811,853,881,939,953,962,1012,18
115: 18,21,86,87,131,147,164,176,189,280,299,318,319,342,389,408,554,634,643,661,707,708,745,755,779,801,811,823,847,853,857,939
116: 41,138,180,202,262,304,319,375,425,470,471,498,505,531,544,552,568,578,588,626,634,645,648,712,757,820,835,870,933,944,972,991
117: 20,76,137,140,166,194,210,218,221,226,247,260,308,328,340,349,385,468,561,579,649,685,719,733,742,790,826,862,886,907,943,954
118: 15,60,125,136,165,184,187,191,201,261,292,313,352,355,366,395,450,476,508,520,548,592,610,616,666,668,692,705,710,780,912,1010
119: 34,66,92,98,144,170,196,233,241,254,300,380,392,402,437,463,473,474,543,635,639,669,686,721,722,773,793,798,818,840,950,964
120: 60,130,165,184,187,191,227,261,292,313,318,352,355,395,450,476,535,610,616,643,666,696,747,750,780,801,864,912,948,1010,60,60
121: 10,38,93,116,123,139,153,178,198,215,284,297,301,370,379,423,438,464,509,560,562,641,642,644,654,667,684,806,807,878,894,903
122: 4,13,40,49,57,118,122,128,162,205,240,255,256,290,354,376,386,413,456,465,477,485,488,490,512,545,558,629,636,638,702,704
123: 16,53,56,112,185,193,204,216,238,294,335,344,381,404,430,441,457,528,532,536,542,550,573,651,679,729,735,772,819,827,850,858
124: 0,17,27,36,93,110,123,126,153,198,215,273,284,301,337,370,379,406,412,423,432,438,460,464,481,562,631,642,654,664,682,753
125: 28,46,63,97,107,156,174,188,219,263,269,278,305,321,372,399,443,446,478,515,527,551,556,559,609,619,761,763,775,787,854,859
126: 25,32,68,73,74,119,228,251,272,323,336,398,415,427,452,482,489,523,539,580,593,637,656,676,681,749,904,927,936,25,25,25
127: 71,117,142,159,173,190,206,235,314,332,358,459,461,502,506,510,520,688,694,701,706,720,739,762,843,883,960,963,71,71,71,71
128: 6,23,50,121,129,204,223,243,258,277,298,331,344,357,430,433,435,613,627,652,655,663,678,715,772,827,832,850,851,941,946,957
129: 15,55,117,125,191,201,292,313,331,352,366,395,450,508,517,520,548,592,610,613,668,671,692,694,706,710,780,912,934,966,975,1005
130: 84,146,161,179,279,283,391,392,394,463,473,474,543,620,675,721,722,764,767,773,798,808,840,888,891,900,942,964,993,1009,84,84
131: 0,17,36,110,118,123,126,198,205,215,256,273,310,337,354,379,406,412,413,432,438,460,465,479,481,490,512,545,584,631,636,642
132: 5,7,8,12,58,59,80,101,109,113,133,369,375,449,469,471,498,516,526,531,552,568,576,591,689,700,788,791,814,824,915,921
133: 30,149,171,174,188,209,330,333,334,414,440,446,467,511,514,556,570,575,611,621,670,730,732,743,775,787,874,880,898,926,1006,1011
134: 26,31,84,179,182,194,221,260,285,287,289,295,325,328,349,361,385,403,409,581,675,685,733,808,826,844,862,886,891,897,908,943
135: 1,15,50,121,132,159,173,190,223,235,258,314,331,332,350,356,357,459,461,502,513,517,627,652,692,694,706,715,762,832,843,946
136: 60,86,165,184,187,227,259,261,280,311,318,342,348,352,355,395,450,476,525,535,610,616,643,705,747,750,801,847,857,912,939,948
137: 37,97,108,174,188,209,278,309,322,347,391,420,422,446,475,504,514,529,551,572,582,587,621,660,695,718,743,760,815,829,841,874
138: 27,35,36,61,64,72,120,134,178,225,230,245,248,266,273,297,301,326,379,423,458,466,481,494,496,499,503,541,560,562,664,684
139: 13,40,49,70,96,122,128,162,169,203,255,256,290,354,376,386,413,416,456,465,485,488,490,512,545,558,629,636,638,702,704,714
140: 11,103,119,152,207,222,228,232,236,244,251,271,315,360,365,398,415,417,452,482,491,523,580,617,625,630,672,759,805,852,855,866
141: 4,13,49,57,75,122,177,220,240,255,275,290,291,320,330,333,374,440,485,486,511,540,558,566,569,601,611,629,670,834,839,910
142: 37,44,81,108,136,146,161,276,303,309,322,347,391,394,420,422,475,572,582,587,620,660,666,695,718,738,760,815,829,880,888,900
143: 0,17,110,118,123,126,198,215,256,310,337,406,412,413,432,438,460,479,481,490,512,628,631,642,650,654,682,702,736,753,786,802
144: 11,89,103,157,181,222,244,253,265,271,315,316,360,373,398,417,439,448,612,615,625,630,646,672,680,728,833,852,855,917,925,947
145: 168,323,364,378,382,447,472,493,539,656,717,727,749,812,918,952,994,168,168,168,168,168,168,168,168,168,168,168,168,168,168,168
146: 21,86,131,164,165,184,187,227,259,280,318,342,348,355,390,408,476,492,525,535,554,564,616,643,707,708,747,750,755,801,811,847
147: 22,71,77,85,120,151,175,214,246,248,270,405,428,458,461,496,497,499,503,506,555,602,658,673,701,720,737,777,783,789,795,869
148: 9,99,105,107,155,183,193,216,219,264,269,335,368,399,404,429,441,487,515,527,550,574,599,619,651,677,679,735,746,756,782,794
149: 25,32,68,73,74,102,119,158,251,272,323,336,353,411,415,427,482,489,530,539,593,600,637,656,662,676,681,751,849,884,904,914
150: 7,8,59,101,109,113,133,135,206,358,369,506,510,519,674,688,690,700,709,768,784,788,845,846,883,921,970,986,7,7,7,7
151: 11,103,181,207,222,232,239,244,253,271,360,417,484,577,590,596,612,617,625,646,672,680,759,774,852,855,882,917,925,931,978,983
152: 5,42,59,62,65,88,172,199,213,237,282,296,367,369,384,387,501,519,526,576,586,597,614,647,699,713,716,776,800,816,837,902
153: 1,15,50,55,117,159,173,223,235,258,314,331,332,356,357,366,459,461,502,513,517,652,692,694,706,710,715,762,832,843,946,960
154: 168,323,364,378,382,447,472,493,539,656,717,727,749,812,918,952,994,168,168,168,168,168,168,168,168,168,168,168,168,168,168,168
155: 4,35,36,57,61,72,77,118,122,128,167,205,230,290,291,354,413,477,485,540,584,629,631,664,785,955,958,977,989,996,997,1019
156: 25,68,73,74,103,119,228,251,271,272,315,336,373,398,400,415,427,452,482,489,523,580,630,637,681,879,927,936,25,25,25,25
157: 152,207,222,232,236,431,480,484,491,577,596,617,759,774,781,882,885,152,152,152,152,152,152,152,152,152,152,152,152,152,152,152
158: 66,89,92,106,157,160,217,233,253,265,274,286,315,316,373,377,397,398,400,402,417,439,448,489,518,585,615,630,659,672,793,833
159: 10,16,23,56,231,238,268,277,288,298,344,346,418,424,426,430,521,528,553,607,618,633,655,663,678,693,734,758,797,851,894,924
160: 13,49,70,75,100,122,162,195,203,240,255,305,312,333,334,376,386,388,444,467,483,486,488,511,558,567,569,638,670,732,744,803
161: 2,54,76,90,115,124,137,140,145,150,166,210,221,247,250,260,308,340,393,468,561,579,622,649,698,711,719,769,790,810,826,831
162: 34,66,98,111,141,196,241,254,300,307,380,402,437,454,473,474,524,543,635,639,669,686,722,809,818,840,877,938,950,993,1007,1009
163: 3,11,31,69,181,244,253,289,316,417,439,448,462,585,598,606,612,615,630,646,672,680,728,833,852,855,861,908,917,925,947,978
164: 44,47,60,81,84,130,165,212,261,276,279,287,295,303,329,359,361,535,538,581,620,666,696,747,748,767,817,844,848,864,876,897
165: 13,30,49,75,100,149,171,177,220,240,255,305,312,333,334,386,414,440,444,467,483,486,488,511,558,569,601,611,670,732,775,834
166: 15,125,136,191,201,292,313,352,366,395,450,504,508,587,592,613,666,668,671,692,710,780,912,934,975,980,1010,1014,15,15,15,15
167: 0,17,110,123,126,153,198,215,256,293,310,337,370,379,406,412,432,438,460,464,479,481,562,628,631,642,650,654,682,753,786,802
168: 18,21,86,131,147,164,176,189,227,280,299,318,319,342,389,390,408,476,492,525,554,643,661,707,708,745,750,755,779,801,811,823
169: 34,42,65,66,92,98,160,196,213,241,254,282,286,307,367,380,437,454,473,474,586,635,639,659,669,686,716,816,818,860,893,938
170: 9,107,112,155,193,216,219,263,264,269,335,381,404,429,441,487,515,542,550,574,599,619,651,677,679,735,746,763,772,782,819,858
171: 27,35,61,64,72,77,120,167,175,225,230,245,246,248,266,270,405,458,466,494,496,499,503,541,771,783,795,869,872,899,928,951
172: 32,68,73,74,103,119,228,251,272,315,323,336,398,415,427,452,482,489,523,539,580,637,681,749,866,904,927,936,32,32,32,32
173: 35,36,57,61,72,118,128,167,205,230,256,266,273,290,337,354,413,465,477,481,485,494,540,541,584,629,631,664,682,702,785,786
174: 6,23,56,121,204,243,258,277,288,298,344,346,418,430,433,435,521,627,655,663,678,693,715,758,772,797,827,832,850,851,858,957
175: 21,131,147,148,184,259,280,311,318,342,348,389,408,469,476,492,643,705,707,708,740,750,755,784,801,823,847,853,857,939,971,1008
176: 44,47,81,130,136,212,261,276,292,303,309,322,329,347,395,475,504,572,582,587,592,620,666,696,760,780,815,817,829,864,888,895
177: 6,23,56,121,204,243,258,277,288,298,344,346,418,430,433,435,521,627,655,663,678,693,715,758,772,797,827,832,850,851,858,957
178: 5,12,45,58,59,101,113,133,199,353,369,375,387,449,498,516,526,531,552,576,591,653,699,713,723,788,791,814,824,870,889,902
179: 26,47,84,179,182,218,221,226,260,279,287,295,325,328,349,359,361,403,409,538,581,675,685,733,748,817,826,844,848,862,876,886
180: 1,15,50,121,132,159,173,190,223,235,258,314,331,332,350,356,357,459,461,502,513,517,627,652,692,694,706,715,762,832,843,946
181: 34,66,89,92,106,144,157,160,170,217,233,241,265,286,316,373,377,397,400,402,439,448,463,518,585,615,630,639,659,669,793,818
182: 4,35,36,57,61,72,77,118,122,128,167,205,230,290,291,354,413,477,485,540,584,629,631,664,785,955,958,977,989,996,997,1019
183: 14,33,43,67,83,143,154,192,197,208,242,306,317,401,419,442,451,453,534,595,604,623,624,683,813,835,906,911,916,1015,14,14
184: 84,146,161,179,279,283,391,392,394,463,473,474,543,620,675,721,722,764,767,773,798,808,840,888,891,900,942,964,993,1009,84,84
185: 0,17,36,110,118,123,126,198,205,215,256,273,310,337,354,379,406,412,413,432,438,460,465,479,481,490,512,545,584,631,636,642
186: 32,68,73,74,103,119,228,251,272,315,323,336,398,415,427,452,482,489,523,539,580,637,681,749,866,904,927,936,32,32,32,32
187: 23,116,121,132,139,173,235,297,326,350,356,357,418,502,513,537,553,560,627,652,655,663,667,678,693,734,797,832,851,865,894,909
188: 37,97,108,136,156,174,209,276,278,309,322,347,446,475,504,529,551,559,572,582,587,592,621,660,695,718,743,760,815,829,841,880
189: 0,17,110,118,126,198,215,337,379,406,412,438,460,479,481,631,642,654,682,753,786,802,806,807,830,887,903,949,956,958,0,0
190: 34,66,92,98,106,144,157,160,170,196,217,233,241,265,286,377,380,397,402,437,463,473,474,518,543,635,639,659,669,686,793,818
191: 39,43,79,115,127,143,192,211,229,234,327,401,410,442,451,455,495,507,533,534,547,557,563,571,583,623,632,683,697,881,896,937
192: 30,149,171,188,209,275,330,333,343,414,440,511,514,570,575,611,621,670,718,730,732,743,766,834,874,898,926,1006,1011,1022,1023,30
193: 19,39,43,79,127,143,192,197,211,234,281,327,401,410,442,451,455,495,507,534,547,563,571,624,626,632,648,683,697,745,779,820
194: 29,168,323,364,365,382,447,452,493,656,749,866,952,994,29,29,29,29,29,29,29,29,29,29,29,29,29,29,29,29,29,29
195: 30,149,171,174,188,209,278,305,312,333,334,372,414,440,446,467,511,514,556,570,611,621,670,732,743,775,787,859,874,880,898,1006
196: 3,26,31,179,182,194,285,289,328,349,361,385,403,409,462,468,561,581,598,606,675,685,742,826,862,891,908,943,961,988,3,3
197: 2,54,90,95,150,250,308,339,383,393,421,594,605,665,698,769,810,831,842,856,907,929,1000,2,2,2,2,2,2,2,2,2
198: 17,27,35,36,72,118,205,225,230,245,248,266,273,301,379,423,466,481,494,496,541,584,631,664,682,753,771,802,807,951,958,17
199: 44,60,81,125,130,136,212,261,276,292,309,313,322,329,352,395,450,475,504,572,582,587,592,666,668,696,760,780,815,829,841,888
200: 52,78,158,180,262,267,304,324,351,353,411,425,445,470,505,522,544,578,588,600,676,717,726,849,870,884,904,914,918,932,944,973
201: 100,105,149,155,195,305,312,333,334,372,386,388,399,414,444,467,478,483,511,527,556,565,619,732,756,775,787,794,822,859,890,922
202: 44,47,60,81,130,136,146,212,276,279,292,303,309,329,347,391,394,475,572,582,587,620,666,695,696,764,767,815,817,829,864,888
203: 30,94,104,111,163,177,220,252,257,275,291,320,330,343,374,440,546,566,570,575,601,611,670,703,730,754,766,834,839,877,898,910
204: 64,93,116,120,132,134,139,178,190,235,297,301,326,350,356,423,513,537,553,560,562,641,667,673,684,734,865,894,909,940,946,969
205: 14,33,78,83,154,208,262,267,306,324,419,425,453,505,522,578,588,604,624,645,687,717,725,726,813,835,906,916,932,944,973,1015
206: 27,35,36,57,61,72,77,118,167,205,225,230,245,248,266,273,290,354,413,466,477,494,540,541,584,631,664,771,785,786,802,807
207: 6,50,121,129,204,243,258,277,298,331,430,433,435,613,652,655,671,715,761,772,827,850,851,873,920,934,941,957,1002,1014,1020,1021
208: 2,54,76,90,137,140,145,150,210,247,250,308,340,363,383,393,421,436,468,561,579,589,590,605,622,698,719,742,769,831,907,929
209: 44,60,81,125,130,136,212,261,276,292,309,313,322,329,352,395,450,475,504,572,582,587,592,666,668,696,760,780,815,829,841,888
210: 6,23,50,56,121,129,204,243,258,277,298,344,430,433,435,613,655,715,772,827,850,851,858,873,941,957,1002,1004,1020,1021,6,6
211: 37,44,81,130,136,146,212,276,279,292,303,309,322,329,347,391,394,422,475,504,572,582,587,620,660,666,695,696,718,760,767,815
212: 2,145,207,222,239,244,362,363,383,436,480,484,577,589,590,596,605,612,646,719,774,781,831,842,882,954,978,983,2,2,2,2
213: 70,82,91,96,100,105,155,162,169,195,203,305,312,334,368,376,386,388,399,416,444,456,467,483,488,545,558,565,567,714,741,744
214: 4,13,40,49,57,75,122,128,177,220,240,255,290,291,333,354,386,444,485,486,488,558,569,601,629,638,670,744,803,834,839,910
215: 0,17,36,110,118,126,198,215,256,273,337,379,406,412,413,438,460,479,481,494,512,584,631,642,664,682,702,753,786,802,807,830
216: 9,99,105,107,155,183,193,216,219,263,264,269,335,368,399,429,441,487,515,527,550,574,599,619,651,677,679,735,746,763,782,794
217: 20,76,137,140,166,194,210,218,221,226,247,260,308,328,340,349,385,468,561,579,649,685,719,733,742,790,826,862,886,907,943,954
218: 20,54,76,115,124,127,137,140,166,186,210,218,221,224,226,247,260,340,468,533,561,579,622,649,711,769,770,790,826,881,896,907
219: 11,89,106,157,181,217,253,265,271,315,316,373,397,398,417,439,448,585,615,625,630,672,728,833,852,855,917,925,947,1003,11,11
220: 34,66,69,89,92,106,144,157,170,217,233,241,253,265,316,373,377,397,402,439,448,462,463,518,585,615,630,639,659,728,793,833
221: 4,49,57,61,122,128,177,220,240,255,290,291,320,374,477,485,540,566,569,601,629,785,803,834,839,910,977,982,989,996,997,1019
222: 18,20,140,166,186,210,218,221,224,226,247,260,325,327,349,371,390,533,554,564,579,649,711,733,770,790,826,862,876,881,886,953
223: 12,32,45,51,52,68,73,102,158,180,304,351,353,375,411,470,498,530,544,578,588,591,593,662,676,723,791,849,870,884,889,914
224: 0,17,27,36,93,110,123,126,153,178,198,215,273,284,297,301,337,370,379,406,412,423,432,438,464,481,509,562,631,641,642,654
225: 20,54,76,90,115,137,140,166,210,221,226,247,260,308,340,393,468,561,579,622,649,698,711,719,742,769,790,826,831,862,907,943
226: 16,38,53,123,153,185,200,238,249,293,294,302,335,381,396,407,426,432,457,500,509,528,532,536,542,573,607,608,618,628,644,691
227: 5,24,42,62,65,114,135,172,213,237,282,296,307,338,341,367,369,384,501,519,549,586,597,614,647,716,792,816,837,845,860,902
228: 29,103,152,232,236,360,365,431,491,577,617,759,805,866,885,930,931,29,29,29,29,29,29,29,29,29,29,29,29,29,29,29
229: 5,22,24,85,114,135,172,213,214,237,296,338,341,367,369,384,519,549,614,647,674,690,777,778,789,792,836,837,845,860,970,1017
230: 16,53,56,99,112,185,193,200,238,249,293,294,335,368,381,396,404,407,457,500,509,528,532,536,542,550,573,607,608,618,628,651
231: 12,32,45,51,52,68,73,102,158,180,304,351,353,375,411,470,498,530,544,578,588,591,593,662,676,723,791,849,870,884,889,914
232: 71,117,142,159,173,190,206,235,314,332,358,459,461,502,506,510,520,688,694,701,706,720,739,762,843,883,960,963,71,71,71,71
233: 22,77,151,167,175,214,246,252,270,338,428,458,497,499,540,541,546,555,602,640,658,703,737,777,778,783,785,789,795,836,869,872
234: 89,92,106,144,157,170,217,233,241,253,265,316,373,377,397,402,417,439,448,585,615,630,639,659,793,833,861,947,999,89,89,89
235: 3,26,31,76,145,182,194,247,289,385,409,436,462,468,561,589,590,598,606,680,719,742,826,862,908,943,954,961,978,988,3,3
236: 5,24,59,62,65,88,135,172,213,237,296,341,369,384,387,501,519,526,576,597,614,699,713,837,845,902,915,921,970,992,1017,5
237: 28,46,63,97,107,156,174,188,219,263,269,278,305,321,372,399,443,446,478,515,527,551,556,559,609,619,761,763,775,787,854,859
238: 44,47,60,81,84,130,146,179,212,279,283,295,303,309,329,359,361,392,394,403,538,581,620,675,696,764,767,798,808,817,844,864
239: 14,19,33,83,154,192,197,208,262,267,306,317,419,425,442,453,505,522,604,624,645,725,813,820,835,906,911,916,932,944,973,1015
240: 53,99,112,183,185,193,200,216,264,294,335,381,404,441,457,487,532,536,542,550,599,651,677,679,735,746,752,782,819,875,901,913
241: 6,23,50,56,121,129,204,243,258,277,298,344,430,433,435,613,655,715,772,827,850,851,858,873,941,957,1002,1004,1020,1021,6,6
242: 31,69,92,106,144,157,170,217,233,241,265,283,285,316,402,462,463,473,543,585,598,639,675,721,728,773,793,861,891,947,988,999
243: 15,125,136,191,201,292,313,352,366,395,450,504,508,587,592,613,666,668,671,692,710,780,912,934,975,980,1010,1014,15,15,15,15
244: 44,47,60,81,130,136,165,212,261,276,279,287,292,295,303,309,329,359,538,582,587,620,666,696,748,767,817,844,848,864,897,942
245: 1,50,121,132,159,173,190,223,235,258,314,331,332,350,356,357,459,461,502,513,537,627,652,673,694,706,762,832,843,865,946,960
246: 32,45,51,52,68,73,102,158,180,336,351,353,411,427,445,530,539,593,600,662,676,723,849,870,884,889,904,914,1001,1016,32,32
247: 5,24,59,62,65,114,135,172,213,237,296,338,341,369,384,501,519,526,576,614,647,674,690,699,713,837,845,902,915,921,970,992
248: 0,17,27,36,93,110,123,126,153,178,198,215,273,284,297,301,337,370,379,406,412,423,432,438,464,481,509,562,631,641,642,654
249: 30,149,171,177,188,220,275,330,333,334,414,440,467,486,511,514,569,570,575,601,611,621,670,730,732,743,766,775,834,874,898,910
250: 14,33,78,262,267,324,351,364,445,472,493,522,604,687,717,725,726,727,812,813,916,918,932,952,973,1001,14,14,14,14,14,14
251: 81,84,146,161,279,283,303,309,391,392,394,422,475,620,695,721,722,764,767,798,808,840,888,900,942,959,964,993,1009,81,81,81
252: 44,60,125,130,136,165,187,191,201,261,276,292,313,352,355,366,395,450,476,504,508,587,592,610,616,666,668,696,780,912,1010,44
253: 1,6,23,50,121,132,173,223,243,258,277,298,331,356,357,430,433,502,513,627,652,655,663,678,693,715,827,832,851,946,957,966
254: 2,95,145,239,308,362,363,383,436,480,484,589,590,596,605,612,646,719,742,774,781,831,842,882,954,978,983,1000,2,2,2,2
255: 11,103,152,207,222,232,236,244,271,360,431,491,577,580,617,625,672,759,805,855,882,885,917,930,931,1003,11,11,11,11,11,11
256: 71,120,142,151,190,235,246,270,314,405,459,461,499,503,506,537,555,602,673,701,720,737,843,883,899,960,963,969,71,71,71,71
257: 44,47,60,81,84,130,146,179,212,279,283,295,303,309,329,359,361,392,394,403,538,581,620,675,696,764,767,798,808,817,844,864
258: 53,99,185,200,238,249,293,294,335,368,381,396,404,407,457,500,528,532,536,542,550,573,608,618,628,651,679,724,729,731,741,746
259: 16,56,112,185,193,204,238,243,268,277,288,294,298,344,381,430,457,521,528,532,536,542,550,573,607,618,691,693,729,758,772,827
260: 18,39,79,115,124,127,166,186,211,224,229,234,327,410,455,495,507,533,534,547,563,571,697,711,779,790,881,896,937,953,1012,18
261: 48,54,90,115,124,127,137,150,166,211,229,250,339,393,410,495,533,583,622,665,698,711,769,810,856,896,907,929,937,953,990,48
262: 2,95,239,362,363,383,431,480,484,589,596,605,774,781,831,842,882,2,2,2,2,2,2,2,2,2,2,2,2,2,2,2
263: 34,66,89,92,98,106,144,157,160,170,217,233,241,265,316,397,402,437,463,473,543,635,639,659,669,793,818,861,999,34,34,34
264: 21,86,87,131,147,164,176,189,280,299,318,319,342,389,408,634,661,707,708,745,755,779,801,811,823,847,853,857,892,939,971,991
265: 26,31,69,84,144,179,182,233,283,285,289,385,403,409,462,463,543,585,598,606,675,721,728,773,808,861,891,908,988,26,26,26
266: 0,17,27,36,93,110,123,126,153,178,198,215,273,284,297,301,337,370,379,406,412,423,432,438,464,481,509,562,631,641,642,654
267: 23,50,121,132,223,243,258,277,288,298,344,346,356,357,418,430,433,513,553,627,652,655,663,678,693,715,734,797,832,851,946,957
268: 6,23,56,121,204,243,258,277,288,298,344,346,418,430,433,435,521,627,655,663,678,693,715,758,772,797,827,832,850,851,858,957
269: 18,19,39,79,87,127,164,176,186,189,224,234,281,327,371,455,495,507,533,547,554,563,571,626,632,634,648,661,745,779,811,881
270: 4,13,40,49,57,75,122,128,177,220,240,255,290,291,333,354,386,444,485,486,488,558,569,601,629,638,670,744,803,834,839,910
271: 14,19,33,83,154,192,197,208,262,267,306,317,419,425,442,453,505,522,604,624,645,725,813,820,835,906,911,916,932,944,973,1015
272: 11,89,106,157,181,244,253,265,271,315,316,373,417,439,448,462,585,598,606,612,615,630,646,672,680,728,833,852,855,861,917,925
273: 43,67,143,154,192,242,317,401,419,442,451,453,534,595,623,624,683,697,906,911,1015,43,43,43,43,43,43,43,43,43,43,43
274: 13,40,49,70,75,100,122,128,162,169,195,203,240,255,312,333,376,386,388,416,444,456,467,483,485,486,488,545,558,567,569,638
275: 4,49,57,61,122,128,177,220,240,255,290,291,320,374,477,485,540,566,569,601,629,785,803,834,839,910,977,982,989,996,997,1019
276: 10,16,53,56,112,185,200,231,238,268,288,294,302,344,381,407,418,424,426,430,457,509,521,528,532,536,542,573,607,608,618,633
277: 4,94,104,163,177,220,252,257,275,291,320,330,343,374,540,546,566,575,601,611,658,670,703,754,766,785,834,839,898,910,935,977
278: 32,78,158,180,267,323,324,336,351,364,378,411,445,472,493,522,539,588,593,600,656,676,717,726,727,812,849,884,904,918,932,952
279: 17,27,35,36,72,118,205,225,230,245,248,266,273,301,379,423,466,481,494,496,541,584,631,664,682,753,771,802,807,951,958,17
280: 27,35,64,77,120,134,139,167,178,190,225,245,246,248,266,297,301,326,350,379,405,423,458,466,496,499,503,537,541,560,673,684
281: 11,74,103,119,228,251,271,315,360,373,398,415,452,482,489,523,580,625,630,672,681,805,866,917,931,936,11,11,11,11,11,11
282: 32,45,51,52,68,73,102,158,180,336,351,353,411,427,445,530,539,593,600,662,676,723,849,870,884,889,904,914,1001,1016,32,32
283: 24,42,62,65,98,172,196,213,237,282,296,307,338,367,380,384,501,549,586,597,614,647,686,716,792,816,837,860,938,974,984,1017
284: 10,23,268,288,298,344,346,418,430,521,553,607,627,633,655,663,678,693,734,758,797,851,924,940,967,995,10,10,10,10,10,10
285: 14,33,78,180,262,267,324,351,378,411,425,445,472,522,539,578,588,600,656,687,717,725,726,727,812,849,884,904,916,918,932,952
286: 41,138,180,202,299,304,319,375,425,470,471,498,505,531,544,552,568,578,591,626,634,645,648,661,689,712,757,820,870,933,944,972
287: 4,35,49,57,61,72,122,128,167,205,220,230,240,255,290,291,354,374,413,477,485,540,584,629,785,803,839,910,977,989,996,997
288: 1,6,15,23,50,121,159,173,223,243,258,277,331,332,356,357,433,502,517,613,627,652,655,671,692,694,715,832,851,934,946,966
289: 18,20,39,86,164,186,189,218,224,226,325,327,349,371,390,525,533,535,554,564,643,649,770,779,790,811,853,876,881,939,962,18
290: 71,85,117,142,151,159,190,206,314,358,459,461,506,510,555,602,674,688,701,706,709,720,739,762,843,883,960,963,969,71,71,71
291: 94,104,111,163,177,252,257,275,291,320,330,343,374,546,566,575,603,611,703,730,754,766,834,839,877,898,910,935,982,989,1011,1022
292: 70,82,91,96,99,105,169,183,195,249,310,368,376,388,396,456,490,500,545,565,567,650,714,724,736,741,752,756,765,821,828,838
293: 18,19,39,79,87,127,164,176,186,189,224,234,281,327,371,455,495,507,533,547,554,563,571,626,632,634,648,661,745,779,811,881
294: 2,54,76,90,95,137,145,150,239,250,308,339,340,362,363,383,393,421,436,480,484,561,589,590,594,605,622,698,719,742,769,781
295: 37,44,108,125,136,201,276,292,309,322,395,504,529,551,572,582,587,592,613,666,668,671,760,780,815,829,841,895,920,934,959,975
296: 26,31,84,179,182,194,221,260,285,287,289,295,325,328,349,361,385,403,409,581,675,685,733,808,826,844,862,886,891,897,908,943
297: 27,35,36,57,61,72,77,118,167,205,225,230,245,248,266,273,290,354,413,466,477,494,540,541,584,631,664,771,785,786,802,807
298: 18,19,39,79,87,127,164,176,186,189,234,281,319,327,451,455,495,507,534,547,563,571,626,632,634,648,661,745,779,811,820,881
299: 148,184,187,191,227,259,311,318,342,348,352,355,434,450,476,492,520,548,610,616,643,705,710,739,750,784,801,847,857,912,971,1008
300: 30,94,104,111,163,177,220,252,257,275,291,320,330,343,374,440,546,566,570,575,601,611,670,703,730,754,766,834,839,877,898,910
301: 10,16,38,153,231,238,268,284,288,293,302,344,370,407,418,424,426,464,509,521,528,532,536,573,607,608,618,633,641,644,667,691
302: 11,103,222,228,232,244,253,271,315,360,373,398,415,417,439,448,482,523,580,615,625,630,672,759,805,833,852,855,917,925,931,1003
303: 40,70,82,91,96,162,169,195,203,376,386,388,416,456,465,488,490,512,545,567,636,638,650,702,704,714,736,744,765,803,821,825
304: 41,80,131,138,147,176,189,202,281,299,319,375,389,471,531,544,552,568,634,648,661,689,707,712,740,757,814,823,824,933,972,991
305: 24,42,62,65,98,172,196,213,237,282,307,338,367,380,454,549,603,614,647,686,716,778,792,836,860,935,938,984,1017,24,24,24
306: 18,20,39,79,86,127,164,176,186,189,224,280,327,371,390,408,533,547,554,571,745,770,779,790,811,853,881,939,953,962,1012,18
307: 10,16,38,153,231,238,268,284,288,293,302,370,418,424,426,464,509,521,573,607,608,618,633,641,644,667,691,729,731,734,758,797
308: 16,38,53,123,153,185,200,238,249,293,294,302,335,381,396,407,426,432,457,500,509,528,532,536,542,573,607,608,618,628,644,691
309: 35,61,77,167,175,245,246,248,252,270,405,428,458,496,497,499,503,540,541,602,640,658,703,737,777,783,785,789,795,869,872,899
310: 20,26,76,137,140,166,210,218,221,224,226,247,260,325,328,349,361,385,468,561,579,649,685,711,733,770,790,826,862,886,943,953
311: 94,104,111,141,163,252,257,275,320,330,343,374,454,524,546,566,575,603,611,657,730,754,766,809,834,877,898,935,938,1023,94,94
312: 35,61,64,72,77,167,175,230,245,246,248,266,270,405,428,458,466,477,496,497,499,503,540,541,658,703,783,785,795,869,872,899
313: 2,145,207,222,239,244,362,363,383,431,436,480,484,577,589,590,596,605,612,646,774,781,831,842,882,983,2,2,2,2,2,2
314: 13,40,70,75,100,122,128,162,169,195,203,255,376,386,388,416,444,456,486,488,545,558,567,636,638,704,714,744,765,803,821,825
315: 19,43,67,83,143,154,192,197,234,242,317,401,419,442,451,453,455,507,534,563,571,595,623,624,632,683,697,835,911,937,976,1015
316: 2,54,76,90,137,140,145,150,210,247,250,308,340,363,383,393,421,436,468,561,579,589,590,605,622,698,719,742,769,831,907,929
317: 5,7,8,12,58,59,80,101,109,113,133,369,375,449,469,471,498,516,526,531,552,568,576,591,689,700,788,791,814,824,915,921
318: 10,16,38,231,238,268,288,302,418,424,426,521,528,607,608,618,633,691,729,731,758,901,924,945,979,987,10,10,10,10,10,10
319: 70,82,91,96,100,105,162,169,195,203,305,312,376,386,388,416,444,456,467,483,486,488,545,558,565,567,638,714,744,756,765,794
320: 1,71,120,132,139,159,173,190,235,314,326,332,350,356,357,405,459,461,502,513,537,560,673,701,720,843,865,946,960,969,995,1013
321: 13,30,49,75,100,149,171,177,220,240,255,305,312,333,334,386,414,440,444,467,483,486,488,511,558,569,601,611,670,732,775,834
322: 19,39,41,79,87,176,189,192,197,234,281,299,319,451,455,547,571,626,632,634,645,648,661,712,745,757,779,820,823,835,892,972
323: 8,41,80,101,109,113,131,133,147,148,259,299,319,375,389,469,471,492,516,531,552,568,689,707,740,784,788,814,824,971,986,991
324: 64,116,120,132,134,139,178,190,225,235,246,297,301,326,350,356,405,423,461,466,499,503,513,537,553,560,673,684,701,865,909,960
325: 69,84,144,146,179,279,283,285,392,394,403,409,463,543,581,620,675,721,722,764,767,773,798,808,840,891,897,942,964,1009,69,69
326: 10,38,93,116,123,126,153,198,215,231,284,293,297,370,379,406,407,423,426,432,438,464,509,562,573,608,618,628,633,641,642,644
327: 34,66,92,98,144,170,196,233,241,254,300,380,392,402,437,463,473,474,543,635,639,669,686,721,722,773,793,798,818,840,950,964
328: 32,45,51,52,68,73,102,158,180,336,351,353,411,427,445,530,539,593,600,662,676,723,849,870,884,889,904,914,1001,1016,32,32
329: 5,22,24,85,114,135,172,213,214,237,296,338,341,367,369,384,519,549,614,647,674,690,777,778,789,792,836,837,845,860,970,1017
330: 60,86,165,184,187,227,261,280,318,355,390,450,476,525,535,554,564,616,643,747,750,801,847,848,853,857,876,912,939,948,962,1008
331: 30,37,97,108,149,171,174,188,209,278,322,347,372,414,446,514,551,556,559,570,621,660,718,743,760,787,815,854,874,880,1006,30
332: 4,40,49,57,61,72,122,128,205,220,240,255,290,291,354,413,465,477,485,540,584,629,636,702,803,839,977,989,996,997,1019,4
333: 34,66,92,98,144,170,196,233,241,254,300,380,392,402,437,463,473,474,543,635,639,669,686,721,722,773,793,798,818,840,950,964
334: 28,46,63,97,107,129,156,219,263,269,321,372,443,478,515,551,559,609,761,763,854,873,905,922,1020,28,28,28,28,28,28,28
335: 32,68,73,74,103,119,228,251,272,315,323,336,398,415,427,452,482,489,523,539,580,637,681,749,866,904,927,936,32,32,32,32
336: 28,46,63,107,129,156,204,219,263,269,321,372,435,443,478,515,551,559,609,735,761,763,772,854,873,905,920,922,941,1002,1004,1020
337: 12,45,52,58,113,138,180,202,304,353,375,449,470,471,498,516,531,544,552,568,576,591,653,662,723,791,814,870,884,889,914,915
338: 25,65,66,89,92,98,160,217,241,274,282,286,345,377,380,397,400,518,586,597,659,686,716,776,816,818,879,893,927,965,974,984
339: 10,38,93,116,123,139,153,178,198,215,284,297,301,370,379,423,438,464,509,560,562,641,642,644,654,667,684,806,807,878,894,903
340: 3,26,31,69,144,181,182,194,285,289,385,403,409,462,463,585,598,606,675,680,728,773,861,891,908,947,988,3,3,3,3,3
341: 81,84,146,161,279,283,303,309,391,392,394,422,475,620,695,721,722,764,767,798,808,840,888,900,942,959,964,993,1009,81,81,81
342: 26,179,182,218,221,226,247,260,287,295,325,328,349,361,385,403,409,538,581,685,733,748,826,844,862,876,886,897,943,961,26,26
343: 20,140,166,186,210,218,221,224,226,247,260,325,328,349,361,371,390,468,564,579,649,685,733,748,770,790,826,862,876,886,943,953
344: 13,40,49,75,100,122,128,162,203,220,240,255,333,376,386,416,444,467,485,486,488,558,569,601,638,744,803,926,996,13,13,13
345: 1,15,50,55,117,159,173,223,235,258,314,331,332,356,357,366,459,461,502,513,517,652,692,694,706,710,715,762,832,843,946,960
346: 1,15,23,50,121,159,173,223,258,331,332,356,357,433,502,517,627,652,655,692,694,706,715,832,843,946,966,995,1005,1013,1021,1
347: 4,94,104,163,177,220,252,257,275,291,320,330,343,374,540,546,566,575,601,611,658,670,703,754,766,785,834,839,898,910,935,977
348: 35,36,57,61,72,118,128,167,205,230,256,266,273,290,337,354,413,465,477,481,485,494,540,541,584,629,631,664,682,702,785,786
349: 2,54,90,95,124,137,150,250,308,339,340,383,393,421,594,605,622,665,698,769,810,842,856,907,929,1000,2,2,2,2,2,2
350: 44,47,60,81,130,136,165,212,261,276,279,292,295,303,309,329,359,538,572,582,587,620,666,696,767,817,848,864,888,897,942,948
351: 5,7,8,12,58,59,62,101,113,133,135,296,369,384,387,449,501,516,519,526,576,614,653,690,699,700,713,788,791,814,837,902
352: 34,98,111,141,161,196,254,300,307,422,437,454,473,474,524,543,635,657,669,686,722,738,798,809,840,877,900,938,950,964,993,1007
353: 35,36,57,61,72,118,128,167,205,230,256,266,273,290,337,354,413,465,477,481,485,494,540,541,584,629,631,664,682,702,785,786
354: 11,103,152,207,222,232,239,244,360,431,484,491,577,590,596,612,617,625,646,759,774,781,852,855,882,885,925,931,983,1003,11,11
355: 60,86,165,184,187,227,259,261,280,311,318,342,348,352,355,395,450,476,525,535,610,616,643,705,747,750,801,847,857,912,939,948
356: 10,16,56,112,185,231,238,268,288,294,302,344,381,407,418,424,426,430,457,521,528,532,536,542,573,607,608,618,633,691,729,731
357: 18,21,86,131,147,164,176,189,227,280,299,318,319,342,389,390,408,476,492,525,554,643,661,707,708,745,750,755,779,801,811,823
358: 19,83,143,154,192,197,208,234,262,281,306,317,401,419,442,451,455,505,534,563,571,595,624,626,632,634,645,648,683,697,712,820
359: 16,53,56,112,185,193,200,238,294,335,381,404,407,441,457,528,532,536,542,550,573,607,608,618,651,691,729,746,752,758,858,901
360: 30,149,171,188,209,305,312,330,333,334,414,440,446,467,486,511,514,556,570,575,611,621,670,732,743,775,787,898,926,1006,1011,1022
361: 2,48,54,76,90,115,124,137,150,166,210,211,229,250,308,339,340,393,410,421,533,579,583,594,622,665,698,711,769,810,856,896
362: 18,21,86,164,176,186,189,227,280,318,371,390,408,476,525,535,554,564,616,643,747,755,770,779,801,811,847,853,857,876,939,962
363: 14,19,33,83,154,192,197,208,262,267,306,317,419,425,442,453,505,522,578,588,604,624,645,712,813,820,835,906,916,932,944,973
364: 0,17,27,36,93,110,123,126,153,178,198,215,273,284,297,301,337,370,379,406,412,423,432,438,464,481,509,562,631,641,642,654
365: 35,36,57,61,72,118,128,167,205,230,256,266,273,290,337,354,413,465,477,481,485,494,540,541,584,629,631,664,682,702,785,786
366: 53,70,82,91,99,105,155,183,185,195,200,249,264,335,368,396,399,429,456,483,487,500,542,565,574,619,651,679,724,741,746,752
367: 41,80,113,131,133,138,147,202,299,319,375,389,469,471,498,516,531,544,552,568,591,634,689,740,757,788,814,824,933,972,986,991
368: 6,28,46,63,129,156,204,243,263,321,433,435,551,559,609,613,671,715,761,772,827,841,873,920,934,941,975,980,1002,1014,1020,1021
369: 26,84,146,179,182,279,283,285,287,295,303,328,361,392,403,409,538,581,675,685,721,764,767,773,808,817,844,891,897,988,26,26
370: 80,109,131,147,148,184,187,259,311,318,342,348,389,434,469,476,492,520,548,610,705,707,708,740,750,755,784,801,846,847,857,912
371: 3,26,31,76,145,182,194,247,289,385,409,436,462,468,561,589,590,598,606,680,719,742,826,862,908,943,954,961,978,988,3,3
372: 44,47,60,81,84,130,146,179,212,276,279,295,303,309,329,359,391,394,475,538,581,582,620,666,696,764,767,808,817,844,864,888
373: 52,138,180,202,262,267,304,351,375,411,425,470,498,505,522,531,544,568,578,588,645,712,757,820,835,870,884,933,944,972,973,1001
374: 26,47,84,130,179,212,279,287,295,303,328,329,349,359,361,403,538,581,685,696,733,748,767,817,844,848,864,876,886,897,948,26
375: 42,65,98,111,172,196,213,254,282,300,307,367,380,437,454,474,524,549,603,635,647,686,778,792,809,818,860,935,938,950,974,984
376: 71,120,142,151,159,173,190,235,246,270,314,326,332,350,356,405,459,461,499,502,506,537,555,602,673,701,720,762,843,883,960,963
377: 13,70,100,105,162,195,203,255,305,312,333,334,376,386,388,399,444,456,467,483,486,488,511,558,565,567,569,638,732,756,775,794
378: 32,52,73,102,158,180,267,304,324,336,351,353,378,411,427,445,470,522,539,578,588,593,600,656,662,676,723,726,812,849,870,884
379: 10,16,53,56,112,185,200,231,238,268,288,294,302,344,381,407,418,424,426,430,457,509,521,528,532,536,542,573,607,608,618,633
380: 41,80,113,131,133,138,147,202,299,319,375,389,469,471,498,516,531,544,552,568,591,634,689,740,757,788,814,824,933,972,986,991
381: 7,8,55,109,117,142,148,191,206,311,358,434,459,510,520,548,610,688,700,705,706,709,710,739,762,768,784,846,883,963,7,7
382: 25,32,68,73,74,102,119,158,251,272,323,336,353,411,415,427,482,489,530,539,593,600,637,656,662,676,681,751,849,884,904,914
383: 34,66,89,92,98,160,170,217,233,241,265,274,282,286,345,377,380,397,402,518,586,635,639,659,669,686,716,793,816,818,879,893
384: 29,74,103,119,168,228,251,323,336,365,415,447,452,482,523,539,580,656,681,749,805,866,930,936,952,994,29,29,29,29,29,29
385: 15,55,117,125,184,187,191,201,311,313,348,352,355,366,395,434,450,508,510,517,520,548,610,692,694,705,706,710,739,750,762,912
386: 18,21,86,131,147,164,176,189,227,280,299,318,319,342,389,390,408,476,492,525,554,643,661,707,708,745,750,755,779,801,811,823
387: 13,40,49,75,100,122,128,162,203,220,240,255,333,376,386,416,444,467,485,486,488,558,569,601,638,744,803,926,996,13,13,13
388: 8,80,109,131,147,148,184,259,280,299,311,318,342,348,389,434,469,492,689,705,707,708,740,750,755,784,788,801,824,846,847,857
389: 19,43,67,79,83,143,154,192,197,234,242,281,317,401,419,442,451,455,507,534,547,563,571,595,623,624,626,632,683,697,820,835
390: 34,66,89,92,98,106,144,157,160,170,217,233,241,265,274,286,316,377,380,397,402,448,463,473,518,586,635,639,659,669,793,818
391: 18,21,39,41,79,86,87,131,147,164,176,189,280,281,299,319,389,408,626,634,648,661,707,708,745,755,757,779,811,823,847,853
392: 2,54,76,90,95,137,145,150,239,250,308,339,340,362,363,383,393,421,436,480,484,561,589,590,594,605,622,698,719,742,769,781
393: 10,38,93,123,126,153,198,215,231,284,293,297,370,406,426,432,438,464,509,562,628,633,641,642,644,654,667,731,799,806,878,894
394: 10,23,268,288,298,344,346,418,430,521,553,607,627,633,655,663,678,693,734,758,797,851,924,940,967,995,10,10,10,10,10,10
395: 44,60,125,130,136,165,187,191,201,261,276,292,313,352,355,366,395,450,476,504,508,587,592,610,616,666,668,696,780,912,1010,44
396: 43,48,54,115,124,127,211,229,410,455,495,507,534,557,563,583,623,665,683,697,856,896,937,990,43,43,43,43,43,43,43,43
397: 40,96,118,122,128,169,205,256,290,310,337,354,376,413,456,465,479,485,490,512,545,584,636,638,650,702,704,714,736,744,786,803
398: 5,22,24,85,114,135,172,214,237,296,338,341,369,384,506,519,549,555,614,647,674,690,709,737,777,789,836,837,845,970,1017,5
399: 13,40,70,96,162,169,195,203,376,386,388,416,456,488,545,558,567,636,638,704,714,744,765,803,821,825,828,863,890,919,968,13
400: 10,93,116,132,134,139,153,178,284,297,301,326,350,423,513,537,553,560,562,641,667,673,684,734,797,865,894,909,940,945,10,10
401: 8,80,101,109,113,131,133,147,148,259,299,311,342,348,389,434,469,471,492,552,689,700,707,740,768,784,788,801,814,824,846,847
402: 29,152,168,236,365,447,452,523,580,749,805,866,930,931,994,29,29,29,29,29,29,29,29,29,29,29,29,29,29,29,29,29
403: 44,47,60,81,130,136,165,212,261,276,279,292,295,303,309,329,355,359,395,450,535,538,582,587,616,620,666,696,747,748,767,817
404: 27,35,36,57,61,72,77,118,167,205,225,230,245,248,266,273,301,379,413,466,477,481,494,496,541,584,631,664,682,771,785,786
405: 27,35,61,64,72,77,120,134,167,178,225,230,245,246,248,266,273,301,326,379,405,423,458,466,494,496,499,503,541,560,664,673
406: 35,64,77,120,134,151,167,175,225,245,246,248,266,270,405,428,458,466,496,497,499,503,541,602,673,701,737,771,783,795,869,872
407: 15,55,117,125,184,187,191,201,311,313,348,352,355,366,395,434,450,508,510,517,520,548,610,692,694,705,706,710,739,750,762,912
408: 0,17,36,61,72,110,118,128,205,230,256,273,310,337,354,379,412,413,465,477,479,481,490,494,512,584,631,636,642,664,682,702
409: 39,43,79,115,127,143,192,211,229,234,327,401,410,442,451,455,495,507,533,534,547,557,563,571,583,623,632,683,697,881,896,937
410: 0,17,110,123,126,153,198,215,256,293,310,337,370,379,406,412,432,438,460,464,479,481,562,628,631,642,650,654,682,753,786,802
411: 14,33,78,83,180,197,202,208,262,267,304,306,324,351,419,425,505,522,578,588,604,645,712,717,725,726,813,820,835,906,916,932
412: 14,33,78,83,154,208,262,267,306,324,419,425,453,522,604,687,717,725,726,813,906,916,932,973,1015,14,14,14,14,14,14,14
413: 29,103,152,232,236,360,365,431,491,577,617,759,805,866,885,930,931,29,29,29,29,29,29,29,29,29,29,29,29,29,29,29
414: 12,45,52,58,113,138,180,202,304,353,375,449,470,471,498,516,531,544,552,568,576,591,653,662,723,791,814,870,884,889,914,915
415: 15,125,191,201,292,313,331,352,366,395,504,508,592,613,668,671,692,710,715,780,841,920,934,941,966,975,980,1005,1010,1014,1021,15
416: 1,15,23,50,121,159,173,223,258,331,332,356,357,433,502,517,627,652,655,692,694,706,715,832,843,946,966,995,1005,1013,1021,1
417: 44,60,81,125,130,136,165,187,201,212,261,276,292,309,313,329,352,355,395,450,504,508,572,582,587,592,616,666,668,696,747,780
418: 6,23,56,121,204,243,258,277,288,298,344,346,418,430,433,435,521,627,655,663,678,693,715,758,772,797,827,832,850,851,858,957
419: 44,47,60,81,130,136,146,212,276,279,292,303,309,329,347,391,394,475,572,582,587,620,666,695,696,764,767,815,817,829,864,888
420: 18,19,39,79,87,127,164,176,186,189,224,234,281,327,371,455,495,507,533,547,554,563,571,626,632,634,648,661,745,779,811,881
421: 20,26,140,182,218,221,226,247,260,287,295,325,328,349,361,371,385,403,468,538,564,579,581,649,685,733,748,770,790,826,844,848
422: 42,65,98,111,172,196,213,254,282,300,307,367,380,437,454,474,524,549,603,635,647,686,778,792,809,818,860,935,938,950,974,984
423: 5,24,59,62,65,114,135,172,213,237,296,338,341,369,384,501,519,526,576,614,647,674,690,699,713,837,845,902,915,921,970,992
424: 8,55,109,117,148,184,187,191,206,259,311,348,366,434,469,492,510,520,548,610,688,705,706,710,739,750,762,768,784,846,883,912
425: 4,49,75,104,122,177,220,240,255,275,291,320,330,333,374,440,486,511,566,569,575,601,611,629,670,766,834,839,910,926,977,989
426: 1,15,50,55,117,125,159,173,191,201,223,313,331,332,352,366,508,517,520,548,610,652,671,692,694,706,710,739,762,843,963,966
427: 78,168,364,378,382,445,472,493,539,656,687,717,727,812,918,952,994,78,78,78,78,78,78,78,78,78,78,78,78,78,78,78
428: 70,91,100,105,155,195,203,305,312,333,334,368,376,386,388,399,444,456,467,483,488,527,556,558,565,567,619,732,756,775,794,822
429: 28,46,63,97,107,129,156,219,263,269,321,372,443,478,515,551,559,609,761,763,854,873,905,922,1020,28,28,28,28,28,28,28
430: 32,74,119,168,251,323,336,364,365,378,382,427,445,447,452,523,539,580,600,656,681,749,812,866,904,936,952,994,32,32,32,32
431: 19,21,39,79,87,147,176,189,234,281,299,319,408,571,626,634,648,661,707,745,755,757,779,811,820,823,892,972,976,1012,19,19
432: 11,103,152,207,222,232,236,244,271,360,431,491,577,580,617,625,672,759,805,855,882,885,917,930,931,1003,11,11,11,11,11,11
433: 9,46,107,155,193,216,219,263,264,269,321,399,429,441,443,478,487,515,527,550,574,599,619,651,677,679,735,763,782,794,819,859
434: 5,7,8,22,24,59,85,101,114,135,172,206,214,237,296,338,341,358,369,384,506,519,526,614,674,690,700,709,837,845,902,921
435: 35,57,61,64,72,77,167,175,205,230,245,248,266,458,466,477,496,497,499,503,540,541,658,703,783,785,795,869,928,977,982,989
436: 1,15,50,121,132,159,173,190,223,235,258,314,331,332,350,356,357,459,461,502,513,517,627,652,692,694,706,715,762,832,843,946
437: 3,31,69,106,144,181,182,194,233,253,285,289,316,409,462,463,585,598,606,675,680,728,773,861,891,908,925,947,978,988,3,3
438: 22,24,85,114,135,172,213,214,237,252,296,338,341,367,428,497,506,549,555,603,614,640,647,658,674,690,737,777,778,789,792,795
439: 20,26,186,218,221,224,226,260,287,325,328,349,359,361,371,390,525,535,538,554,564,649,685,733,748,770,790,826,844,848,862,876
440: 7,8,85,135,142,206,314,358,459,506,510,519,555,674,688,690,700,709,720,739,768,845,846,883,963,970,7,7,7,7,7,7
441: 100,105,107,155,195,269,305,312,334,368,372,399,429,478,483,487,515,527,556,565,574,619,679,732,756,775,787,794,822,859,875,890
442: 71,85,117,142,151,159,190,206,314,358,459,461,506,510,555,602,674,688,701,706,709,720,739,762,843,883,960,963,969,71,71,71
443: 69,89,92,106,144,157,170,181,217,233,253,265,316,373,377,397,402,417,439,448,462,463,585,615,630,639,659,672,728,793,833,852
444: 109,131,148,184,187,191,259,311,318,342,348,434,469,476,492,520,548,610,705,708,710,739,740,750,755,784,801,846,847,857,912,971
445: 64,116,120,132,134,139,173,190,235,297,326,350,356,357,461,502,513,537,553,560,673,684,701,734,865,909,946,960,969,995,64,64
446: 21,41,80,87,131,138,147,176,189,280,281,299,319,375,389,408,469,471,492,531,552,568,634,648,661,689,707,708,740,745,755,757
447: 6,23,50,56,121,129,204,243,258,277,298,344,430,433,435,613,655,715,772,827,850,851,858,873,941,957,1002,1004,1020,1021,6,6
448: 6,23,50,56,121,204,243,258,277,288,298,344,430,433,435,627,652,655,663,678,693,715,772,827,832,850,851,858,957,967,995,1002
449: 28,46,63,107,129,156,204,219,263,269,321,372,435,443,478,515,551,559,609,735,761,763,772,854,873,905,920,922,941,1002,1004,1020
450: 25,68,73,74,88,199,272,274,286,345,373,377,398,400,427,482,489,518,530,586,637,662,751,776,800,816,879,893,927,936,965,25
451: 2,54,76,90,95,137,145,150,239,250,308,339,340,362,363,383,393,421,436,480,484,561,589,590,594,605,622,698,719,742,769,781
452: 24,42,62,65,98,172,196,213,237,282,307,338,367,380,454,549,603,614,647,686,716,778,792,836,860,935,938,984,1017,24,24,24
453: 6,23,56,121,204,243,258,277,288,298,344,346,418,430,433,435,521,627,655,663,678,693,715,758,772,797,827,832,850,851,858,957
454: 14,33,78,180,208,262,267,304,306,324,351,411,425,445,505,522,578,588,645,687,717,725,726,813,835,916,918,932,944,973,1001,1016
455: 44,60,81,125,130,136,212,261,276,292,309,313,322,329,352,395,450,475,504,572,582,587,592,666,668,696,760,780,815,829,841,888
456: 1,15,50,55,117,159,173,223,235,258,314,331,332,356,357,366,459,461,502,513,517,652,692,694,706,710,715,762,832,843,946,960
457: 34,66,98,111,141,196,241,254,300,307,380,402,437,454,473,474,524,543,635,639,669,686,722,809,818,840,877,938,950,993,1007,1009
458: 70,91,100,105,155,195,203,305,312,333,334,368,376,386,388,399,444,456,467,483,488,527,556,558,565,567,619,732,756,775,794,822
459: 152,207,222,232,236,431,480,484,491,577,596,617,759,774,781,882,885,152,152,152,152,152,152,152,152,152,152,152,152,152,152,152
460: 5,8,12,45,58,59,101,113,133,369,375,387,449,498,516,519,526,531,552,576,591,653,699,700,713,788,791,814,824,889,902,915
461: 3,26,31,69,144,181,182,194,285,289,385,403,409,462,463,585,598,606,675,680,728,773,861,891,908,947,988,3,3,3,3,3
462: 10,93,116,132,134,139,153,178,284,297,301,326,350,423,513,537,553,560,562,641,667,673,684,734,797,865,894,909,940,945,10,10
463: 52,138,180,202,304,351,353,375,411,425,470,498,505,516,531,544,568,578,588,591,712,791,870,884,889,914,933,944,1001,1016,52,52
464: 26,84,146,179,182,279,283,285,287,295,303,328,361,392,403,409,538,581,675,685,721,764,767,773,808,817,844,891,897,988,26,26
465: 82,96,123,126,185,200,249,256,293,310,335,368,396,407,432,456,460,490,500,509,545,573,628,650,724,736,741,752,796,804,806,867
466: 44,47,60,130,136,165,187,212,227,261,276,292,313,329,352,355,359,395,450,476,535,616,666,696,747,780,848,864,912,948,1010,44
467: 16,53,56,112,185,193,204,216,238,294,335,344,381,404,430,441,457,528,532,536,542,550,573,651,679,729,735,772,819,827,850,858
468: 34,66,89,92,106,157,160,170,217,233,241,265,274,286,316,373,377,397,398,400,402,439,448,518,585,615,630,639,659,793,818,833
469: 26,47,84,179,182,218,221,226,260,279,287,295,325,328,349,359,361,403,409,538,581,675,685,733,748,817,826,844,848,862,876,886
470: 13,49,70,75,100,122,162,195,203,240,255,305,312,333,334,376,386,388,444,467,483,486,488,511,558,567,569,638,670,732,744,803
471: 34,66,89,92,98,106,160,170,196,217,233,241,265,282,286,377,380,397,402,437,463,473,518,586,635,639,659,669,686,793,818,861
472: 37,97,108,174,188,209,278,309,322,347,391,420,422,446,475,504,514,529,551,572,582,587,621,660,695,718,743,760,815,829,841,874
473: 2,54,76,90,95,137,145,150,239,250,308,339,340,362,363,383,393,421,436,480,484,561,589,590,594,605,622,698,719,742,769,781
474: 12,45,51,52,58,68,73,88,102,158,199,353,387,449,498,516,526,530,576,591,593,653,662,699,713,723,751,776,791,800,870,884
475: 19,43,67,83,143,154,192,197,208,234,242,306,317,401,419,442,451,453,455,507,534,563,571,595,623,624,626,632,645,683,697,820
476: 10,23,268,288,298,344,346,418,430,521,553,607,627,633,655,663,678,693,734,758,797,851,924,940,967,995,10,10,10,10,10,10
477: 70,82,91,96,99,105,155,169,183,195,203,249,368,376,388,396,456,483,545,565,567,736,741,756,765,794,821,822,828,838,868,875
478: 71,120,142,151,159,173,190,235,246,270,314,326,332,350,356,405,459,461,499,502,506,537,555,602,673,701,720,762,843,883,960,963
479: 10,38,93,123,126,153,198,215,231,284,293,370,406,426,432,438,464,509,562,628,641,642,644,654,731,799,806,878,903,945,949,987
480: 10,38,93,123,126,153,198,215,231,284,293,370,406,426,432,438,464,509,562,628,641,642,644,654,731,799,806,878,903,945,949,987
481: 16,53,56,112,185,193,200,238,294,335,381,404,407,441,457,528,532,536,542,550,573,607,608,618,651,691,729,746,752,758,858,901
482: 94,104,111,141,163,196,254,257,275,300,307,343,437,454,524,575,603,657,730,738,754,766,809,877,898,935,938,950,993,1007,94,94
483: 55,109,117,148,184,187,191,259,311,342,348,434,469,476,492,510,520,548,610,688,705,710,739,740,750,768,784,801,846,912,971,1008
484: 3,26,31,69,144,181,182,194,285,289,385,403,409,462,463,585,598,606,675,680,728,773,861,891,908,947,988,3,3,3,3,3
485: 1,23,50,121,132,139,159,173,190,223,235,326,332,350,356,357,461,502,513,537,553,627,652,673,832,843,865,946,960,969,995,1013
486: 28,46,63,97,108,129,156,174,263,321,372,443,478,515,529,551,559,609,761,763,841,854,873,895,920,922,28,28,28,28,28,28
487: 10,38,93,123,153,231,268,284,293,302,370,407,418,424,426,464,509,521,573,607,608,618,633,641,644,654,667,691,731,799,804,806
488: 64,71,120,134,139,151,178,190,225,235,246,248,270,301,326,350,405,458,461,466,496,499,503,537,560,602,673,684,701,783,865,899
489: 64,71,77,120,134,151,167,175,190,225,245,246,248,270,326,405,428,458,461,466,496,497,499,503,537,541,555,560,602,673,701,720
490: 29,74,103,119,168,228,251,323,336,365,415,447,452,482,523,539,580,656,681,749,805,866,930,936,952,994,29,29,29,29,29,29
491: 64,71,77,120,134,151,167,175,190,225,245,246,248,270,326,405,428,458,461,466,496,497,499,503,537,541,555,560,602,673,701,720
492: 18,21,86,131,147,164,176,189,227,280,299,318,319,342,389,390,408,476,492,525,554,643,661,707,708,745,750,755,779,801,811,823
493: 78,324,364,378,382,445,472,493,522,687,717,725,726,727,812,916,918,932,952,994,78,78,78,78,78,78,78,78,78,78,78,78
494: 10,38,93,116,123,153,198,215,231,284,293,297,370,379,423,426,438,464,509,553,562,633,641,644,654,667,684,731,734,799,806,878
495: 69,84,144,146,179,279,283,285,392,394,403,409,463,543,581,620,675,721,722,764,767,773,798,808,840,891,897,942,964,1009,69,69
496: 22,77,151,167,175,214,246,252,270,338,428,458,497,499,540,541,546,555,602,640,658,703,737,777,778,783,785,789,795,836,869,872
497: 25,68,73,74,88,199,272,274,286,345,373,377,398,400,427,482,489,518,530,586,637,662,751,776,800,816,879,893,927,936,965,25
498: 28,46,63,97,107,129,156,219,263,269,321,372,443,478,515,551,559,609,761,763,854,873,905,922,1020,28,28,28,28,28,28,28
499: 78,324,364,378,382,445,472,493,522,687,717,725,726,727,812,916,918,932,952,994,78,78,78,78,78,78,78,78,78,78,78,78
500: 27,35,36,57,61,72,77,118,167,205,225,230,245,248,266,273,290,354,413,466,477,494,540,541,584,631,664,771,785,786,802,807
501: 41,80,131,138,147,176,189,202,281,299,319,375,389,471,531,544,552,568,634,648,661,689,707,712,740,757,814,823,824,933,972,991
502: 70,82,91,96,100,105,162,169,195,203,305,312,376,386,388,416,444,456,467,483,486,488,545,558,565,567,638,714,744,756,765,794
503: 2,54,76,90,137,140,145,150,166,210,247,250,308,340,393,468,561,579,589,605,622,649,698,711,719,742,769,826,831,907,929,943
504: 81,84,146,161,279,283,303,309,391,392,394,422,475,620,695,721,722,764,767,798,808,840,888,900,942,959,964,993,1009,81,81,81
505: 81,84,146,161,179,279,283,303,309,391,392,394,422,475,543,620,675,695,721,722,764,767,798,808,817,840,888,897,900,942,959,964
506: 36,40,49,57,72,118,122,128,205,256,290,310,337,354,413,465,477,479,485,490,512,545,584,629,631,636,702,704,714,744,786,803
507: 17,27,35,36,72,118,178,198,205,215,225,230,245,266,273,301,337,379,413,423,466,481,494,562,584,631,642,664,682,753,771,786
508: 60,125,130,136,165,184,187,191,227,261,292,313,352,355,366,395,450,476,508,592,610,616,666,696,747,780,864,912,948,1010,60,60
509: 64,71,120,134,139,142,151,173,190,235,246,314,326,350,356,405,459,461,499,502,503,513,537,560,602,673,701,720,843,865,960,969
510: 7,8,59,80,101,109,113,133,135,148,206,358,434,449,469,492,510,519,688,690,700,709,740,768,784,788,814,824,846,921,970,986
511: 20,76,137,140,166,194,210,218,221,226,247,260,308,328,340,349,385,468,561,579,649,685,719,733,742,790,826,862,886,907,943,954
